408440970
-1461942517
559790657
-629352426
-201511510
310152036
1123866788
-1448846906
-1182533213
1812083172
168750193
2034955760
248762721
-1909043566
1245672409
715222071
29152790
-1560717275
-1401975913
-1124263673
-2005491565
-1607992631
-1567325083
2094256125
-717089320
-1729129694
-823796815
-1649379195
1199272173
2126566800
1478855568
1640124612
1541576179
1496262069
-2113346062
1600322232
195887733
1139761715
-1904775401
-603080802
525725443
-65984326
2109238081
1191474579
2086041089
230282817
-1073802325
847614846
-583478340
-363280494
-1924094279
2067758892
2132218813
952147468
280938352
-1193438788
2143731554
1963560100
1151590439
1515966012
569926057
-1579355860
-1640596354
-1685756268
967504975
269139416
44289679
-1730401630
1086360089
-1873971460
-164572316
1516586406
847432304
908708122
971295400
-1900417568
1387991603
-433915108
-986253920
-1803490697
-1964290616
2102247645
308597083
861934493
2071060596
2027893229
1555382312
1153642735
-1070322451
-1444026219
-1153411513
1791482401
235967276
7834904
-400900636
-1770766886
-1592658042
-1591914180
775874112
1884877532
812394237
-550625272
125661745
102512487
367635667
-256014898
-1168008756
1584349919
803794272
552768619
227373919
-1714123348
-124806619
1168787404
1709004709
195572577
1740165920
1966943925
1306580276
-1706437857
412322145
-1880073283
455796538
-1185312197
1294726876
-1835670884
-1075682456
1542464798
1383350145
-983472727
-1609116883
1490289261
1410174857
1731819421
-1175639001
1445733481
1364478739
722916764
-1996809258
2136145047
-498654482
-1232159370
-1352738158
-59605598
738861752
-826940375
-1249068610
2059165568
2000948263
1197330602
-1414864578
-1952448044
-1884974170
1619435236
1743188005
1536266387
-2133896669
-1829015808
-1145539405
1141657321
-1832615897
-273677081
-1312919682
850668637
342216230
-103130108
-1776986642
1461258291
-1638863336
573256526
-957986835
870336273
-382295480
-566962811
-1714983713
624926436
293758315
1648337339
-1081037872
-402768636
2085355507
-1447028715
-1429785876
1205840533
1748803237
597323474
2012578355
481170224
1033256552
-1348734068
-1972572820
1213190595
-1272610464
-766329666
-2042050214
-928094283
30622011
267415430
156940333
-739032499
705458890
913120683
-1289041605
-1358892460
-1165218093
1055621088
-676503569
-1286227464
1585247269
380637257
-67365375
619615474
-1566345493
-1794062017
-948040473
-930078997
-1919512251
-1378120624
-373333365
21822491
-1557321452
1527608713
218021181
-545806285
-209445099
362127094
-227335446
1705496445
-1316250831
394401897
1723568014
676959808
-869512686
580786042
-1374880026
-1003523480
1292525561
-2123062321
533388650
-867861658
167081166
1310409629
-478079878
1066357845
259100024
1583115374
-1930025513
673715293
884401774
806468644
-713094572
1141756252
2034979726
-1090896323
-47855668
-499601214
724650285
-1084669608
-1043402154
60269244
-1076501906
-2106687241
345607351
997927828
-1297581865
60860293
964164632
1352195927
1742446881
-1019253605
834142968
-1252494409
-646405810
642962302
-753207453
767921203
-437537791
-700363284
-914446237
1636803700
851488009
-680605929
-1138055497
1261681914
1370280766
-812459279
-1596136254
-117330441
-629406832
-878395990
-655629882
-1821817733
2000974172
371169142
1736692817
605654480
44406785
-1320527725
1986496503
-583076569
923546035
1784301962
2146755136
903026547
-2093070450
1509415860
213402340
-776244844
823111406
-383681025
-1344720075
-123581256
-2007988227
-18843150
861804764
390565118
789352845
7406
183230407
314394203
38495783
1983361461
-1266561182
-572638271
-1662060957
-63173072
-1442775292
-175461251
-296823687
-399132308
-1622008405
-98954272
-1526455016
-630919707
-1493991188
1110884129
-448575114
311229447
1424273188
-683516543
844994215
1079300337
1703139571
196144816
-1579766222
1902290299
-834341397
-1430670481
824069089
399841658
1752266883
1687422070
1454939353
-1256439998
-979710639
2104505239
-508791831
341400428
-782689928
901438242
-1078989018
-996909864
-7148450
-767869045
-117349705
-1971171083
824301730
1887676234
-782000916
730355775
-1384961971
-365638398
-1785604203
1683676937
2114134086
1308872677
-856626543
1028726396
-1014724853
-360429994
-980905052
-1451152929
-613588322
1924028111
1168697230
1681460248
717038012
1899166468
2018328664
112048497
1600103508
2083443016
1485782256
234936735
-405547209
2028871728
982623736
-62214656
670291723
-1250234251
-294368294
1717934116
-1389900155
-975675106
157233695
-536017777
-483654698
1801230814
1657052161
-1732657733
-802829979
2009923514
-572600770
-1446909085
1649034687
-1577676818
1382521390
-1578941954
1175799499
-927562479
1356138007
-1748883831
-247622590
-1174033801
-1488476480
-732902775
527922525
1876623830
-636715453
331187280
-236102193
-354377941
777876519
263710590
-194906635
-1656758562
-1121404242
-456105526
-1435635125
1417173540
660125034
1454268418
-679514590
42417572
-1432668906
-1475002544
1281867151
-757406116
1178606754
-596603202
-1331696986
-387389242
2025112463
-1121688325
-79998488
-1426397642
-1868387971
-580465057
1392710137
-433531771
504188673
1345558316
-39042411
-1631740940
1496598460
-1791232490
1053173445
1554853705
1136384424
-272114940
1461505613
-191790530
1575992757
1838605848
-1071654296
-1793719781
1528354196
673925869
-1146857034
-2062584671
-1239946543
281617439
173272949
-369598166
537185063
-216466673
831175151
-278370291
-827173361
1678018535
-7820237
815737927
-705867878
1716579803
-1175302393
-1415466153
760548480
-1930823758
-1847059172
1140023144
1527401335
-268035964
163245699
-807278667
308400073
243479749
230106975
1491989288
1653444896
-1671923839
-1293443620
72366404
1560843428
-1174816791
659319647
-1909109435
-1010908345
1397568269
504438015
1330149254
1152078175
-1482908182
1527838514
-87539423
-784495756
-1158229081
1521434827
434476508
-1803740069
-1392008165
150260003
1507369027
417603715
1841268370
474160534
186958864
393648782
-847432495
-1207885263
1412913875
-1039917789
-2130218410
833356201
505616078
-872825343
-238713885
435333262
1374957601
-50878888
-326558915
1664171967
-1506295770
1203688531
-853230799
-1174054368
-1324159202
-1673469447
1060493271
-351614582
-907225076
1843717429
893007642
-1118023933
947406561
-55460558
847009143
-1418552786
1545123032
977232108
1524290308
-1095807996
-1603262685
-682228988
422259891
-595005244
-526789689
-298115373
1110984151
-1708645080
342864067
1964622528
-614365721
731208409
-126398088
1559538646
-1863872894
-241569757
-1544243644
23463568
759156147
745443052
1734865519
1834608887
1217949813
1283196642
-1297822646
1714280942
-230000263
-1928128781
1661057941
712047052
1301282854
-95233534
-1710364127
824549419
1269881824
-1296250154
-501998922
-484539649
-1472708724
1232114518
-643130826
2132720361
-1544943276
1190730483
820944641
-335202099
1230424743
926386276
1678490267
-809402207
643419267
-1030739303
630604172
-1890009720
-1195600906
2051570921
-766915193
-249593057
1978641121
860142221
-315933234
-1749168107
2122363135
-1438206639
-1994401324
-405264895
569506085
1354163080
-1845396957
-1399731601
1192769226
1411111231
626121600
-708213445
1281818570
1945346230
137199692
1731424290
-1159911834
-52058613
-683621332
1720167317
835596175
746269240
-997718548
-1574499120
-1042912925
1895264575
-1345451104
907286827
-971282953
-53993565
-1603664628
70247088
1959976535
1067023130
1123078213
-74475028
1730560458
1067549311
312698007
850979082
1294562650
-277868275
1855883177
-18846691
-1191213166
1455521994
-1804717857
1747376828
1018190985
1253343296
-2031534337
-2054768941
484349471
177934194
1600152598
1676514488
935148678
497670158
-1569363044
1880707196
-677844220
1917342942
-1885454634
-880622461
1665172726
-453542780
1151945595
925160791
-388647145
-773069978
466563226
478668472
-1991390974
886278374
758633914
-748220937
-932216075
-1659976746
43470914
1103467907
-1365038121
354877995
-1494664421
-492788284
-1145707653
835014640
-2087230317
-1244518617
-1543381722
706075004
1237513860
-2022231687
947994190
-257631002
943029429
-545416071
912893348
1133821625
-957256321
404850087
-666198444
215234020
1722816691
-44245150
831095691
-638139660
-15392581
-1395106511
-1313236935
-826218876
-130162178
-2029104800
-1074309352
278711027
1440050313
71651278
-1957019925
188962135
289141739
1678879237
-721379573
321966514
-270870177
23730315
1047341087
1077653091
1756148784
-1186126473
874923306
85392095
1251146841
1002056774
-855408438
519151008
579418987
1469711087
1519745725
1174304093
1734338483
-1218404300
584659368
1270929786
514280859
116544314
120562963
-2118373951
-1776997552
-521379749
882840504
-1042514606
1681253029
52041531
1576229372
-589737768
-991664842
1423750681
900150461
-1724697603
-1877852464
-2249113
-1411879858
-1837130209
505111056
-792191333
-400217153
-474074557
-227042487
-197159609
-1603205023
-2085778871
-1504326229
-384339609
-1602978424
-154861215
1456168608
-1120963591
1793187986
-1965280835
-2147191943
-1014016301
1880559912
-1142941304
1183311177
1638169776
-2013042237
-494855402
1936461585
606211723
291353714
-1799074724
-158868963
1664424496
935208921
-1877620319
1551740077
-1899788785
-1729318788
-199164043
-197910826
260435538
2146699837
-1869668382
707434922
507100978
-1500615133
219887329
374752406
942284934
1535694940
1986957839
756409611
-182221156
-888788347
-500207712
730960993
265223244
878423591
1154951315
-1916440585
-609256887
483703684
-1954264537
1589946270
751624122
256084116
-1773120883
-457929161
-1312989175
-2111740854
-1007156002
1339396250
-629704199
-513744357
-1994356658
418002617
-630993922
171489728
-1418541406
1839895301
-205039160
1582718777
2120859103
-604716017
-1424746720
-850159851
877115715
877751410
2067188728
792365808
1953604985
1416447217
903259580
764944957
-525405177
-1869140773
82577902
-363551931
-1480605174
-899392330
2069462513
8839279
1285699109
-795697380
-779438044
1408660929
838551991
1935324127
785067570
474340006
2141614411
920863091
692499623
1761954801
-1867327404
-844695411
-1162083385
8114722
692855833
2091306503
538064282
1946413031
1501032942
1433104134
595562827
-693271324
-1167031132
1281839966
1828796338
-173043530
-470264510
-1082322380
-1194818257
-766574027
-997623052
109305060
1748778169
2055352057
1577000515
1356743717
1165545526
217779999
663120774
-304764053
-1810081268
-1901364915
-1870153577
1538199180
-1847583753
1468177138
1578095050
831782310
1330288413
-497864494
-1739808229
1689580351
-1713204897
482755521
-1490048346
666396844
1862048753
1479962030
-142869157
-153334601
-842928340
1603005155
-475222287
1902493819
-1985433694
686947210
-1317276645
-1269481837
293793906
281172338
-1130209799
-1324117901
-1412757794
2106312211
-1796675119
-953272811
-198638822
2011493583
270522366
-260037673
160850534
-468888198
1933016615
1838021283
-985510306
728859420
-1344829260
-760537520
27917712
-918463755
-928751746
-1094073
-998373041
597819328
891920837
878355561
1848036550
-1293529797
1113320806
2046828080
-1538842289
-975405081
219374925
-336784364
-759297019
1307055372
-1543263449
1090929455
-40030057
1670063872
-439533476
-277263069
1871912287
-2072852057
-921730500
-1662266821
547734706
-1957811395
1461826936
1182763472
-1576355975
-1208976046
-510864173
458554605
-491784960
-1212552682
-171501800
-760428747
1172399118
-347858474
-1790091186
-564035067
-1482405580
1527975110
21369386
695385557
-98349462
567495936
1805381572
-1426346525
-367333417
62569676
-2093545331
1853254162
1189044719
2016511266
-1327178112
1691806478
-225295165
1497163884
98581400
1561797812
-1582319469
-2088895089
385641089
-2004884815
1132439464
-30238932
-8468846
1972390760
946952544
1422318370
2012010233
505425177
2100601482
-144028073
-1362859721
-1871218370
986007283
369318072
1987469007
-1848143304
567435329
352879997
1817453113
-241610965
339009022
-1770585167
850065181
-657663451
-1362791689
-23975183
1682414013
1366740101
-1441561657
1150290035
-330309198
1280847258
-159126866
-283953078
1107778522
988100490
964142246
59936487
938413968
-1360460171
-2105033800
-489466142
-1744837858
-2003659303
-488308085
61023994
1589793647
-527847369
180319549
-196438950
-1275235576
-999246602
1250055029
1124222238
-1662884807
-484288376
-1125169224
-364370156
540590735
-1454849333
-185323524
-1484075322
878948236
-253907023
599546746
-2055388488
1214150297
217675298
842486216
-1345997075
-1219822533
-1856956128
-94603482
-270664528
-1726255995
136431404
2031362583
-1826313584
2105793741
-867537944
522450483
-863354709
-134753118
1178220541
252024891
1228262703
-146607620
-748338370
611061614
-885992163
-1601495883
123645197
-1179817958
1474463056
1870527800
-1110843651
-1265931403
1310617534
1263708791
-2092247624
3113133
2030786812
-580664542
1001886755
450562876
-1502946809
28665365
189473983
873388673
538106432
-1761755631
2042416466
-922648948
-1510595144
704517294
2133088453
308647481
-1473666130
308650128
-977364144
-1661048193
-886574763
626426585
1731433683
1334995721
2087544025
1714989022
-365832825
28336134
379763876
1359839004
1279854805
-927636163
-617808164
-449659284
-1641559419
-1060175261
-1352839888
1538368630
-1275123173
1737880752
-303845164
68906595
-619675523
-2104263249
-707517751
-1513425706
2123398105
-20165803
-809675679
-1267817444
1666483653
-2071376555
1262812162
-717405279
1097721767
-2058875982
-994727382
-2123677531
1193824598
104944277
1042705074
-643993552
-1609062911
562972512
1403303510
141655107
-1086639281
1205943042
21854324
1594060879
-1829062968
1716047244
768224531
-656729878
1193530738
-1144441084
1332960038
337849024
39119295
-83834503
-827724014
1656186055
2074889126
969539671
-1592968850
934683062
425817871
-1390497540
-2025089527
1595215031
-480267149
-1750781814
648544048
-1736446630
1011886019
-1903590657
942608688
130268877
1912301961
131196802
1312440857
-1837660598
-1714876851
1484740094
1434997189
-2018009904
1235599417
79675892
1444820504
-1696636907
-419508481
-1031719283
-241956984
1215856314
-150185478
1544691694
1420145119
-1672064064
-208570221
-563325489
1897360703
608634170
667682022
579713870
1199194982
-1154786748
1757670564
-736458752
1046291763
266435635
-1530647494
-156070327
842749033
427693837
902158386
-2010901779
1195451825
-2112713413
741857498
-46396954
269246181
-638176644
-518767582
-761475977
1394455947
-1166818787
-1579269686
1879153793
1610953119
-283409305
892503484
-337213164
1168865428
202233687
-314250058
1827768393
1622557853
1016663700
-2059520213
-1628251570
874941480
2076237469
-920297877
-266335807
-1556931158
787793729
337584129
-1584521918
-901074015
1436430676
-1198498981
-1994076606
2052375766
897987487
-11131472
747493665
-587688733
-677498088
1360050206
1765849720
-282703628
2041958994
1823251473
-1896059470
815138001
-1285823434
187152875
-586809119
1336759323
-976267789
-1606013471
10228174
1769694165
-205503438
-725285085
561809490
562090022
-856641650
248993087
1767580131
-721417636
-960003005
-1281611833
-906190223
1038064436
-320870108
1979868208
747880050
972539224
-959837742
-545679875
-1724247493
557403176
298962986
-2095244004
1211153042
666067644
-1577893633
-554082673
-986094976
73074473
-1687457783
-1763648690
1091689066
1255558660
1775255324
1531007339
455707746
699556388
25713820
-1027126409
1732862394
663960746
1746941231
-1851735516
1566305754
-447194811
2123353269
857060395
-166923693
958524082
290501236
-2076714897
-2099998669
1255560066
878871703
-690434462
1953741466
-562043105
-1873824039
1292398759
892124813
399980304
405508221
1028861433
-2057571319
-1395756933
1922930049
1091734602
113372251
1731628523
1889390354
1319123503
101822894
-1210097325
784901954
-480357766
1617619941
-199247277
-647476232
-1148340696
-191824213
566439097
-1698902745
34971773
321746119
959396681
-1913951679
-1091708563
394087604
-899028287
-359611666
-1173411266
-810681744
-2084044521
880336633
283375722
-886558060
1219065092
2075869578
-2022888759
-2108435804
672059845
-2102887526
-1158824721
-1472103768
1849332512
-2082868830
-63855406
-1201951749
1581104548
-628373355
-777326928
-234192542
2021603125
-1250677231
803877679
-1085123488
-163470393
1875537872
-140129339
-618208313
-1205613975
274962020
2111138138
632410002
-86784379
-1695451357
-224530134
-1184596494
-370308762
1590456671
-1323056144
-1600471642
-1853788167
-1065399590
-1961372864
840219023
-1287130921
1389354872
1362503988
535040387
-514611582
-1737058250
1681049163
1104227424
-1251788306
-731783846
1509685645
117118820
-1912016573
-1300105236
2013763313
-1010465092
1911940833
-772991388
1322430467
374197082
1645423780
-906860380
1796321985
-975646197
-856465560
-777091288
1082725062
-1908834360
365653711
-601712261
-144383830
-2008023221
1321835841
-1796018196
292025255
2042090469
-1097991116
-83295103
1186040192
-2134653554
1794631853
1503663916
-60653411
-599524803
1420839941
-2063410884
811176058
428068986
-149904144
-1447830506
651174978
-1280159952
-343728965
-1037977820
-149439562
801193671
-1367855916
866326796
-833489324
1542733682
-1429038961
-427411419
1341893812
-2078641979
393396006
-641575386
1992670260
-402489719
1435929090
546392864
851208407
1784817363
1582529336
35802029
1449687402
1885834579
767860821
-1460248983
832795112
112979945
-1008833186
864695457
545951775
757371005
1366737938
-1040688566
-577605998
1332209679
204450673
930738484
964129185
1844082444
1104640897
844852095
149250791
-606615836
-205946545
1281227085
1349705443
685863128
545677107
265657785
-1842120487
1122450968
271297880
1851727623
1458419962
-445074164
1416011387
-1677179365
-1104127806
1800513521
-1420448525
1618485551
-833330783
1039702184
-1291217936
-1907606080
238031325
-1161886262
374741255
-356839991
1880665014
265352447
2583021
1675291699
-284192054
-2130555248
-1414983038
-1242532725
1171872698
-1210196423
-1864904943
924721653
-1836862962
1449332036
921157334
1207593312
1640577109
1696377298
612154048
774947578
-1022310768
1695305595
-1052060553
-408594714
-1984451887
-1584708327
-1852751457
-941997780
-1993551842
-1090853919
-767412386
-1714380559
1365045146
-1372857422
-1194427876
764339943
105787366
-217782095
196322697
-48687354
1389090500
879152661
1297641699
943649147
15266045
215263807
-1447922824
-2073086240
1848317061
474281997
1692740970
83786670
983343324
217108846
-708683598
1950564079
1008214454
205276985
1863304806
-841992137
-803948579
-1356078534
-302560194
288428244
676703318
881369486
659129940
974978116
-1872916030
118819376
-662408918
-1571429401
-56125433
-1924457517
1360732145
-2120082955
1873802799
323239665
1015812872
1153025969
-33649009
-1679196125
-1834487102
-1948218658
-134926037
-375673677
21148268
276231794
542449753
694690927
-1918541939
-1386812791
-544883805
-2015857473
-994631313
-1148651620
1071674609
280498426
1798843614
-1022344974
-1125878809
-1525892108
332509231
-1184001451
-1065972852
1899198171
1802107779
877763849
611870251
433916227
224160077
-771649542
1850477437
516060798
-1389835503
-781156557
1535583496
-1768229839
-1037672851
1296256663
-43277119
509752867
1342344797
-1642327094
837923320
1737958232
345244857
484778863
260636788
1527269470
1158598659
1419984280
-2106198563
-112944410
305045855
-539390598
974209370
-2078514539
-1598527774
-687771552
1333184890
-1492690148
-1039874546
927152098
547034199
872571781
56179357
-776185002
1888259576
549998288
720231805
-1485648763
1511543031
309242302
-1160112100
-1948490847
1264604515
1554549227
-452802587
719099510
-2123683353
-1551975902
-1815570935
1049226976
546544427
-1687300116
-505575550
-1339034500
-2076119686
-640666006
-325777068
1444511138
196512932
2139265636
930217237
-134571118
-44804571
1326457761
-2115335760
-1383033364
-208739962
-1750927496
-1584286619
-1451120283
695823107
1002209447
-1756166637
753761720
1311851629
126965858
510443705
29001433
-787156911
-468570961
-1818662598
834389360
-894481574
711735280
-2103334561
848140933
1373726707
895557057
-459551198
-792747401
-1470365648
595542276
565077545
1674365746
-819748370
-1136597191
41927824
1321343392
-1041696456
1403632914
-1345033237
1250415199
1890639084
-245395386
-1233476214
633862581
417202589
-1833676123
1388431614
1990745792
-2090305861
400865900
1570764764
-1958894095
-64138767
-584051750
1855017408
-905967941
1073949902
-1918691326
-1134041963
-1293832058
-1159309146
-524755742
485743890
120720105
-145101638
2056401589
467647367
-109558503
843649686
1907688069
1687458009
170059931
1703294138
1112179203
-709457974
-1181654207
1824256892
2129416346
923418237
114801747
-142736340
-142749247
681030713
-873731829
-177840519
-2003806064
-202911892
519009350
-519218158
1453717654
713408499
-1673564807
2054270608
-107999255
-1346518632
-1189096735
-78688366
2053365373
-215547173
1249307390
-701313239
55623353
-971066379
1231044929
-2046253962
-1857498297
-1539931623
-2019149309
-1648466798
-987349461
1308164860
-1548979783
277218221
1510225175
-896871273
-1119593626
-508984199
-1708882180
-539527893
-2037853616
14662088
271541988
-1369106555
-1804299530
-470221197
1629786110
-1109723261
-978137280
1791297406
-1053681926
-1912999210
577262072
612447353
1947630743
-713070071
1621550457
691077672
-1241983623
1768336833
-702287451
1261994854
-855958721
1132297285
-605649637
2024473670
-1149764907
-75214016
-1020248663
641612666
-2011253754
-94660154
1730659328
-1577800200
-1724588460
-1219828076
201510566
664283354
-1938872565
-327162213
-1244078032
-1622706811
-229679981
632727487
-30985041
-1930908659
-1543021818
-1563079717
-224292246
142854104
583380482
-866031608
-378342963
-1583390080
-1203110977
2035651615
-506711902
-51136259
1743555939
-649990533
-624016258
1516658435
908429460
-754280445
432054397
864240809
-933908913
742616167
710656561
-556928437
-665079049
2002287272
872094166
-728752464
-1130462287
-72941090
1007206859
1954087790
921046254
-224201163
-64440003
1119032204
-1881057720
1013011000
-388983259
-1521747863
-2083387502
1151318097
-296492429
-2111506211
-876434647
736503952
-969107317
1751133853
-819052144
1592250027
-934645008
-2136920604
-917177796
-720098235
-387251394
-1950481586
81995179
-157670541
-1918385059
434613254
-1387481926
775071099
-836330509
-1692439517
-1735337672
-199161378
556564250
1463854927
-1421960267
2050183576
-807850413
104669097
2093775520
1550637733
-2125579079
312721132
1759667856
-341162041
-446507399
1466453456
-1806258207
-415915898
-920061311
-664486480
-1080837757
606989688
2065701751
-512563092
1160086798
-1776954174
1379687404
-1668814192
-410293224
252771038
-643245615
1781038005
911973066
-2003817571
-1231110871
-1692407513
1300963249
-1029140625
-317587969
-52848953
-1954110255
-112037662
-24111717
-2057885133
-252369409
-2020583832
1002180336
1052492835
549402736
-918064035
-141120937
-284759018
764065676
-509691065
-2089252734
1428165165
1686366984
1028261470
-1903193942
-889337003
1095399987
2054893135
-1022360053
-1413338196
1835647119
-1685388228
157089937
-1504189667
-1272359006
436762887
1836268755
-1347289012
-755242482
637301968
672954176
1032486329
77571039
1830101691
589350551
-510001889
-1570450396
-2024557322
-1995527780
-133868259
-1589341248
923002106
-1786135544
2019808536
-2135259775
678736912
630933184
-779394210
1156711281
-1352781802
662642506
729667983
-1375187604
207110274
1645906556
983909176
1076530418
948092839
1962022518
-1572674880
628081214
-1061198793
-179396655
-2083577721
398192279
1357004552
730920472
1950795851
-2013589531
-1438265062
-541666442
2034514126
634896774
-1669595687
-2062869583
-1668716107
-654666142
1923440030
-970549674
-276173901
-1742962628
680309883
1124440118
-1076738330
1409800267
-1472425673
1179275280
589060992
977853705
-1751033705
1141549711
-1397315414
-838354614
-1372962593
1191444854
-136405596
-91002737
-1199570537
-1476523495
168581424
600181915
-191874158
-641091826
1462795056
-102725561
647552300
31457573
1053486222
839152530
282003154
-43005036
634110299
1196473596
-151964730
1139365750
1016961338
-1273590765
-1244878045
1980299894
-1932844545
467745101
549092639
-364245817
-56123246
795176728
-1130852208
-121224617
-1686330343
-2011641809
1158120625
1746199363
742213462
-1015775441
1711172389
503355276
-1713265588
184222569
-1252942277
18987531
-1114415576
1329694457
-1109772430
-422156638
-1107401377
1992022551
482339392
183547828
-827893229
-568711252
-1858124018
654763734
1482371259
-588421336
-60642681
98059462
-1629356799
-1220503662
-1195090670
-822788965
-161937682
-115206176
1054123676
520607294
439782980
-1124487032
-1870210406
-453153768
1799086122
-1237507498
-2081120178
1932101644
-692018418
14569088
1471609672
-125494361
722238662
-135574537
1772673071
-659781738
1076000504
-1802895873
-641785407
-59627944
-457980484
-956432383
48144919
268586547
304469119
-1493108064
861418541
-1041170836
-755909334
1554167305
-499643999
-145183823
845254018
-261653105
-1105393477
-1078665254
-837681455
1303423094
-1709603155
-962944816
1860535238
1189370894
762241563
1830539981
-1031810919
1149688579
1477034460
1740769733
-1506852494
-121047565
-1346569214
1004568099
-761543925
1295282497
1301637399
-1228662600
1659445651
827880488
2004953002
641976816
343204309
-1260038894
-316074999
-744316858
70650009
1053316906
1736669263
-623357447
-1907919798
-489870032
-1651296096
-1200869889
562801880
156521867
-1103691853
-900093894
-823964193
1577755556
1797271440
-197856023
-144871672
1820297841
-2076075366
-1086757024
1096527535
1765604431
1770146000
-1018001413
1343865542
1826419732
847301967
835458384
631419896
969276260
-302518246
-1134271325
-1958992111
1979269699
2082320414
1061148062
-369993572
-705553428
-2057182865
-252490431
443920077
-448793376
1770122199
80145431
2066023841
310449729
-1908707950
-1347325014
187570499
670419551
-113260974
597692216
73380530
-45566317
-1431908728
228946853
-119571809
-1683849653
1279213285
1575389876
-2135976293
1072431974
-755004386
-87417487
319714417
830724034
-87934225
-1890307599
1937598416
-1428114414
-1381699485
-303230914
-1209991635
-1897658380
-1877884335
-1067507061
385363175
641529666
-185693143
584459439
-2104115797
91052199
1390824432
-1252174128
1373216025
-1157133963
545049480
-50223266
-1822560345
1205152438
1893538357
647497795
-802811707
1157897088
995596892
1618436952
1146871874
813188237
1535944588
-1049042406
-1396047378
-1573517045
-863168318
-1182237539
1976038271
1220702383
-1509285144
775619520
876027064
-493658353
-62759009
-75621727
427703751
24865841
-101581762
-1731603629
1784864750
262287966
-1419225831
360899278
-1401508762
-1252842180
-884637435
-1497915353
684248447
-1594210789
143036699
1011958528
-622215669
-1605940850
1253017788
1467356481
-615372035
-1746599362
1213092310
-294614009
-1574712500
-272882438
-1241370268
121273308
491082268
-1986676207
-1930985413
-938812375
-515317984
-261959709
-1895846910
-1338520088
-1180790471
-1800125771
-1289108351
312859037
1888165731
675720645
1891637535
-1860659066
-596337711
1546901918
-1322014043
2085109008
-2070559403
-593740883
877032776
-1830637939
-1790276859
-1498391789
1846662885
-1999229916
1513006619
472592059
-719940210
598649608
611413533
785107119
2120763972
531522541
-464499907
-395451737
249443334
-1092795466
-270832895
-2042224669
-28330230
248656754
2101254950
-2134894534
-41743287
112487305
1711435458
-1429634959
-723983039
2082620978
1767379368
607585232
556271606
646858023
-2017169905
279225074
166209337
75120284
1353025653
-671306787
133921580
805561708
1280783808
1961729874
2069552644
-1212866411
-1301639257
-515336347
-2015334128
1220404710
-1800025265
-1111030961
715722235
937724918
-1137158600
-1420833663
-498792371
-908802216
-299279014
-1933494019
-1871379657
21284620
-599448949
-1027203359
1689771919
-454351816
-170933213
-325960380
-541391336
1203214615
-586523934
1774898757
420385287
-26496208
-918449648
-1331845536
-426565694
-439356213
1449860581
140145923
-533773334
-1349183072
-1833323477
-1308165535
1186393755
-1866960175
-958043359
1721779845
-489734414
1312656922
-379542878
323507625
339577551
-478241721
-1248863354
801152455
-1682399525
-344438043
1889345864
411525488
-2059437364
-611515076
-739907095
-1258890275
-546763289
-175714180
-611545069
-266167741
1096071110
257832757
883215232
1243649643
756781403
213907468
1006947228
-63904127
203342388
1068657579
1396365417
-569371093
1167025664
643225081
1321311650
-890405667
-95369647
-489548149
-712276957
-1572854421
2082335907
-886346663
1218428295
-246801697
484954268
-257474380
-1475746286
-1362940276
1995548309
470756727
-2096668463
1747028835
-1836772776
-2051558788
1382797823
-1870157180
460341803
1210535506
1206410154
-507216616
991704589
-364253652
695697558
-1723080867
875149119
1297541403
-404106911
-891639551
-563624955
708770431
1353566183
-1713705292
-169970771
769322939
934245607
1322404088
1909823184
-1318388441
1423107046
1751987259
-378628137
1099034186
-1957275309
-984097242
1323130816
1333175624
-2036871445
910554167
-389790942
-332816999
1233867359
1670399885
-1762444434
-1651284485
585509427
1088969218
-854921097
-831765079
970777832
-384882562
-1232579021
-7569203
-997149091
-595736950
616948418
2024271922
-1003829391
1170448163
-187981648
1627316285
-1855300627
776433360
-929586825
-1010210019
1901392545
-480949514
1109169223
1589756481
319144908
792021611
1842119944
914692874
529285568
1370202952
56756127
-1010158910
-1314947130
-1208200702
1710904176
1223138763
-2031705282
-1818649157
1823937315
538138139
1442104074
1766198741
-1824068437
-345490201
-585574099
770155720
438306180
-950697058
-855070034
1003713589
958924603
1910976536
-1585985086
1748360763
-113678285
-1265225713
656021033
1705842696
-1179779931
-431902771
-593272872
-462372431
1125323752
-1495619545
1900810199
180004678
2141955570
-781854807
1769798508
-825098463
967398686
1250401042
-675101319
-530859650
1313687599
-1123002110
793473570
1839707472
-1733418860
1782019313
1949765810
-2065961390
-286224147
194903395
-1892769857
-983828389
764696525
-250508967
-884830325
-857973770
-1102077247
1184561418
-1455126868
1517725745
-686875247
-1307181
1088834799
-1307816523
-363777595
-1342567061
-2011037574
-661416169
1081555562
1975706714
-1693583056
-540323220
1242542101
-1256358997
-1283391912
-1970864094
164139304
323827168
-15617408
328112909
-1712747949
-568604891
625367455
489311680
-1322671267
-792994615
-1250402951
-1474057954
-1918077916
-152418327
507589703
462106672
2133796322
334143341
1702661526
-1406513865
-1691499343
2069335352
-498734737
-260635643
-347232944
881736346
1746271671
-715131512
-1746803929
-1040216055
-175731239
-23295833
1781217928
589904913
1216977057
2073447504
1145357111
-39602808
256573547
-1916934447
1539526444
382840069
-2034101892
-2022758809
-1473941097
-275734127
-1737848145
-525531372
-611421661
-586052449
905120851
-365444683
-1289310082
284940601
908661075
-989054893
-1994376167
-965993860
541644439
-981642312
-318331860
209925446
-1806052182
1393370693
-68336644
827453741
-1364807779
-499849213
562007904
-1674042190
1542045994
1621630967
2032870272
1687023797
-239754981
2022739641
-606887968
1138802476
87248876
1627762247
-1359180900
-1049298673
-809113681
-1831085290
911592181
-363288682
-4327633
102005354
-1403295477
1432515750
-1991972008
-2030456346
-92161556
138133128
2068523734
-8027034
158537933
2035004123
2076821499
459106316
1316275862
-45833012
-128783131
-1616336487
945597603
2104758915
1241146847
-308727555
886704072
554241504
-1471025657
65239856
1114587030
1452014694
1422598705
-1713644222
-191140388
1325261431
-1869922805
-1682152271
-896116112
-523981375
-1059387519
-201856774
367652655
15545080
1411353699
-1900797326
157313089
-1801268539
418289219
1540217429
40813729
-2042103299
-2070153053
-1905817569
-1682490660
2023354646
-53797552
-667684838
2125968920
-1979863338
1516401416
397645624
1769250647
-1313168820
838115938
750067746
590378749
-473716732
-1064456977
47572368
-1656421745
1425907317
-636462437
-1883150886
-1287974211
-1527362114
-1305306791
-2017242161
-1551227487
32872081
-1997688065
2711749
-1321637559
1820204143
18972013
-1993403407
1781523058
1592909589
1920461045
2046771960
-694568042
1348630325
-1064791818
234618821
-1482358743
-975443351
-284020022
1949765533
657999902
385108580
-1206243615
1309818736
-1016457297
1348047722
589330478
564144496
799536990
213548545
1989711297
-1663877145
384337974
-117557272
-1396794700
-384683707
-1640753066
2139764808
-722913205
-928646792
-1585218641
-1231772887
-655864234
1776759936
-827511540
-898306009
-49177126
1012237890
-149619886
1305200741
127107568
723331995
290637577
-378122304
1388303084
1279002808
608769050
349195591
-1803593792
-994522972
1835824090
-1089739029
-314545758
-1636572639
-2138502330
194831474
-793137683
-331115076
1617148304
-1860129359
-1392244156
-1970718437
-379018534
2064349178
1461532413
1316971417
-1569643712
-973711662
1494651835
-1570385900
-1345884644
-1007606809
1279926876
-1985411067
1244552580
-1795788224
-1691759594
1399925712
-1827129833
651100342
-388279076
-320574372
-1063296263
848650146
588620038
-1273034266
-2088735205
333561303
47853872
-626267118
-679167809
-105836334
-1259341727
526788419
-2017347525
43650096
699592815
-849542357
-66536708
940940383
1730023586
886658725
270498253
-423110504
1311476376
104615105
-266733223
-1894670324
-536776345
828172064
867336174
419583581
-568381688
-527773310
-1392204925
1279554383
-182293518
1504860829
-774065156
-283715137
-1308603131
-1685674448
303891883
-1173345837
-1476777047
1565813846
1439621146
1351123570
677588023
795925023
-896723705
710501878
515790487
761096028
-430799953
1248507424
1376982313
1794291129
1704397903
1769929548
-506446360
-1066283759
541702119
86010597
527698381
662456573
-186705856
1521705242
1488035441
-1578546258
379003952
-2050342447
372444661
-596227588
-1534192611
-1172179748
1000403237
-139459394
912261823
1416458602
881262555
979452764
-1453369815
1686768831
1899973537
-543546463
-623233783
1998422055
1300496538
-1069804843
-1863611346
255449639
-1713254239
-1574714358
-803706806
833801974
1480813746
1858844598
2026022905
244522027
1550889096
1037510786
-1064941055
-1596460105
-505256824
-694259360
-249111589
-1534877164
1660271069
1003700451
-1928934286
-1770527810
278455523
-1092342326
1484433193
1402707426
-683902520
-1825799971
-605652189
349630037
1818980208
-1938405380
1286861501
-559167801
438693017
-1641937292
-1089216673
1692436279
-264682688
1638438548
1751530868
-267039831
1653718594
-916385664
776991926
192143639
-1138154171
-1463956924
-516564818
-550136412
-352380200
-1294940885
910732667
-793159657
548845784
1545149521
-976866095
-1382557050
1464274709
-492812169
701466436
-1546998703
-1612552138
-393786090
-1988805178
550928210
101873881
647045814
-694276242
1681394770
-263856898
-147262849
1148569467
-782873922
334333861
-591923440
-1151649897
-2110525543
68094132
-968354161
-1894053281
558196660
-266679010
674073088
-2133796318
-177225443
-1809597118
-136108582
661073896
1384658900
-2054693488
527046615
-2071474506
1106467268
-1242573454
-378065397
-1607536880
1568536049
612728936
-2126185672
389557951
561597165
-1868567179
-1250726816
828651732
-1111021424
-1943703367
1657971610
767715820
-283510553
1556786015
-75486167
1633285300
628614252
-1403015752
-1785013302
-1482536273
575636855
2009765800
1816327500
-1491940041
-362815755
-60728512
987848806
-99743040
-40072618
2051704236
-552990012
1441598564
206721227
-1968754097
368756322
53704603
341812145
-272200660
1761163549
457017417
-426268600
1053131143
-1259884153
88418045
1922943656
-2096919093
-2037254918
380346231
-101512204
520076718
1940937455
1296677739
13467599
834621843
-374290032
509625732
-1075466994
-837705170
-1271240821
-706791253
887932335
1612393325
-413526232
274341768
588900874
-540286570
1637027485
1248094280
1097591622
1921201324
-772791904
712552608
203440397
359032343
-85487554
725241362
-1179179389
-351005565
-978555157
1125160559
1827148403
212476423
-274334759
2014293148
325648075
-440313718
-1904839284
1679480216
1486762826
1867804770
192956078
828938685
-2106620041
884890941
1467063071
-1152305595
14372820
978715972
239841872
919872271
1840147028
1290520189
-975404335
164212899
-464773623
1187999344
1358332711
-2088631693
552059425
-1471444979
-98849821
-1109202589
373121043
-655547444
-2045901073
-1893047669
1878377748
1119714838
-1291231189
-1433158085
1236645584
-1694160925
965667639
-1518750913
-1231077546
1535546787
2028270226
-546315677
906445907
362297441
-1325800477
1517456953
-7283326
-1268480730
1182485911
2096335641
-33350046
1729662619
837198251
-562582680
608519978
489690353
-1604136502
-2132268003
2117636346
-1197985787
-2104551270
-655366783
1726351698
961542078
1801749586
1861502005
-907398969
-1363095879
-1391651185
-1665773959
1584353523
310260520
476876136
1772632491
-1448952403
-524862985
-1421596225
-37202932
211842425
983701551
228329178
-929413430
-1584147134
818699935
-1498294479
-874253254
-1669115066
-188691528
-581559671
2019784292
-517442223
-1122117703
-459398847
-100138556
-1751878099
457596683
-1117622037
2039459919
-2139795880
8916717
1281777181
-955746125
1456870391
1076459603
-2122387575
-1546463773
-1687099894
-1500779253
-1294180789
-811015470
341300961
-777286878
234538882
1796533886
773687759
-2029380987
-1158421727
-823210961
1224570908
-457727766
-2144021497
-1004051456
269422911
955633648
691561804
-174176354
-242341300
-1541295740
202852573
1865764687
284586155
-1386137977
-54187190
772965174
-313076726
1246268333
317370590
-566176556
52239252
1317361832
2109321199
1441033426
-404153758
-119779964
1763327096
-1505783555
1945777969
816292436
-1234937628
1930520209
650197846
-1194627826
432234540
-374860615
-297034514
-50400845
2040364323
781454166
584890457
1788367027
942326544
1937928703
-463688472
1627010958
772586365
1788937032
227266772
1972991934
2020638030
1246615623
-865800079
-158685229
324182292
-1627789229
1057475748
-1830407456
1511892643
1515012367
-1943499630
-866944491
-1689215007
-1039648090
345511578
653388973
-1469762336
1997352023
205816964
-287229430
-1089907409
-374184653
-212850950
991429149
-181261715
1546939685
-1362047946
-1773492213
-338485218
2065486387
-72335876
1318726413
2103252161
-2047736318
1883384523
-438490729
1121388577
-1261891681
2041769551
-455904580
-1784489237
-1315302020
-1397363431
2109131216
1779823488
-1698364488
1141995409
-324943794
1496767500
-1757162846
-552507350
2020592124
460205527
-790875777
214495448
-616042676
-737518118
-176514677
849300414
-785006075
-212124011
-1157821123
472531756
-1689618398
1277381407
1481902031
1796523208
-1728425734
-1100345474
1346658557
251589642
1040754848
-1633926600
494741772
2049470445
-745054836
-1449434326
1767948557
-141770781
-1256952710
-567807081
386970466
354753544
1342891666
1194236803
-146796415
-1333656422
-1232427576
-2110664638
-683125768
-1071489879
1361863557
1317982283
2067338672
1209334794
1441666439
2130053201
526060405
265088145
1719514372
1532769684
1310924469
685753982
-918105067
-1876240013
605723271
1441325111
1727636818
-1261710778
-1072843281
222512439
1216895417
-652923542
1528954464
-2013812666
436336851
1406633628
-561355135
-648362774
-209709287
-1105033078
1269234995
-223615971
-1127281005
-201825625
-1145401133
785020991
818847169
-2057156546
1849737916
940901453
1023611071
-144356150
1687375631
-319634861
112023715
-596102780
2134215861
699186463
-1287473879
1292892220
1359571365
-682471113
-2071800686
-605925524
-954112158
1253067020
1660259784
1406806921
-48800825
1260456046
1921489093
-2136202852
-972555770
711949122
1183836470
-339912943
-2050005011
1148042099
587042651
-555148593
1562600299
1367056934
-100121808
-2099348600
-1712604077
-230115279
1857813969
-2138017967
201467487
803224012
-1487256294
-238526348
-913397898
-1060822647
-1659761267
2106864517
365307441
1439657601
1933137528
1732647603
1160043675
249240015
893510743
-615658913
1805038392
1131179842
-900416138
2039997170
1738262600
-1116422835
2115390682
-1432771605
160933708
1201508418
-640725151
-1342424010
-60951351
1680862399
-1101730008
758926276
200774219
957365608
1875685676
2093443671
231177900
1067378646
655300915
74106781
568784534
1339604174
2067146732
-1383909248
755276101
-602818635
-1357703339
194004412
747279761
156746051
1679358300
-875491407
-1869864149
389179767
218111177
195763066
-935670746
-883962678
-2143265702
-955753155
447236793
1375606951
1807662127
-455404604
916586307
-296459495
-101910168
-2083829428
1438597774
-1813722682
1801449484
620432797
-1601431465
-218297317
-1731462356
-1676952230
-1202846195
-283503416
2124723015
1130359450
-294055463
-393861521
-7360784
-1355105610
247934430
-1386176617
-1146082898
-485044892
-2025548863
1992919526
449557795
530317572
-1110977429
-1411749745
-995731345
-1908627398
477405197
-1866925560
-1342783018
-17300292
-1420522908
-743972608
-2093388129
1447631724
1275154238
-1882953584
900984127
975582632
34626364
-866134096
275226039
-1503222815
1202167000
1540753388
1623561273
-936798870
-1382030935
-592825514
1206616593
1580341650
-501660699
1322134974
457951426
-1093034508
1672113192
1820818720
891362159
-59015668
1520151411
-1247214243
-298823043
-1269729266
1227567478
-1005634770
-1117694603
987896562
-1580271
750260821
1055014702
-1046511149
-939223784
1890523924
-1441390550
-60428167
1264430934
-1751547165
633537344
-798022348
-184058924
842329180
2064193659
-632785941
1708893787
550982265
199699010
-1700331917
-85938122
1882024706
934199480
-338256347
533617723
-2141701056
-1324574875
-399158614
1520326412
-10364426
-865056491
-1628026344
1179164570
-1022591599
-1259842048
612685378
1992258538
1853779358
1597368363
-1735335093
-415840741
-243242885
1093532173
1515438972
-906003033
673941073
1823720308
-1657445289
-2030106391
1044301377
-67989335
31932652
1599079134
2015607517
1849386962
1938531690
-2111770321
-668136999
-62054249
-757786632
-1666032018
-401558783
1041486344
-1955398971
-710552416
407589485
358005438
-136463523
920878075
2016989684
1855588159
-169467074
1366581744
-2055062050
1844189863
-1735352917
806071403
-280514340
1319910787
-486635841
-942064296
342395708
97703680
-1447766076
400853609
-608474792
1679922244
1823524037
634826006
472550735
2065965595
1521491809
1611067109
-390025225
-1152361258
-300117279
-2146609685
-1258459886
488577647
1130761613
2069034385
-678969665
-1998261519
-2004227270
139462555
-1748485070
465873686
-1421232857
-1415311002
-983822425
1099638065
-1066562806
-1875601040
569169811
1843330126
-543454875
-717016803
1711859484
2032938391
1309589789
-1254893896
-749037109
-648645640
-1811049396
1808331703
-2125156736
-1849476602
1453886549
321551170
2018827685
1677084188
-1236796103
-1872630538
1369251494
-2146794297
1142950440
-498253851
865554592
1426232675
-234365093
-978912799
1490958936
-1300038395
1521104160
904001274
-926804626
-633199717
1624404022
830186820
-525461295
1972928338
-50662566
-1454393123
-633883019
1432195639
-2055834079
1101306925
-1594392509
98868768
1222079752
-1453842321
1222043729
1354117837
-1059713335
-1408748944
-126005165
-539887031
1462100719
-1349806185
-2026234800
488007574
-491600468
801830693
-1183794024
-1037948024
-204186390
-1236618308
2103894772
601723889
1450572447
817518885
-878422241
1192769790
321996901
-471424435
-1927864715
193567968
-1322280887
1119312784
-853153046
-297164370
-1550913822
-340613831
1644561725
-423626359
323295909
-15508919
1766401644
-279448320
-1689490312
-333930633
2095772778
-935832650
-443882108
168877688
1433212431
873790274
1285418574
-1593659008
-754183601
1076541526
-155063543
49971975
-1039765842
1725132322
430850341
-1708399152
1871888627
2049136634
-474766805
897706278
-1783060453
400965941
-1661751348
-987107992
-1089740656
-329394344
23481654
1196997832
-142088294
-1685030284
986853801
54651983
280879637
-871747636
-1239183286
-919221981
-2073183644
1743231674
-622532297
-1285925364
-457266779
-1004724270
1263228890
-2034754252
198877222
1751815751
948499074
278649390
-789364458
-1097978995
-953348305
-1394982855
-705796737
-212902592
-746356307
110321860
576936563
-366662332
1264658147
1659336245
1165053573
-892799956
182276460
-1545136411
-477453701
-1992722977
-916657306
1042617455
517476673
-624419720
1431134602
-1527739606
-1684937953
-2147189394
-1673876611
211936755
-589520850
838372596
-607320731
-1479681489
-308677113
191505314
-1141887298
-807559153
1115014334
184334933
-198229395
2075912982
981632782
-2091351982
-882017260
1681549016
-919107115
-1725288527
450199208
-1513374717
-1965644094
-1910422536
945680449
1047159203
-1570343348
-1303873786
333152049
-1522221407
1372138725
-1267816398
8758359
-599040116
-1069050001
1561629107
-850086220
-1169800037
225110767
-675942335
1978999870
48401394
-998810753
-1031077636
1970594804
-243663836
1669639817
-1488356979
-2003995342
-1486212359
-1085195215
-29729142
-121765818
-1475472
499061779
-764650466
-1332843454
1839437318
1672624430
-803175191
-980582893
172548664
1392650527
1611242277
-1826007854
-102838201
-1314905455
1087653897
1134745434
-884442054
523689715
1190192497
-548280550
-244659415
564114284
-553796162
-411472853
-1396734025
-2049684213
465233403
-1371042140
1751073504
163806275
1532958272
714060077
1338113268
2128790422
1807164507
-393150254
-1477256478
1287495055
-286260052
-84562407
-1343001671
-1184977420
646280527
-849075371
-1395703188
1652445756
617461632
1706871868
-2035750955
1361397054
1245510459
-1078705481
2031446268
1898531371
1476485411
1495463161
-760478312
-1848307010
-532498780
-379545389
1510195925
2087441585
1935626331
1553137733
1907418711
-481541518
993109684
440214359
-1921999490
-1468146922
1207998676
97809193
-1999547157
665765262
1349941690
-2047882679
1200260163
760720151
488197024
-1006334396
295629362
639517943
-92222042
-1461987713
-175065934
-572092059
-231915598
1379052615
1100902797
411952072
-357826415
-1449805787
-1099586784
373965860
1256548962
-994447242
-1438784159
375116241
339841331
26811707
-1365405918
2070224237
1107806188
-1380825810
-543679594
-526733805
1681330027
356210709
-1339348972
893986252
257151984
1175628377
748096027
-2009810619
-1417044805
-1475078695
1837908373
894168770
574984691
-497101829
1531399007
-2125277102
-1135018806
-933862140
-2143774711
-1479852732
1912677853
989468841
-529618214
-89037095
-601606688
-522974234
-640375530
-387152838
-1461126022
964276237
-910704254
-1160980052
-674643603
514141985
707429415
853618433
1621132281
227557732
-1509645738
1477456209
942492802
1018054702
548071148
-1015432214
-1182960528
1164755455
1069192919
1550793860
1352992854
343829463
-865592872
1712432824
917088341
-2035899451
1763240842
-938038605
579898050
155181246
163387554
639509286
-294157050
1309758384
1257032823
1914433152
1538997958
2125792725
-518868283
1844029279
-861211837
-837744564
-1640746579
-111742909
124544258
326863076
-160120833
-62503292
-625416273
-1672814533
-108930116
1389334662
-465132483
1125117191
-1377213227
-348071126
1077902162
1623871667
-483106759
-2039940473
-1286002206
1766547757
1958504206
2032075225
-197618663
569762814
-1445837251
-709572935
1057249918
-564795750
-1271885260
1680991118
-441901739
434980857
471675622
1545071939
1251217988
122079077
1313418262
1900531769
-1194405832
992652437
447620565
850102399
363951497
-991077125
698186057
600222016
336497755
-1417579942
-1523792465
1166239612
-1592897209
-1619253606
1030246818
-977724421
-567984069
-2049693473
1970519197
1396994173
1810631582
1796222935
-1018837827
-1655133130
-1117953609
605805907
1932797131
53793656
-195025841
-431044839
-1336881542
-1797353806
-1647642988
211466487
1256850668
-1724904296
-562543297
26444827
1536367482
-1465560157
47197433
1582559138
993254580
-1842825540
1218437882
308846190
1140383142
652566835
1852605427
1109589564
-1142996643
1596075509
2112449838
876844020
1010479273
731266558
924353522
1997289795
-96695773
-2016673268
-383971541
2092965734
-546337167
-901862508
-1154480310
-1985959095
1183550664
-1188480775
-441515926
1993572048
356045746
113086715
-13823308
-1483783309
1989372433
-1477615251
-838900477
-1917711856
-1732619165
357938475
1781874122
1237144572
-239637946
964261193
1887813173
-1386145446
-372211650
1501972879
-2101630066
545284272
-1826952778
430083109
-406197534
1680817078
-868837564
1115309194
1127846627
-959234703
-827960015
-1096000054
-1421035504
1032633729
2089741879
1930988528
-583051502
-1029669706
-1912654196
-534670152
-1849556631
-469860632
259998495
-1694568567
-2023739321
1098657287
180703521
-1871449951
1732141500
-718988688
55779782
82965393
1085957138
-765006718
-2086220212
2089695468
-1405455494
403856241
-388605892
646671163
1260260839
376716633
169703919
1338113843
210608441
1936131222
744061779
1815208745
2064938910
57556562
-823718162
-574934587
532842037
368240222
1947368227
329440246
1665794547
-590306235
1133155252
2137226789
241622730
-2116991586
-1119139960
647615660
-820208377
2025130402
528271021
48202633
-902231813
-818179587
1578140831
-1906432690
-162475811
-1081439000
-675964214
-1441802916
-1588259602
160197751
1431457613
-935220912
1378833886
-1766670545
1606992896
-163590724
381904238
2116877787
-542568008
-94750183
42810710
-1889672545
466834377
1793863676
353034344
1382456653
456157131
117438856
1065396724
-1002407689
-1026529887
80452387
-1045909650
-1705851196
-1591077962
-992318356
1791236174
1241260551
-1859724406
-578630548
1922011191
2019778957
1616577132
-1333369589
-234211493
2002111030
-1820185976
1471066564
-1995393763
-2109909306
-1353424860
1142865308
1506038007
328411389
38287142
976112720
1070609821
-991987740
-2112176935
-1607343411
1981629026
714706793
-1640087056
1423336164
-878244133
1196406062
-354598710
1492004413
237700289
-542636387
-1087446025
-1543961460
-1986743269
-666328001
-1850806022
160370947
-476527204
415678030
1302534992
1802164999
1445080905
1218533000
-1686895695
-950727131
1598787422
1178979141
822110101
1827687751
-1797729934
-244744245
-1938471687
-1399683806
-238845479
-622512671
-744622494
826044914
-525438135
-1980502879
256609058
2073513065
-1942250817
1115707538
1050861529
1441518052
-662092381
-548845323
756366142
-930800673
1976176170
1180077663
-138448097
-165348693
-46321157
-205703545
1881660837
810993502
637742869
-682938015
991138524
-1899437815
547670767
1788851051
-1632648589
-492549840
-1126111264
666298694
1674846655
844960630
2008534208
-381366137
921679365
720215192
636535504
-677099057
1451327224
2082061468
-71225898
1138538520
-1693268608
-1250531255
-217415028
-1215184558
-2017389891
1959097817
1763098426
-506067923
-423488694
50100461
-2129573215
1326634808
-886314299
-2025264704
-738960101
-1027316437
-1125074033
-573371489
125917183
-437601664
1839490768
-1239136616
2120003402
-234514361
-124794691
-1439897487
-909358725
1199185978
1057289501
2117107931
1411479997
77508111
253507592
446647527
-1077544885
-644189683
389668593
911631801
880114959
1913364706
540610023
690464378
-1331437427
-381662029
320349463
1193639315
-89528578
905657203
566721173
876485911
-363783744
1082084983
1032023131
1215610496
167334636
774983498
1412370065
-960565859
1964564296
852047293
-1716192754
-294187317
-92120480
352926531
784858910
-525036445
-504780562
1300385659
-1951022971
-1293052046
-405555838
-833437172
1083800260
-1907570769
-1749888162
-1002097224
1818065818
1382147753
-877925470
-108842837
366874061
964837951
-761341784
-2123375084
-1368859351
-2003705259
1104057265
1635046647
251664073
1782930884
1579948224
2094266432
1517865364
-227046766
202450118
-282147814
973097738
-1741849245
1902522878
-1683710847
-804477888
-1617523666
-1342089574
980349205
-1418179799
1207781426
-87955041
-436516303
-1446401002
-1485200597
-1849224692
-1343188164
-2002040961
-293358655
392012866
1334720062
1537304579
193580353
35910047
-1968644938
-262753107
-106701170
1739091563
-1435375190
-1582750856
1219054681
-810397193
-1972109058
875892756
-275924337
1907463427
-1677709303
515144426
1060927763
231076448
1743555429
1633989726
-881752147
1201851862
-1791076858
-1710950317
-2088082111
-309320377
-2107177587
-366690829
-1640489405
925298707
-514017314
597737391
-1147187606
-1201041218
709619183
1603927941
17435043
1556036816
-701915165
119688064
1796923464
878935804
927596118
-1903294843
380596881
-1807140988
328299770
-585942709
1888765770
-24985893
1327153762
-27643989
-1340941882
1714884235
-2004469475
992224793
-2088889581
-1337584551
1590918663
-982463631
-1485790610
1060934566
-1528277029
2077465335
884205817
-128304873
1308386315
-482979175
-1392677718
1987232888
-1186282285
-699004554
1327236743
681405661
-538436469
-753096029
-1894957041
1681122058
111962684
-2016356309
-117009413
500471316
218471286
-651003304
2131068454
305274439
1770055520
523927344
-1573599544
-810290614
-618248432
-1667723710
-207366934
-611661183
-593322211
359773346
-1649290219
1243436722
-520982927
9391409
-1872524979
-1445451286
1242044003
-1151489759
1105703741
1253441697
772149252
-787596105
-385076813
1518585116
1079419576
808014931
-1936084914
1077278226
1181741065
-1005087315
263374964
1037783954
766273719
-2115251872
-1817260406
-216861149
1032650515
-2059802452
-1699234209
-1884670932
-1321489780
1397738359
2130049768
-1318520426
-1048964982
-51260779
931910962
1062827439
1855022714
1628174920
1649282707
1916945233
362144041
-908214006
-297416157
1540910915
-1902033579
171880073
316383594
111214814
-1882362495
-302659854
-246230950
-36706061
-1007625976
-1895928206
-46748545
418151148
699177077
104431865
868998004
-1730030543
947661585
280076864
364510360
1839453644
460136892
-7992819
138000898
855086159
1160616704
2147438773
928937137
-1837604364
1149103203
528875490
-1194196984
518051590
872615164
-1939149930
-1463017352
-349078400
1513919816
1693292399
1635172734
2110061811
-1757779907
1508715564
176887504
-704905300
1926977952
-1233862289
1392712914
-114748907
-249600621
958136260
-1535234993
1929855835
-2018685583
339828449
-290548379
-578005423
-2125156898
-558660561
-468617793
1972481427
-145563111
62096777
932265481
-69380626
229787795
-1617816510
-540632416
1187435263
-444547899
-1178217363
1335014281
2118750745
1712544318
108618839
-536283227
-1391384724
-1822761733
477354072
-1269962975
724154722
866988794
-1322864949
1081315635
482426444
1889407761
-1881636774
1471396098
1728868414
1573498107
-1030492034
2012403173
-785605834
-1290680653
-1477008827
-1619631408
-1524520573
-285287676
1618228566
-1184091894
-811199900
-1224995487
1146982194
-309874141
-611807506
-281147663
-1573063492
1775594789
-935629
1217532142
1327216634
-1825303799
-12453472
408158255
273579549
-1679432084
-1743362394
1000261122
1420911038
-140219774
-2117502307
-1548436929
1376613738
-590639797
867091428
1675227801
1861577312
1238417667
1217852236
-1314112713
-234922088
-527583010
287042742
363431042
-1994515193
1294843124
-1660240390
-212936128
792477473
134728058
423337994
-733530143
-681568609
-1348539086
562456151
1371721241
-1413005182
1302698788
-2004615054
-1216049746
2027240023
-562568306
-290197002
1186794386
1738569403
-515127272
1252451494
1621561908
-1633831391
2140544843
-1707231023
2068542482
-526276654
-1625965756
1545517054
186053522
1064113973
-1965176924
242798020
189158418
1601710416
-1747742006
-817435912
1658447933
1391816334
2141402692
-926681330
2097361312
1917701314
359780994
1692529592
1343513980
-857569941
1489719756
1251817171
371387101
1441979449
-525015435
36626051
-737466901
324477392
-1314080688
1202709404
-1214962561
-1768216885
284325219
-1326420413
1767833593
2032032514
83605978
1633505492
-735377328
-2122310384
1504871230
1074253062
377293930
1476591119
239805158
243402573
1716736941
419036581
-1654496339
226806911
-2038620971
-1006697916
501995236
-1535537734
47822343
484577708
-2021426038
-45238652
166232614
1949633972
-1640678726
1419952434
1203994470
1632631114
335534180
566275470
1445143326
1793460664
545287999
1474739636
-274489631
503580712
881756414
636525884
930144974
433375082
123755457
1879332509
-1023413977
420524531
944888270
459258576
785471264
1019851816
1256228992
1554128691
2057428729
-1886058787
890851967
-413559376
573296462
1747492375
-489371343
-529988834
1726761901
-2019934183
1961986415
776910822
-628774295
1439336606
444839803
2024369897
1502663597
-966370206
-705968590
1171510945
154992083
1317900519
1882586493
-129169274
-532784394
-19542923
491222029
1747358386
-226391099
-1421024671
-1435209658
-854132793
1478683546
-343003246
2053596283
509200656
-1467610678
1278393152
2080307804
-730546458
-1017453506
-249815041
-650321492
-1735691436
-131877054
295076092
1724274230
1264689918
-1834518884
-1806823547
789745921
1975916606
-991280160
-707205938
-1921869630
-1826708337
-955877886
-1990315023
-1612634735
1332726830
-1747581395
602937398
-901739552
985729022
-402295342
1623032724
899146408
912834987
-1859747325
-359263881
-1321215772
-69636590
1290418176
-560873020
-436015550
842754528
-1022410990
-1203052519
456917784
515210360
537553815
-633824423
-818318444
-1124063974
943517534
-1600319129
1977233975
150869569
1424800564
459395888
-440560252
685146955
-1905728066
-949345041
1555418356
-1884019617
-2096288887
177372844
-893898452
-703196022
443866207
-1291251451
-293215375
63827499
945736156
857952816
603615323
597215633
13175616
-225388737
-392861240
-688455198
-538662267
-2062811738
-1699795949
213967934
-1980854604
1504520442
-770162042
607431971
-906217613
-49440517
-1729749236
2065463314
1084235235
263396308
1747392811
1584465266
1026739880
-636608352
-110958544
1808300725
332075336
-202904016
174853291
-449937223
-1212108615
-826867189
542760221
720725104
-868566732
1697373109
533342704
1172708802
-1291632817
-1364674508
1594141862
305094833
-1561852854
1333461455
1233761877
2127699134
1267764136
-287999976
389599570
1749814923
-1440254463
2113295405
-1026340308
-1373157439
700331286
-254481094
-815148068
1008718131
154103077
-1805213375
2038676282
922667843
-407529601
2034435613
1254186417
1432137860
-1095714217
-1083463997
1151522614
-1955422560
-76592677
-511979317
-1003021451
-1589851780
-1132755320
516503086
470216269
2041478297
-600838982
-1924765871
-1630376066
-757444931
-1284863614
696543554
1542401441
267873234
-1268758341
-314512320
947909719
1230444813
-737243041
-809310592
-291583547
-370419886
1910160662
-551577810
270847807
-1338652714
500454416
-358730319
-1388119741
-8505595
1879571987
-1928277709
450482856
948335014
-1818320937
-1638063008
1756217110
-596883395
1214587793
98066797
-143101768
-1144462160
-770783283
-1346028965
-777026256
2100614701
-1890777216
-1485592196
-1427931701
-1817807030
284520285
1903574582
-400980235
-322039187
1679750247
509145606
-1296710929
1944414317
-1901748281
-629028409
-1363997762
614366585
-987978785
732153652
-2025824154
506974264
-1054593378
-1951338837
-1582599848
-1636147406
-2003202795
-1665112781
419627048
1506287726
1852666954
86633152
-732756350
2124926811
-1235909812
-546818891
1896339550
849687795
-95726969
308800681
-1440434830
975916573
-1122196391
1694586733
1590525416
661648466
-847934748
2125916238
-697663919
601812099
-1442408667
-1733081962
162039512
-1779662790
-1225366203
2024110937
-1392066118
1494615295
401545775
-2084407955
1321663733
1767437820
-1911708062
-1491148359
-701736129
483361763
117563911
1543840178
272605241
-945045745
671864390
-685835741
638553060
-826753047
762562516
545459244
-53020333
1025208717
-354429232
1429363340
-1327909726
1367532204
-1681700913
412245794
-479970266
-1349369677
-498021835
2050258096
845799653
-498278100
-1072017466
-2113693470
1476393544
904854885
1126058364
-1359099249
-2001985265
421790798
-307536486
-80836547
1281795460
-919230809
-1266619648
787755754
1318171891
148701530
-1910247999
1039292681
1077469785
-1475245531
-1916462862
498019786
-1661729190
986161787
210647493
-1862618978
-654071176
793441452
1929000917
404900090
-1779666046
-1862336701
1513899714
-321136038
87703369
-602770770
1626348800
1174377608
-1502942823
-262650588
-1483324436
853017629
1217129575
658743491
1174197536
340010824
1494568774
-248377352
-1947846393
-77624627
1933548063
-352220126
-1169900877
773894993
750370593
-1129950599
1618674925
1922979540
-780193802
240034604
1199496333
-38786435
534614582
-1444884791
79473676
1906854045
-759380192
1149384162
-177228713
-97619219
-1976354169
630988524
-1710491931
-2095663846
1151053065
-927103382
2106862859
1302408067
1812000135
-335065782
126312590
-903286207
-2147011120
532834702
-1648952966
-400261017
-1832771937
-1550451410
1057969457
-742788214
1382112967
349009724
2120891078
-347205757
-779236948
1971135305
1310965899
815593075
-835339
1482017543
127891176
1951915271
319524223
1457409583
1047850094
1496530684
2013877140
1641305252
1255661355
805656549
973182556
1407418072
-1421758657
-1035148244
-1234862445
2012526702
-542710097
-814453162
-1664788356
1414369569
-1176704392
1000778890
1492188436
215072739
746662119
1766634067
1729698443
2134324297
-722183897
-1466500444
-1546121233
-299935195
454139931
251563548
1430278186
-1710328972
594718318
-474232437
-1988526034
593767546
-1534120985
1644464309
173327470
2097597995
890700801
649836885
-824970865
-1230720307
-137599046
-1051157916
-1155099553
-41557798
-937715541
-1620300902
274400517
237105194
-1208233640
-1148219083
103872890
2102173009
-595206455
-202477576
1046367031
-267538618
-127778983
-833845898
-1737628624
-1554050236
-2097554739
1469448336
594282240
-1017752844
644982695
536763963
-1374525851
-1578317621
-164965956
2057948806
-1436958739
585905841
151401988
-853973541
-1786909199
-759455005
-1757198415
257072772
-455301950
1663213337
1488958082
-1774260623
434523938
1641504234
1457409624
-699894473
1188806134
990788207
984692745
956630620
579510072
881301031
-311680141
638653393
635826226
1577267482
333527764
-2125448001
-495526168
953049152
119283545
-1478392698
1333120725
1939129890
-1051468044
762410497
-1407028006
-806260287
816182130
-1787513073
1944927859
-2034726985
1033477836
326750287
-613189589
349165980
-477349700
459877674
930277201
-1225846870
572277139
-1837721579
1341180652
1426475172
-1984803255
-1544046825
-182749205
-1332456462
1067721173
1049054345
-1607662432
841214480
-1319139393
-1240121316
-1542932625
867796777
-1093680142
-486558688
-2035012414
-2039362561
-200692778
-984503549
-647468993
-1154840307
-696796002
1778909463
134628669
1460590574
1132511966
-955924841
-1786971533
662759167
725149535
-177404437
2020123890
-748528829
1784034614
-1583209941
1696206421
744909959
1486810386
2022865377
-677895626
-1608048698
-1919338026
-1825478126
1681835747
543769550
-106358169
1874414975
-274330287
1922110498
1732416710
2086614056
-642257840
-1174165982
-1012693408
-452194543
1133116160
1313834089
-1041652316
-1785310137
1995693699
918101110
-342980394
-802988251
556949235
-1888623987
2006763043
1946685651
-1032693866
1667977183
462323956
16020751
438171216
1196760808
-688457594
1823371055
-696648104
-12031464
-1289884742
861647718
-1127742930
1517260981
-624105943
1402703942
1761462476
-51051009
-369374597
-1665839995
-1468968421
976318100
302722553
1311251715
81538728
936620054
-1290774177
1094055691
-66052457
227006218
1855980278
-288177448
2011311063
1301018370
-373156382
-1560956325
-1334791274
-1745852162
1938430648
434290747
-1136913673
1848839184
1769280851
-388064483
-1529812222
901475390
1667689447
1109360933
255733724
532149163
741256022
1878118331
75527991
-767915528
572144834
1697598353
2058304011
594888167
1922523235
-711695131
860880262
-757197503
1969815961
-814810109
-788621504
-418742534
1154824260
-304715251
-1646722894
-1870470254
832670547
391434750
1076712
736026557
1358448795
-991560212
-1578591371
510833989
-1465186839
-256881523
-1450604632
-621814225
1223925594
-1088392453
1117195004
-858182116
1662404329
1884886715
583336916
1288513010
1734113608
661881851
-2099902105
179264955
-1005982732
421463067
1507711480
-1478219572
-1352021885
39022
276822091
157276201
-1172059840
-1827857088
-1602868141
1501380392
-772928775
-1254876901
1630657327
-895132077
145336342
1045544006
136735319
403462290
1581609197
1740821646
-2122702318
258348681
94590293
-346179256
-809614549
1337408575
192041849
-566266987
-1641659421
-192064257
-491257875
-502487321
1539401769
1412651395
1927412486
-751174204
-1095161592
-383388594
-1209473179
166207178
1472864096
895297624
-1953253931
1092316658
1062495704
255278576
-1870439849
1977097752
-373578222
-1641342498
-1852031367
-2127604038
1469990177
119956167
-1411119890
-841846273
1391354679
-1210181419
-885034405
-1886546181
1668194978
-1684110442
-52064402
291189809
-155194887
-1517184476
-904243147
-1982456231
-1320381038
-1035908730
-1273721683
-169322654
-2127508426
-829604522
1545041560
-1963933255
1376185112
-341700957
1241692306
-1267055669
-746963710
-671482600
1562868326
1514348489
-1007587120
-1420978595
273909405
1912308650
1875215138
-522391619
-512680
17732981
1536233292
1457542664
-916717473
-1908834368
1483684753
1299814330
-249316231
1021854323
-88034159
1500335452
661648381
227036113
-1165988865
830325802
-309178712
-226681415
-23523690
-1632145675
1580626609
23298856
1179084109
848888138
34073371
940841473
1269110216
-1476421420
564109129
1285436688
-868583918
-1889429250
-1357336617
1266702924
120416137
-1838605092
-2024420186
1609818460
-1886491367
-794221749
-1711450056
-881494436
-609980244
-1791567530
1086581823
-1811118880
-1020597279
-1918720293
1208095600
-663761096
-1652725765
1147330925
-1928639333
-1773816331
-790197989
-1787016836
-1618367744
1436742572
-990373710
844281267
327329754
-170733319
1580516144
-1018261343
-1897989824
1587549382
2024504577
1638534299
-1869053395
1057371341
2091893433
-1149029921
1179561949
715557466
-740743027
1451109116
-533538726
987074389
405269765
-736791695
-398234027
47212415
-1428978961
2087439508
2045124153
-655672837
2133018262
1934498997
1868441725
-1534255344
1325453875
89234563
-459436743
47621677
-705256028
1121777325
-809181956
1713125421
-1153100453
1521565132
9355996
388880859
1608692888
-1351492481
102865869
-1225125193
551333594
-1174871081
1200795446
330431482
-857815918
1329028086
-603202367
577813463
66182938
-1707640078
1295897458
-2050428669
637235173
-204413442
-1495915014
-826355081
-159969546
134045899
-648949683
819857268
-2054746987
1589546795
721027698
-1887011897
-2029000128
980135159
-261995367
-92556210
-2090996000
-918003661
463226994
108423098
689130044
1119095151
-3736644
338714517
554728370
-1286392209
1659088923
-111221370
-1309675485
-578086130
724921390
-1953480492
214502191
-1228852129
2098969056
-115013592
-2021781598
474970644
1805354494
1625705366
1159437101
1866449443
-1243749110
-1320822050
-1039685288
-773375322
-938094258
90581998
-2094444105
-526049790
62600755
-1143233110
1410446683
1838548299
1931140306
-1443802384
1405210507
675249383
-1809838645
-1571339818
-1053811276
877510512
-13239210
398529333
1936478877
-1346913569
-697545065
-950043029
208570590
-1757690906
803952437
-460862117
-729634670
-1972790372
-92679124
1384682680
1310192715
-1131107489
614418146
-1277481853
-1312296634
542350069
1678457208
-623530799
-806936865
769697012
-1130691229
-537300271
858075462
-872395420
-1982009542
2033611277
-1511406733
88759970
478718928
1413207536
1970648151
-1693757306
340959877
544389000
2040570707
-508396088
788562137
-1681396853
965558253
-215757921
-721751231
-1808388961
-1540988735
1602856874
-754870466
659695061
434247093
2007924755
1566800554
489562486
-1016649360
-760014351
745520212
-1794940926
-377174517
778660334
-1862852145
611015541
-1380765431
-2081303767
871413383
1439922892
-900738428
-1951207331
-1964980204
880409031
104201129
-1029551294
885183442
1676347631
-1686560666
-1051285965
-1775486543
2061593050
-1138984863
-1312637936
1617348680
-572650580
-1662043349
1694603877
-1012959696
-922850335
1836313525
-712246837
20372623
1121042250
-2027133182
1170225294
-570013966
1063855957
-32789986
219995024
507866208
-1142982767
-496401586
304593260
451552683
1129926512
-1310481784
-772131875
-1810057975
1464241229
458931493
1124934497
-353340702
431642544
-1041123116
1298487577
-1086721045
1514100177
-1361047086
-1729373453
-1168573326
-2015250342
-1320685481
298532362
-698493701
-696174223
-917266093
1549648716
1196872716
639189749
-1612356007
214833756
-66309819
-2133998074
-513814309
2085023418
1899853235
-1536194869
2008816792
-1800690911
-539681436
1578295406
696728913
-1768497360
146554430
511722859
397775810
1241633612
-2126428148
1022754826
784891344
-222210364
916599257
-1087965399
-1883228674
-449559499
1199286401
433748799
-1643661787
2001778735
-2082205052
1632460701
405770596
-319547880
705854749
2075452405
-181929644
-1372326064
1792984723
-1891093984
-1376165248
-1045665643
409573838
-1875020773
-671187948
-39183959
-1626337492
1047774802
614035155
1607820081
649594517
1314097697
-594962610
1441613536
-440430900
-385688425
228994898
-1183855148
1219161608
765736316
-451568991
-1241552577
1867653058
875655829
224414437
-1926547126
-1962419248
317051685
-1975947551
339369525
507607731
625846199
315023593
804829122
-823637204
-398804453
-1445656428
1770370771
233975060
71872941
1895474095
-737401518
40404333
-108202020
-344216972
-665581488
-119414861
1858199786
117031675
1989017712
-1276915592
-1795875600
-302778385
717868166
-756552401
-893536987
2046731909
-1015033222
-1508381369
-1619125922
-591931478
766497394
159533179
1014694360
101415035
-308991952
-1127618968
-958912203
1604199930
-1072480585
1634251615
2132288196
-1888714755
-1375528395
851848828
-1194536699
840447849
-910877668
1440761079
-2080751509
1866156960
1585997201
-1957294407
1367730787
850209591
-1398047734
864632882
-1993825131
-332616724
1714426929
444884329
33144937
1721568727
819341071
-442418604
1796087500
1882422750
-7293594
1355527273
-938591181
1087753069
1510530397
-1846308492
1381136607
1388463463
-1249237406
805797803
-230350493
1990455895
336406347
-1393413377
-2101478557
2125830122
-775689538
1891826612
-1862051171
-808893023
568178131
615559731
-61275603
1378965186
1584272631
-398521314
-406497780
-1427955825
1203589907
-1631867227
-734420775
-704988742
1258733292
-1328967145
1758622171
1649058839
973824716
-1979282756
-1498327226
-786880109
-1171910046
1866468065
-968787779
1490600804
1962406630
-211193293
1221383704
1288170113
2090000768
-774406576
1801465446
959974484
-1015456790
-1603686245
-346565835
-738027858
1143066451
226737487
1104145424
-575779077
-433753722
-247048234
903278153
422996150
656476235
-1332219813
-35042057
1770524446
2094023437
1887647389
2083104066
-1277012438
-1554871620
-1703250426
1312352989
1485817529
269642740
-1016324356
365320404
1462761997
1840709471
1233523062
841427591
-1405421446
-635898794
-464880431
163733749
969887578
44769742
-109942557
1813846077
-378072509
-1201618575
742866000
-1223151262
1721711483
404338955
1037947932
2075677774
1296048044
-2109762009
-1204617087
-589459943
1424812243
-909893639
-573408509
-857731190
2037075070
-631463042
548317632
1784401885
1985212726
-1780261406
-1235172340
-791865402
-565233863
1937418529
1399729213
-885245770
1602836588
111398639
1403589314
-2041121700
1362367375
-1422547492
-1735412102
-130394002
-795126094
859659443
-1058089405
-1894247768
-1833591577
1335236643
1950427088
1896775956
678425400
430589601
-913381441
1329267340
58775771
1587269260
573429482
1753369469
-1098092893
809400977
-2047657732
-1107115283
1763158458
-1860024240
-579950521
-673109058
896499085
1956740415
-1730293035
2103451187
1870934279
-1933531698
83260604
-482929229
386421504
-1410538804
-224058442
-2027546931
-2010775049
-1433982711
1907671024
-200330884
-199984385
2112968507
1228643874
1051681707
-519887881
1522288165
15253215
883204090
-831617794
-1813760267
-1256413394
-33096510
1934026021
1341866989
1784589912
-1581822122
-845709723
-386418874
209245443
1172682636
-1831306030
-967414704
-141461121
-1116283013
470105360
161455837
-1489273505
-1877544059
-63734266
1834929376
-1779781557
171284119
1392474577
344231504
801346580
1679185583
418126332
-1238137006
194694665
-673880674
169196269
-295184234
90823048
-1241998833
378090145
-1996836352
-876359721
-1692336953
-159904101
1081731979
2133743924
-940480979
1990081817
-1352284054
66067242
-92082163
-2051238519
-2031794065
237451301
-1089978472
-229706693
-1809601616
34583625
-137565265
115072342
-1416623001
-661990530
-607222944
-425272560
1365390106
-9059121
587266224
1131285273
1733691643
-412143884
-802655334
40800087
1791052945
-1299156435
-1907437224
-495790631
-365073258
1788392272
-75803680
-1721177084
-111563485
-967506907
1337410993
221139218
426244874
-420332303
1859294670
-735970371
-2101800574
2073713488
-1190678518
-1780185290
130209289
1569225287
2060326278
-289817764
771100294
1172027289
320829816
1333650474
750179757
-1709008295
829122093
-598430608
-1942130266
706596544
-1783517616
1549692869
1113288945
-506311872
-1241764244
-266586181
-1266994813
66073305
-1997233489
-101066668
-1561446859
722798762
1843107056
-1611079755
67169886
-1715140406
-84826382
-1242673895
1938871230
-496977320
615824617
275792647
1884029597
-1759965488
912706622
145762503
-393236429
-13262176
-9678193
-598675694
-129162422
405140218
896317689
152071176
1974670113
-686842645
-1459673191
1981153894
1842581651
1880684973
-1638757042
1260914679
-883106440
-1395610568
2095570884
-1809014965
-2114070965
940045342
1969346478
74578086
393531917
1954470296
-1830965934
1418014267
-1177412504
-2111928613
-1837328054
1042165658
526741014
-1536204112
2013142408
656044133
-1302329469
1102954563
365386394
904351306
1856721329
909719610
297006382
441999916
-435279525
-1769472247
-1965994023
217395363
62470237
721996932
-1628627693
-678629978
-151715502
-1382864715
636259718
-1953085561
-1691188866
3092975
208772743
2026663198
1550421230
1497051170
-1951904540
265929545
-138524451
-2113500815
-647122977
1693711763
874080346
1431235585
-559988614
-1269526990
1257574182
1418051860
-1719611147
-1984716489
-514162974
1787903317
1678506133
1536890624
841675369
1511891573
-1176242266
-1630916112
395332474
1237878262
-338339903
-1808143518
-1877444966
-625397435
-1887908782
-1730337830
-423057096
64384782
1292179284
943137405
-358359535
-302294580
-606865826
362158018
1676817366
2039611294
-1277535261
1114019690
-632483317
890498913
-409700171
1441807789
-1873921999
-77724934
854219211
-1826950219
-2030167257
1640364787
144318019
1323272015
905983180
-1783251127
83954089
1157466591
608315881
1635342723
-353569159
1941678741
-1982010802
891943942
833875170
-1038680098
-584765638
1148299943
996663756
555283484
-2066023425
-511158142
-757538276
5425560
-1505884954
579112713
1668820534
-101127753
298262607
-853085601
223545795
738685803
-89840100
1340684006
-578534476
477936876
1579016528
-628204522
-337134971
-1907508056
-1629882382
771440784
1238065350
-830239368
-684921545
-2013535374
-1358068266
-1406107117
584622559
-989141268
-741316879
635337671
-1629620513
-445241325
-790147987
1929345125
48395839
496271349
-1465796800
990153596
-1915935163
1466827245
-253926715
-984697142
-189076781
7949111
915414719
-1469032977
713890061
1831188422
377931165
-479391388
626729278
1595117652
-1356410113
1947307178
1480225532
-10975813
1070882425
-111459386
-379715703
624954755
-864649578
58477548
-524222853
551318459
-89106402
-1819415687
-1465460577
-1598638580
721771931
1723874598
1769233691
674790410
-561806566
-620473734
-1677417262
-95633203
-1577686482
420579712
-757184501
1047069120
374524473
1082001850
1238616660
1996097208
-482764562
1370332245
2128896164
1816958792
-798574831
-1378266211
-1931446849
1471918419
1440163201
581285298
2057801950
359863521
1420756600
1810128508
1460372110
950942006
-1935151344
-294040357
331283416
742981408
-1219212024
-1440002269
1332999073
-1057442671
-200481592
816464583
-223314348
819543404
-1725322334
-41084077
-500761667
1315141027
1366786650
817161375
1858649912
949952641
737186791
966865985
1436063242
146012484
2010471547
-99238333
1907675150
-752699154
-1130324799
-1070071531
6729363
1915233628
607173989
-548979516
-343974524
-1671856745
1512400600
-1048565396
-936846646
464181097
1310216532
-522116885
-1982631955
-1291501005
-884698850
-291852329
-1471241727
-1667513603
1470096138
-1924939343
531020735
378240463
-358761148
-811082662
508450289
1329897534
1896622156
1350115013
-324173293
620683593
-1409899454
1167521517
-22643913
-1672107419
880516707
-1221213431
-1103494871
257244629
-2109392173
-1086139905
1685307858
-788304321
-165775716
-618432747
-1251379999
520338300
-1708530186
1353000174
597527975
-1801459537
-2049994040
165659571
1489020738
360406936
1623965551
707442319
1675300605
331937066
656445885
-1151843231
2040140022
-1019223206
457763395
-445491283
-787289343
-528085959
1428876243
393136594
1611106764
831707716
-416483520
-1140806270
467104835
1475301883
2142773095
-1643164563
-1576433354
1592600751
1486838130
62049343
1526821688
389543072
1335029083
2207437
87946952
-1681864121
255584943
1006215562
1034649270
-1422533905
672376212
-620670913
-865563969
171763849
113737741
-1909969157
-485497734
784376513
-1942387845
-748392633
-596197768
-1592901300
489852518
-497118050
-1676992091
-41816189
-974972291
2145213467
920734964
1448467765
1134288603
-1847858316
-800789701
-99546952
-1376267637
-1369474266
1636647771
-984607167
340087630
1321267185
-1086208349
661899381
-1131121509
-747497593
1989058933
-1234833857
330087142
277707903
-606129622
2136922596
-1735604443
-587528817
-1066497486
1856157011
-1220888945
-1276980230
251420032
-3192895
903101094
902501703
-103349212
-1865940875
1748610423
-2091598797
1146188344
-472425760
849323552
-2108271385
-2117711360
-1485180944
503763347
240347245
1119317069
-591869787
-1957555304
-2109594784
397126433
624805347
-693160936
-1971833885
-144538984
-374984310
-309945193
-1917644076
-49284091
-1002124093
694872578
2059349056
164699995
499511197
-355903830
1485085464
-1398040882
-1254257193
1789411472
2138532901
-999200583
1028666623
198266850
13933625
-1324618815
-106604613
1570308549
16008614
473913659
-1679656346
1296931669
-242437900
-2027249206
-1688988450
997443817
-565625651
-404920244
258096539
-543724133
-858566340
-476559625
809267716
-321165561
1754976790
619299518
470355965
450578769
1703855287
589074681
1050301636
-1373743251
-1160897294
-2137910460
-1217137411
2039167898
-899422910
703475110
-1559649782
-79674322
-324979132
916970229
567283872
321661081
-2015710871
1994662777
255808663
-1929405789
-1216974106
-1061725744
1568581120
-2117064712
-1835880720
-1170030064
358540156
1682517989
-497258971
-1125972174
-1094031925
1422913892
-1112466099
-771349843
-114952029
1573647701
840754241
-360342943
-427291454
865425678
1022556202
-1479788362
-1385662650
-1952531179
-1453564689
417112837
1002197564
-1685529557
1963772392
247493174
-107556234
-1624633715
-1676368425
1782428073
-1583274336
-1267450507
1212304919
1781196889
-1068977259
29887206
2029264149
1553469503
-1197194770
250360233
543155199
-1752883212
-989466404
-691248750
845925308
-1639642471
1916338743
1083382791
847237403
1362516474
482857942
98981058
-529117106
-731330831
546806304
977722069
-599436391
22639624
-1444106269
-1727083026
-1956538043
509980258
1958973284
-460610596
-2055764773
-970041126
-1583888202
762610257
254111630
1344562540
242452815
113635561
606473208
1008271571
498567383
-216520853
-1374629623
-1825418124
1521774403
-1105888179
1556193339
2068841082
741083170
-1156925571
953686794
1559806017
2137118519
-790409890
986864547
-1717783817
-1597513145
-528497136
-1454504741
1854829184
-87178189
-59452172
-1439310494
-355543398
757423432
1831199855
-1403950536
-521801150
1882305749
-233432595
739195999
751165781
-427171843
-1250486744
-558242351
375016569
-758971953
430765481
-1110259276
-969816259
1867626643
-839690866
1884109771
-925078402
-1031500698
1472684174
-1944607952
1097686285
1855861513
-1502140358
1996985407
1380123790
1999617269
91672197
-702999083
924076194
-566231118
1293960070
2084603322
-1166080440
114217320
9083771
1511116891
-298417792
-65541707
-697155311
-1267273796
230075184
786594753
989562849
-1109727828
306929995
1499979152
-1397923010
-506616519
-91681488
137154711
2023376173
-1434935450
21382223
-1748090991
-1802933836
411232027
-1090760942
914064786
-95219113
-1132519332
1584314873
-521825700
-1983482401
2079108797
-120040185
923500528
-1365743523
-25635051
-924957348
180514152
-1304035475
-1849440143
74452259
1767879427
516339391
1572388939
-825905746
-1463172223
178116819
-121127428
857425886
1336233649
-1181536253
1833073006
2027675336
-40273593
458703814
654676245
1222844564
1291795955
1255646770
-709745889
328751528
-537048146
-95676990
1397442025
1596126726
-648874666
1766684505
72225717
773534962
707397245
399764615
-728613478
-2145389864
-1150250627
1661569546
111958459
551857515
934873807
-608996714
292184251
232334865
1538278812
-1177855528
60165744
-792836483
1277044116
-503336008
-1867507242
1284647837
-1436608001
-1871637538
1829926981
-864585033
2022815249
-1134067336
-602464282
937059534
1721039489
-2094873799
-624689821
1448606794
-1112988580
2023024548
-1403776803
521322711
-884075242
1141280137
1996547619
1684637068
-1307072543
-795299633
1173281823
1689523536
-907966399
-24117388
206696339
620444025
-313434656
-695076142
84409605
567805621
36659614
-205756125
205565432
520131629
-771051540
553900871
-711293604
1573290215
-1709183910
-103920956
1537195846
-1741821077
432933485
-108325875
-1123747869
-7749719
-280080459
-1973825274
1270271402
-2064351463
-1339956449
-739911737
-1461521712
-1647646940
-554140281
-776707680
-352558591
-390063678
16322449
1602199132
1853991500
-679924637
160329913
-1021757494
-1018722722
924336403
-613979225
-638383752
1165570802
-302150184
142261191
-1927999295
782448776
-125372834
1859440665
-449586934
255106132
-268624939
100558661
-368383928
-1490178951
-1335425254
-1238869774
139653060
1819466614
-504639212
-2009456553
-1327250142
-642949408
-1023677088
-643433455
772695967
-116751023
-135136464
-1983989961
-1170500199
-842664032
-445300624
-1384616021
-392186284
91904338
585511721
725544370
-1499653126
704052303
1941943594
2015453383
-25566749
-854549544
-396499484
1664914859
1386146583
1959678648
-498749802
-1723205184
-940980976
1991459001
-1139381079
298516375
-839683389
939037529
1677811292
2125314247
835347425
630384061
-684149341
-943671040
2059279449
353971174
-947751604
-1843816865
-843100126
-28140254
-667321244
1643289347
-1832945866
798249412
2143904728
1891204063
883367393
1282312215
1280840286
1381116113
-1339394757
-910900081
-937809259
-919729676
607643634
-487898815
-1577207957
302595633
540325708
-1764269932
-735528258
-1289441508
754443371
1788352312
-377519547
-1058206211
-1246500397
260473175
138471089
812387883
2047084841
-1888610549
939841807
1742893216
-1973800643
128922639
1196155503
-859917110
945209418
-438966600
1989441994
-1391623521
-1654413700
-497403355
2127909920
-21093901
1736486065
-270635083
-443936031
166105869
-2033785981
26401721
-1150159731
30940279
1778744966
-508667542
-1560908898
-1131519468
-2042978355
2087029277
975814565
1578129784
2144262067
-1548069964
279714994
-1090801805
228744407
-1205841321
499627256
937980655
1902592104
411709796
217766065
131864827
-2035015006
1027547043
-1456396225
-807391705
384773015
-619261250
-1889844077
977422609
2078886962
61722095
572957138
1313346112
301861752
-2113216517
1619877941
-1300531920
2097964049
2102004830
-904900816
358633133
98661895
-210742329
1407942358
-1884935068
267784396
-657518650
-1397226629
1493037494
-705930879
2073351619
-1644965990
-219908657
-1102376587
1385502002
1595066361
-1473220873
-171425557
690939140
-1572178422
776159015
-649246177
-338774944
712768660
1788966367
-1543853941
1745736338
-642370926
112270134
-586031002
-1943141821
-1962669989
279517234
-82812307
-220296214
1054448386
2107527257
1957586916
1696301954
1505008127
-632274808
572590815
-70306435
111862542
-803195134
19865277
1760095992
1978431575
-1497663285
-1986229003
-618949329
1206662350
2058479671
761805332
-878067662
1127539420
850919613
227849990
-1446228776
-1691969217
434912272
-1997258093
-828663308
-617446867
-1973078928
183820076
-298654522
-1427541825
-238086084
1559331048
-1974961996
1704192141
926171852
-245786680
-420698567
575699861
-1099559299
-313492926
114079005
-1574985120
-524798964
-1619364867
276186598
1712484967
844253991
566590680
-1259678066
1396954802
-1409269695
-464004048
949640821
177876673
792974245
565132386
1171731865
-506890320
-1569294899
-744557938
-767247613
132932501
1496061172
-964395362
-219844988
1150092076
-830689302
938837894
1132753313
1113318838
433308198
-392505396
-2122210357
-245443811
-1992172255
1377836619
-1765356077
491684955
-1891761439
1918400307
-1289776996
1584201245
-1433823789
1077150035
1335167761
1939108259
650310110
-702348390
1544121177
1708705769
-396361036
-599300390
576642889
2132032267
-661951638
-73562161
255367194
-1353080347
-1175186614
-1638816416
-165948069
-271756807
273165288
-116953308
681716520
504347541
2115110002
288192551
-439519332
-1334631371
1363033676
-171011603
44120963
585638693
2063087324
-1225829450
-282310060
-1658665878
-1929200991
1671844355
1315505501
-1103858206
-1971300982
-855520680
-1693870528
-1091231062
-176171899
1404421956
-626467683
-312991553
-355021739
1018822814
858784528
1970263271
-870499928
229571600
-1899237538
1001205969
-1187344792
693514713
147653098
1427533691
1361428561
920730062
75421805
805483475
293547203
-124238687
-441645083
1755213217
2143577560
-946313883
-194706994
1515628707
-1437909831
1735290705
30709903
-259544583
-1271751379
-983864381
-1641556169
-676495421
189599346
945548424
-1103093656
-1290049784
-1292767920
953925210
1867106451
1009331161
668971882
1301528489
-187392155
1830021046
-919937065
514318238
1869028480
-171851217
1037718768
-1929934500
-456449171
-110192690
-410304661
569573256
1674482385
1682025268
1434704552
-1066636277
-1574890785
1428866177
-1438800310
-922507242
798742286
359097081
-1528504054
-1053294490
1977042699
-1175001885
970218695
1528527304
-1329741073
-833697356
1710358496
-1588110881
-871762252
-1458670995
-767457338
803862565
1033007333
1300497472
1682464972
838998831
606826645
-439725703
-2043238591
1222403636
-234676591
-77468516
-1535728192
986421967
-152328744
228968905
-2038078267
215790339
776593227
278794856
202121091
-250341504
-1399421792
-1313206527
-832851467
-1085180380
80420508
354700139
-555199437
-1011090236
-1913445759
-1812834008
-1770703098
-747570133
-676531516
-73149425
998561214
1531656034
284014338
-260403925
1520177474
-1925618895
303447861
-2005925917
2100521063
-1023501851
26633762
-1976928934
-1911365243
2040514388
-1136679147
613841432
-1869973177
191713566
-817964336
-2031121943
1422011075
667451189
-1530900544
-1202907643
-746986294
1538812062
-1262440078
125258097
-1203568512
895117432
-54496443
-1441189980
264375598
1383489341
-1976126881
-878960276
-652147370
809452615
-1879325980
-1437426670
2076655879
-875770986
-843916187
592897724
-1913800333
140714960
884840854
-2065421806
1929081278
-1637216120
-675594428
-499720668
-1157687016
-867900222
-1421803899
-848579957
-1000850931
-1521409610
1066903088
161633485
1861454619
862567892
-417433713
-602162938
178467972
2024364040
716837459
1684129987
2035621734
168155967
-1464751161
1006672945
2138481160
-1945872856
-1580464824
1547149686
-1040835211
-378795202
1604376052
1569412702
524836943
80477446
220896162
-393840582
551609052
-921273707
-1963981039
444845572
-1041682331
2143973461
-1445234845
-1824001849
-671804993
-598048504
776616139
1522841149
3558697
687745803
524581509
936780217
411832153
-518423073
2137665542
-211615929
1559712208
-47438875
1563447669
1296665873
817812085
2080425064
-1580388519
-1407002877
740454498
-924712479
-1863725678
1148037298
354877944
2133497973
572094861
828127609
553711672
2094686401
1333268403
-1081215259
-46832811
3291866
-438131679
-1699671726
1089350788
-1141561969
172327582
815640277
-1317562089
-217250320
1874180553
423028829
900360905
456516371
-2101631598
-1199835884
-60346021
-1757767147
-1432933141
1375086602
-1619222177
1752845919
949855934
-128539627
1738277971
1696471594
-346252768
-471799310
345773553
1893385028
-1104425529
-462576465
276554436
1368553491
2039241401
-1700571059
-258180098
736549082
1952036422
-1917266272
-389966712
772526395
-1129519304
-638607750
-204055717
-449837572
1889622600
1177717000
678766350
-1546134771
506333650
-551065221
-133839185
-103524919
893185228
2043183850
271551445
-917545092
-883564300
-1853556618
-1399234059
66792485
1943110728
339057582
1539540724
-1744123524
-975457861
-1155154635
1651226878
-629794250
1238668581
1380311970
-291115627
-1687436922
488278650
-1348957017
1809901036
-1627929881
1161182270
1799838836
1420768373
118348312
-1123699400
-1764663459
2074249144
831704936
119167333
-1784069703
-1424994714
82857011
-79103441
-844848627
-1183577938
-999099477
-1985316385
-2012487318
1721031374
1936376795
-297881009
254547475
-103205652
-150863127
-448097566
-1102904222
898409510
2067741851
-1532646984
1689731563
-1568071450
-739568612
-256209890
2014111457
-319394181
1583017470
-2009017788
740913592
1256677349
1236121218
1055824433
-1652571892
163976687
-1609021417
-1865759238
-555268159
352160387
968046112
-861378255
1936711530
-799015623
806617082
1877416348
-1514808082
279909680
102232125
656086823
1347439464
2107886625
-1863898048
-1980006630
808284495
-1205766479
-1701136414
-198967666
1347421143
1310752261
207122824
1662695453
-1197364075
-1181573477
1231309409
-1948102440
1572193641
1498136664
-422166800
577460349
-1751028073
-803750948
2023281611
-1028161303
-1061395657
1607901469
743185056
-239839029
1282420687
1644057395
166036344
435846554
-797855938
-1250325136
547683903
1241086152
1780150747
-121002573
-1719914365
1290255415
1280963293
1607573501
-1769159812
-1320062484
1795866620
1812358980
774835788
-1768418558
1557788504
1562984327
1866637446
157284832
121028506
-982596318
-1197575948
487089070
917085784
-951710365
1317975188
1360893188
1264046270
2048441436
-878009884
-1535371804
-472839575
798368762
506242143
-1479067414
1505738390
-1851211690
1285276742
230973889
-1024305285
592880971
1413301923
1922023129
1874198516
-1178422969
1974585738
691432022
-471735454
1066244454
277962914
-1070782901
-2072246320
288563900
1779332579
391784487
-2033244586
-1645142798
215970464
1813751663
-1722079806
-1416957421
-970230584
-946068563
-1451222156
-1391075417
204903528
173053352
-1671563640
1797729537
206470515
613154772
-1134479046
-1216417067
-297770555
1524044299
-1852349306
-723564531
-2001893531
611439741
1332476431
1986586588
-886835446
-565146139
-1860618175
-304896750
1295322848
1145329917
-987368263
241843890
-2061763189
672341299
167524579
152463809
824338796
-364257635
-533035804
-1119673248
219269154
-1244686039
-1524900677
-1473731043
1424239186
-856810728
1316029346
1366720901
802127787
1743360684
342329786
914737917
-2030921948
-1047084257
704745446
1032214737
563830664
820712663
367748598
1974956173
177351731
1182856408
-930453752
-1175620213
642646557
901658490
-202196950
-458527539
-1380830953
-1309576613
354929988
-231708148
-1539981995
1670807958
-706357196
1246116368
-816227028
809610292
561022522
-1432363454
-1470558437
1941183458
1204137878
-798249601
-195916785
-1584161820
-1890001552
631647790
1659509218
1886049097
2020002295
-906494572
-871661020
-147427744
-197247285
1354389606
1794978078
303491946
-791808609
1399003295
332906771
-402260336
1537040154
1783774356
-1462471223
-1242971881
