257513673
1193710093
1901147732
1583672738
1539486331
-1770792753
1595539333
-1824214051
-408341408
913819185
1186150218
110277793
178032132
965894866
-2122393890
-913697464
-1934896353
-476510704
-385830258
1378808873
-183531219
-857663978
-425340056
397890113
-1148354
266880024
-1858389966
1214673678
1125933322
-1215444771
1230713245
-1125919042
-1072774584
285500797
-1227371078
570765961
-667580609
685583468
2124154541
-543880358
-978702948
-2113448266
-1713067873
-283781452
1711382662
1889642891
810361593
723240403
758779631
-1522651138
-180635442
-1932157167
1820283693
-1744745207
-1040464744
-469808757
-2129281080
571566548
-544472282
1274998532
-731617899
-1352874954
-921560619
-1852319736
68495107
-821091973
826526718
-441686444
-774755148
1315531112
-2060872786
1027264885
848138063
-2075562629
-1129999972
592873902
-1497806188
-1815060362
-261814185
832202014
-324874832
-2038775266
1150408383
-324142302
-1383678766
-1981496512
1392289205
389730808
1646704637
-140352012
1708113173
1146372772
-839632097
910351909
-1067076636
1159673622
-444535965
-569706929
-1780584506
448079500
521528771
-1033208694
-2017450062
521139253
1079567072
-1091765304
-241607192
-998075369
50283541
463881562
1819542817
1696373297
33316297
2115997368
-717667064
1351948259
2040107780
550643585
1864929769
1782279054
-2068048316
814287808
511445927
-281876873
-1048222831
-187509136
176117747
1109945584
347654095
-750659518
-1996657734
452949177
-1625192110
1422939804
171767775
417727907
-1210415689
1704670949
-871731926
974495862
-888055567
-511337985
-1899377793
276901908
-1813225054
-1199821803
7974994
-66164515
450639531
590818454
1647597658
872102485
-719953402
1640395392
1548912772
-805947644
-276794158
-1339887391
2132775466
1216026269
1143982255
-1498054758
-2125666684
1802679906
1460896332
1165683814
-1924731554
-2010629178
1906551101
-597059558
1920209675
-2103755437
399075601
-750967763
578961817
-1672407602
1994510243
-1307511685
-998885051
2118501784
-1946313552
1937410373
-898401231
2126448214
-711592278
341898620
-1016413868
885683412
-803792693
98497854
843588273
1146746150
-383824276
-565090144
404323019
1736422672
1147260822
-1332988242
1496884567
897413287
-1274916135
1464589487
-301164749
225500471
-835229604
-677761620
1370456470
44129895
-1873874379
-1824455117
-1158187895
1108437403
-1794028038
885913688
-230542186
1446525849
1865745304
626406396
-1891878978
82756718
828247394
-1722142895
-790233681
2128932242
-515830420
974967709
1184511798
-710762934
1681130522
-1950731715
101347570
1869226573
368794611
444990956
122631498
-1652042070
2017156794
1677362245
-2138842720
-604684056
1591961535
1292125062
1026910918
1190392942
1567188850
-1056950122
644836528
-827921883
-2029941704
109908296
-1515691669
-671666597
1785144449
832663265
-1703195827
-1485109014
2106134042
1634518231
272277102
-454753383
1874675391
-1264525349
1077695830
502428353
1732538868
-601990887
797318391
-1255709645
1914660884
1121876414
91999197
-2061494183
667296425
-157723974
883005603
-2095158886
-227501570
-280032058
-1985559640
1157350915
-661166093
1623700648
-150689789
-703684829
593183760
1217202101
2009687987
907834421
1910484187
286655639
434415387
325048964
-845786515
-1877719984
1254099884
1329342475
490608194
-967876737
-145460765
179217499
-315509679
192603104
1049103990
-567843903
1221552476
-331899367
414248649
1852977319
1132735112
741948338
-455439193
1476011834
-1785052624
-1768584859
-1423677138
-516364467
848586229
-1965895273
-1367678199
-1496547204
702257689
1251942182
-1370833948
2109570196
941061645
-1166907291
-1109196516
-1120883662
-991060408
-1694898588
-1841280074
-2041144919
1197377369
-901047180
-2093511789
572835369
801297983
784421865
-1717186079
914560284
315486712
-498036703
-189935917
442108371
1244633687
-1471856955
-1688013165
-2020295839
246913050
-921163698
-1311932041
234070727
41671227
74605771
-1355695245
398174033
-1733127034
1224038624
54023886
-870380226
-101239957
2014773009
-415451624
1223961254
935999765
1520632128
1944150363
1479018136
1988712378
-2072680844
2019170960
463029890
1528716596
-1274292005
-1277278891
-34992683
-2038905903
-120141807
-1716677157
1050522601
1439628390
-637277278
-1875100891
-2050919395
-387856982
-619714099
-205850514
1303215170
-1739774784
470099595
243458538
-2107769543
1654117141
-1121321265
-1372344143
1002054106
1349203308
-247401458
634315256
-585560041
-1536479178
-626947072
185144705
1991465056
-1429836506
110684328
581853012
-139364535
-854792699
1944935570
76382383
1735282026
-379336510
-313491621
2116631610
-191975034
-569702196
1128236662
-1817298562
-1895989009
1687826852
-1031150036
-744543336
-118631896
815746733
-1850573084
445656873
-1459933748
1420033094
1474288292
-1402629232
-2036731475
340391450
1750351575
-283540645
-393723329
-210651466
1571722832
189743098
1561472567
1181940827
-1799260274
674358453
-1677596561
530073365
-807548095
-41425697
-1405142004
-544496628
-1119693043
-1614562997
1102028513
712268313
1849536653
-110268161
-988117482
-1486206053
-1935778662
-1832380121
1575739652
-455270005
1506352844
2136027212
-555164061
2145031118
302955840
1743231173
831086503
1325425354
140426395
1128971885
-102056282
-1180969412
-837625777
-327556203
-982070915
-1992174265
-1597818083
579258684
1654921396
-1253577777
-1996014630
-957471107
-1629281376
-986197753
2029953653
1237033800
-618809591
651969352
-54806217
-186234284
-714821109
-14725852
-513364403
1034790484
-104714943
-1344321605
-1904801405
-359727512
853831711
962670156
-1628947886
-370317866
-541566817
1230771982
-753237476
1342083833
2068846879
-855448256
2002894517
1966715257
48066697
607029375
1532483877
1755620284
-128663372
589061463
-81732437
1580165019
1774233353
995722011
1378548229
-401305000
-341574807
-726844680
1188362990
1311840208
1648515406
-782130104
-871765528
1454690540
-1736075473
-1083479517
-779554245
598766941
1840828457
1994798652
1098693692
807206023
733471707
392494313
2054539730
-264005187
-675508079
99776131
-1810917578
-1809004625
-421491805
-561030672
-222264327
170923808
788413471
851520637
684771403
-1155156773
-1693451355
1956494064
1333066361
-598353177
-1580727918
-269709347
399304887
1548853497
-1407624095
582548280
139447071
-761012182
302816589
-381386965
742068729
-570417687
-1933501895
-1611483607
-399944643
-1669287374
-1893340716
-976943549
1967858261
1961139455
-503054856
-1936869958
2081669414
30457599
-979042221
-1234750252
1942491473
1344235909
1106826568
-881479437
1585325749
-1299940926
-539629289
348538082
-2063576008
-1904512201
-787567814
1921014386
1408151495
-875016860
1138285586
2043875653
128340634
11200709
-693530429
-1018052887
-1893344836
1236295422
-1770843813
-1039147992
-610604342
-1416846764
-1067453127
1073607581
-1698905862
1035608159
1811489196
-368155254
1238632031
-1799070723
-245723430
2009208041
1452309866
1899868810
452261602
-1960160832
366034611
-1557151667
697881413
-1720806215
797740793
164173876
912870529
96067569
1984991591
1140998852
1193017342
844945680
950426136
-467716022
1339342894
321843353
-147512099
345098838
-1589988625
-1039521150
337359933
-1676365719
-1017744845
-1880990713
-757982019
136195053
1151275746
-206441798
-1404665760
-1555794076
2056664574
-914122530
621510256
1612543204
-458127352
1619086069
-1818797185
1539723202
-984460639
-2073644392
1996432808
1423377805
1836188789
-1237460346
-2088150758
-414119362
-1598762156
925536254
-2044213034
2069330861
-1090397023
-8780464
-626995273
1047697477
148006895
-1317959247
-701755981
-855151365
1113599976
-1817154993
700921183
784854651
972346737
2141606053
-1865699912
-1267797596
-1256529653
-421481969
-644477921
308197174
429061756
-486071136
1939647141
-1443889462
-1074389331
159886643
-1335697783
1839912194
1494764501
577854144
260739838
-1165913856
-1429439529
722256624
-1977725904
616150299
1188961513
1302803442
1783223945
-910842160
-970352523
-637620337
-480762321
-1551011338
-1409800125
1242170235
640756433
2140408629
-245278249
247042798
-252011613
684311992
-2018057193
620930419
-1322582106
-1709969375
-98192591
1179668224
-561088980
1562168509
-201240901
898778437
-1615789157
-918660872
1893531163
349386312
1964664432
-2062706669
-1552600
-1949993935
1157871751
1413698835
-214244591
-1622275486
-588291943
-434466820
-669670019
-1979478069
-837806076
-2062808513
-589442573
1595361915
1693714642
1800513136
653814652
1232369785
-1598732301
1058246459
-1007482233
1766511060
977350605
818698648
819012876
-1745446920
-2057543946
898668093
639841522
914998850
-1021223104
1622771284
-771792715
-211863593
756300021
-331749522
810125891
-1873160527
-523930013
-1210119498
808642599
-486594566
-89957478
221227881
-1716024087
-625096291
-1287629197
448608389
-1587380045
1973794072
-1857951019
-1512864320
570904887
1776376727
-1684299981
-541190213
95042512
2006708030
-1880249000
-1952874633
1589532135
-185438778
538409830
-702908152
-1821157480
693256267
210379035
-2128887417
742583444
-2138995613
115834198
-1671505844
-544755896
-591768974
-700538919
-1292165284
1139159614
1275303228
1946061648
-1933963488
-1124942909
-460896581
1120179090
-883527336
788830154
1733240370
381410342
1618990926
1792156688
-1378993279
1318566664
702725966
226425472
-1775322181
2089485227
-1349968555
1752686040
-1312742667
607813186
-974243065
1812876427
291673952
1841893179
-1688460570
847240681
712894874
-1291824373
-556266815
-1254896260
-2052340160
-763317712
1229353321
498817205
455863495
-636472973
-423173206
-1647848760
1790607243
-53509522
1238539385
2131989203
1222754600
-795797427
44594281
1281957957
1830408969
1594246360
-1354509212
1371947389
923617597
-533552720
298033046
-514928463
796043153
-1546237480
1610696876
-1751287023
391650266
998483831
1852278333
1916718635
415238546
-685909541
622549640
-1056622703
-498976091
-1245120575
-2139004320
-2069177672
1045350797
-836390445
273981283
-2061475550
2062358684
1715870065
-903663246
-1909053249
-1180538216
1180798899
408466268
-1270909808
-707727220
-852877138
1296379612
170230670
-476487459
1107676918
889904069
-1185238583
-1755944037
-460156060
155983483
1081870291
-9789415
33821977
-652838491
-1317938082
-2071029826
-1537843774
-702650592
-238654429
-648644067
-1656680931
1630227510
972262405
1837313603
-477440325
298974479
-1193879178
-1104884399
-1659553530
-191921305
1502481689
-304534967
787797125
1832721537
435377065
-104168660
929743966
1576116826
822858008
2109714243
534237468
-1561078750
-449269253
-1127194947
-1224049998
-1767624217
1948086052
-765116550
-86696256
192700307
-936106096
-514516187
1659485972
430785304
70464643
2053980808
-489870222
-792440343
-1460315151
-1983587814
-1114924648
-1756118613
1774732576
-132129827
-1208690053
-98529236
-1424288886
-56630682
1170658263
1293194899
1388399623
1481511229
-812589338
-1453188135
-1919129557
1911205478
-92068498
422156920
-1363100692
1780760895
218708481
-1463177887
1716556168
-1071560052
-1019252608
1544312882
2089983909
1231350224
-1991853344
-656138584
-1636352583
-137886754
-2022502864
-576807087
-569247061
-507134290
-510880806
614049158
2042853818
99837556
790375208
920839832
-1842759266
1869156334
2067791626
1626988105
1605052908
1734446077
-15911914
-1267827074
-2032979266
-978485129
-2041580849
-443636175
-1795353966
-822166981
-1010085335
1090491308
-818661774
1389235333
1278142028
-1187002893
301953109
1676628354
101709720
-1428094591
-331436091
1812750374
1703978473
-418288585
-1483136831
-461829315
339704859
-2113538927
7591140
1801420224
-983681072
-314083302
-1270392122
-1939502998
73845104
-536388319
967632801
-1931430775
596758641
1085772717
1071773495
381169689
-225306665
-1502793299
1980466675
1198581518
921491198
-1923867020
1936738638
-1814995472
-1483818345
585990499
-344749452
290464173
1488583152
-1271273497
143689510
374923434
-2073428873
-1802807642
1664122082
513900826
-1576184960
-2033534476
2050212416
1787414675
121572421
-1077974645
1839764126
-1391105826
1312071214
-442584197
1991274495
616138254
2116417875
-1693146529
-868270288
-583792173
843675966
961966801
1366131244
1429493775
-2057977867
551709727
835278017
-285067095
1712831798
848826430
-123203726
415828642
-1110743548
2114901758
1681175711
-184904603
-825630622
1572923519
1108708323
245237090
-1039653026
688032483
-1136291908
-1248527139
403532624
1578514244
929337713
1965664770
-1095191965
-415725080
-91539664
-2133436099
-861831852
-1820425805
1776171126
1365770952
1029141626
1796457180
1794014387
883076740
-1417584379
-2062692125
984219693
-1935163123
-1625557366
-18582590
1518052132
-2016705016
186462398
-1443971998
1937131318
1720224702
2127120769
-1522049968
-179708156
-116087826
408062750
292701360
-2121837546
-234578466
-1339194671
843628657
-1130207493
1823018419
51861385
-95388222
594472372
-1784695550
-597407506
603273923
-406252462
-1749393242
-1224172892
-1604056705
1609466846
-1340780589
-902926383
1816289050
738759544
-683378581
-1840293156
1735025222
717612994
-1809826672
972072312
-243716869
-1696324482
-198220423
-1450339104
278066535
846238837
120944521
-584372637
1166823970
2140203930
-1538673763
-1950007261
-672723547
-267155601
1347180965
1501344281
-133939972
1729679784
1289027701
627794779
768904634
958245133
-1391585571
2005014433
-244646098
-926354268
-1465982474
1444493573
1080392403
1079821582
-1257861954
-1775930871
2053242892
382576689
2027953383
143483870
-1360111856
713626391
-877633301
992869603
-338985182
1495139861
1432103780
552547179
-1841476602
411651887
1131835289
572729539
-2001606993
-686223685
91951963
1636169842
2056529212
-806264253
1023707666
2060761026
-1378423259
-1099540049
-1990750958
2052483455
603396785
-125986141
-1618901710
555346430
1444187307
678188582
519797151
-732424352
1754950484
999060611
-1081305107
2006563352
-302400613
1479416691
491039086
1295315369
1752745867
1893266043
1813514695
934160820
-1806890748
-1876768365
1932260032
80010033
-195261523
1777829384
561721690
-122380804
811530793
1702394274
-144140250
-1850257773
166054536
-598243319
341164756
1767722014
978730495
200588900
2041184010
1864176303
-1789450277
1607156034
-1625395594
902542793
-1394626637
-1373326147
-1277053402
952368934
-1120697635
1977123548
1584844566
1570387380
1525426466
-2008112071
-816329718
1486278881
-1292472139
341036771
-241260386
1293065240
-815389344
650588037
780367258
460525194
1668384511
1007161543
-442468725
1697504049
-267832526
-628353805
-1847458674
-1071186671
1754822221
-1167268388
-888059282
-1104362560
-674941037
826703611
2068196849
-141974488
1304818852
1403876826
-679609746
-656682612
-1068007373
1500340
-396779357
2027872968
-1899792389
948034397
-1126195259
-1563162660
1577297395
1523350111
441117655
-1040608342
-1189232448
-644015002
-1833867969
-1437934082
-1013563542
-1553321507
635549077
-691158577
-1097845678
-525225256
-981359170
-1639760956
-1071946909
-1206170828
1953710393
-664474375
-695138425
1431217404
51927736
1076987394
-1426916515
670659854
863061490
-1754898897
1145583912
-1172886019
42785463
-1134249199
-1104353782
1095138617
-309521084
-626684867
-176464783
1024915053
-656087080
-154755249
1918298576
-1107586776
766054791
-295137231
909652882
-332079938
1142361677
-1178273379
-903448757
-842002832
420639845
895003104
-1538778576
1023823306
-141929765
-579477537
531119049
1058661196
1673356640
-531704737
615923684
495267148
2121085277
1833505664
-807435316
-1842774246
-562208695
-1502713206
-588074309
829050469
-1182930113
-1965527573
352284044
-721202468
611576778
1396693888
408697268
-701596648
1461593603
1286167827
2057825138
1066983864
-1708154914
1153265444
-1841627323
99881421
-439625281
535916524
-1697605986
-1427938952
104168531
2139363998
-747238441
937108434
1247383453
1152381679
1028346211
662825739
-2014408881
-744856360
848138309
-360564779
1954541659
-743531366
-2029471291
717044482
-1758204984
-1468048638
-1952186271
-1682600597
631415497
1580943854
-1584894974
51577364
66252810
1802736911
-174064273
-1903233395
2128771661
-1616065809
639571206
-2018851430
-1566319563
1194215990
-1867444056
-410501098
-724109982
-385564888
-1543744267
1079398419
1871493309
-1066371727
163657145
1413622342
-125236204
-415202780
-887459419
-1778404958
2013957352
254282241
-1784859327
-1425936062
-1098297722
623585270
562157857
-173617013
-967121580
-1877657624
-170012842
-1406704239
238769004
834832818
-1416989657
844138937
-509629842
1998831725
-1864649215
1444779168
749762193
-1535024654
-1694185301
-594976453
823609083
-18195812
-986163267
176685375
1202448211
1361082706
-327881646
-1201814845
-1228726637
-1375590461
1757772284
430861346
2125072162
-593435917
-725006600
-186002906
586568737
-282576905
-774528094
661204066
-922413052
-1917761284
87500074
1256377310
931586149
626728589
-515942520
1125128185
563165972
-1564456684
371661485
-1313081973
-828704654
-1721330015
1117593338
2049834057
1363787518
-1337073430
-581225227
-313975187
-1639136208
445593490
2140431418
603629206
-1947615611
-1974605139
247004591
-805261332
-6396709
-263177852
-1842537221
568163463
-762704130
61712789
1247890743
-1338028527
-1804055678
-950187556
1501840614
-679828311
-1180795182
1598973528
-1509954270
959383562
-1515462775
-1738903608
-1285347304
-1425228052
-1058249728
-1509483595
-763557194
1916016810
1999926567
586940597
75857314
1963797796
-447448424
897528557
981105005
-1845414170
-1640983575
2088805591
-1466412536
1684859785
1971983169
-1007398844
-649673354
-189434279
-1722970835
1555524516
440123843
-2099250889
2081526196
-985845883
355472948
1453701057
-1986043224
1224994905
-1567521857
855462063
1109408574
-1784967045
-1688149827
1202956671
-283181855
2031259252
119686109
-1204457388
-2009639614
254751609
380660316
-1521199077
-1186418253
1429120568
-64762510
383873775
311727029
924575187
-1643046129
-878162242
-778757425
-1167265492
409601478
1626126380
282187680
2142543459
-494493687
407324599
-2100937673
-988027236
-1483950441
-774169317
-1186054750
-1254249979
2009980465
1268870391
-985466172
-1104400361
-32757613
-215104336
708476012
186116123
237024418
1343760532
-2047155550
-326947345
-495022623
1617457218
1130533698
-412674295
381652777
-265255606
1921793487
2003405756
907033753
-1472632816
-1257322368
-75157318
405457098
260120309
-1297712481
998761689
1172355399
914748343
-241829869
-271263975
-365568452
205366040
1004724795
1881372901
369529196
693985981
142291452
1774506137
761163880
159506777
445488925
1049423940
-2042362371
1897178378
-1288656687
2065077422
-1810819346
79588354
521737109
-101502820
1740015074
-1576242326
81391676
-1715869614
-3800417
-1024931710
-583696313
2047623512
2047539320
1826883596
1067944826
399477377
119500804
-732876822
-825820501
927350824
-838805488
-937793786
1269156828
-1281036099
896788950
675274609
-1171016820
728917375
977673326
1952462542
739835721
1069224842
929979268
-340002575
818187658
639375636
1727395146
-1424217918
-1715409221
-1825944845
867038128
-1189219481
387056536
939398754
1933858002
1961095585
-1717719875
-353027325
-1047537998
1884265334
-1363714178
357015847
1612728870
1542181392
-2129677324
-1524838323
1267507475
1776002021
-2050604968
-761017879
970402779
-324096233
1500337555
-964211611
768850451
422495772
95711509
758432364
1912771193
-1118782815
-26773531
218915429
-1928432091
-1666420053
415108856
-1577762243
-95739139
-2105627649
-1546148665
1731748713
-1267398290
746131908
-2114584549
-181273813
2009737560
248219750
-1462671318
-1952941293
-979416503
-753151044
293517799
1863130568
1444152045
-137430164
-1089405290
295828488
-1480899643
1566183822
-744138850
-29495828
-1741334249
42352527
1998672802
-561595280
1863555109
-118604457
-1227292463
-1501665486
86846369
1723438766
852709501
-259489158
-384847009
-1946393893
-373776406
475591034
-1263686836
1869107854
1491106408
-1818394410
-1810379362
1768306687
1605429412
877143397
271443020
-58888874
1708319034
-763894983
235322817
-1470055091
2145693325
-681926436
328612043
-263278061
529292763
-2025690404
-283927591
267218547
-10908789
-2083722358
-133059739
-1582795467
-1039720247
-945546498
442315694
957940420
1285740116
-62166179
2060319147
23584016
1965658262
-2015562403
-931051717
1159839157
-1065031436
-1395758839
-1598781792
1088797276
-1127778201
957204161
-202792658
1189564257
-62212277
2017600645
795219263
1823731894
-584415625
-688061582
1505294185
1229341958
2076685709
376240523
318984947
-1653641443
1606163090
1374335932
-176054908
-1371469434
1715474112
-440036324
-1886637540
380156021
-55941990
-2126155662
-1188034744
2098755047
380709697
422262010
1809847441
-366674937
799200006
-732795031
1171462965
397799891
-1456175297
1974601261
1000916505
2079964671
-1493446306
-971333640
-1792256771
-1173806055
410442047
1760919423
-1933949199
-1840967699
-1914186048
-1305553026
-684607481
406532906
461211798
480434944
61957705
1904499013
1804321886
135597532
1105957357
1792644509
20214770
1345165698
1658531015
-456413217
-233663490
57715191
894962942
979006123
1014892498
769660701
229578498
-144719753
-1575463304
-13115848
-532770115
1167889075
817865993
79310765
-630841336
-1821096146
-1744403908
847779083
-2044920224
-247144521
337925951
-858786993
-361194536
806426631
842764745
636185955
-1583833263
-937724450
1779424112
-1608881432
-770907671
912242539
-2145914313
2015446836
1646070705
-1228258320
-1384384917
-571708258
-1918842974
-857505114
-1823850066
-1715740680
1855111888
-677430307
1077549907
-2088927140
-1535644961
1163815015
-571154963
-14352597
1784127414
-718007498
-1722588638
1614599251
1570294899
-2140917436
-1048132924
-388255025
1961040798
622695346
-100610527
819872115
476232352
937318452
1398913178
1241324521
-1077911435
-1643873365
-1510611854
1481859062
-788100192
1208120083
631755496
-2056631550
1640508255
919203487
-1191734650
-501044266
-395565024
-1132647647
-1815462213
-1306710874
-1044086989
244938159
955868327
-1244743342
1313793472
-1647065725
-1414307530
-679574040
1307059962
940216355
-247788432
1732213101
-476401260
960379841
1302742542
449773789
-1195112333
598987747
-132106417
-597717393
1112804006
-478419898
-2043847156
653609244
-1616623982
-254697985
2126296330
341815394
-946549647
90483428
1991413135
809711685
1367290877
1558336297
-1370558921
-1185799786
-1553479321
-1757882035
1520077575
-704376201
1759516046
-2057686986
-450712894
-921685219
495793517
233926555
1476234619
-874130729
242726100
818981537
-1718212501
-1902388913
1433526362
605228232
-732476668
-1517320176
87868049
-548839160
-2026143419
1500467272
-2099036037
-708483273
-154646704
1459011790
340134205
1937415085
-1890557383
-596848539
608849170
1580291369
-624791008
-62519230
-37195902
-516727562
-486141567
-497003829
-1770575662
40330569
-1220864567
1147564705
-169686338
-280821267
-1554791123
306537952
1229429861
-61798623
-407104073
1769879973
1998684548
-981175616
525158817
-775745072
598892774
-428981342
1441692902
-84514550
1709440539
-1309744318
1060632597
-259011319
-1325319577
-1620965984
997743719
-589718766
-1358040835
1238246249
2010643732
-1414561601
1615061613
-1165036972
-1790445087
-929184510
-240229543
-830177330
-693113091
-1010983575
1984283247
960942552
-358199795
1269502883
1317443986
-2022165968
1428993157
-709542078
1368424026
1984858030
1001050937
-1204693055
731563455
-1794219535
-1510491341
-504798519
1195724560
-474440902
65708998
-1121877329
-1791587799
-1697270633
485064163
-249616063
-1361629980
2035830851
1065150635
1649586882
-384873521
-2126352820
659970884
335293746
-1443902945
2018463606
1236178927
-164212782
-1553050395
2040406623
128957530
-1925519642
-720806529
1987567331
1040155442
312195004
2039269200
1628238785
749964028
-749264659
1418149043
2058201726
1027782181
1046477538
1737187116
-1714788983
-1985742761
983858329
-1588115744
1362566303
-1711528691
-635950935
-72350394
1946139504
-901672087
-2063530365
258350879
634472067
2018880324
-167203846
-204263005
1238755926
444706695
1217780484
1198536444
-551528248
-549103176
1744549825
891756023
-2069555013
2134579927
458742461
-721835784
-1383683083
-1849748117
-137837711
1103284271
-614224057
1782785239
-1254461681
2021057289
-1113302800
1208714737
-1046538369
-1835350808
1018624322
1236595924
-951689564
619716885
83976582
178148341
-43685405
-1479417355
21452060
1331507316
436646372
1873393530
-1381734170
-2130331724
851479194
881563868
892990695
-1836846547
-1577212031
-1080349303
-1147667418
13457280
-2121064410
-2035658406
32648920
-74510389
-1659651860
-1178654714
631270077
158234174
252212236
774075355
-2089001527
506900718
2016587485
1048978346
-1062981881
-1549307416
-679719083
-221033470
-1622912582
1145451913
813614543
-873070687
193521349
-875261427
500295437
1526381351
-1007071156
1881369701
534766209
1061181453
528931738
-1474025908
1896601800
1607514836
-725506748
194386331
-1462970762
-1076252543
-952820849
-859835172
-919128296
1892790088
-467680498
1284099358
25867382
358313606
80748943
960887047
-1929665000
-1850308108
-852823240
381946159
1934767371
-927292391
511512044
204108203
1768064996
842906624
738039538
1187559655
-1106433275
949856811
-1651806504
568147896
-978896610
1513093319
-1334118507
-546900304
-174192650
937069344
-1946707731
-154364748
1159880043
-414529450
1221502745
-2002246964
434335927
-462930607
-1582329946
748613946
966933492
-436540943
726102173
739985869
-555097631
609004938
22838755
71201654
549596134
-2129623409
1500502242
1068948251
-1761778603
-1655596660
-1699561879
-141593173
1192431858
-1613286567
-796512560
2110435186
-192065099
193608332
1183478880
1592556717
1948706765
222020655
1035348977
1572626273
1712597224
-1846296654
927118291
-1212058009
315712177
-303436253
-1229576975
-1635259957
578122394
-4548453
1714502195
-1293924265
-1590716965
1586215419
-1448490460
-1723946390
-1736198727
200183768
1025554133
-1435980275
1414050827
1318373043
-244549632
-553738169
-660571143
951039341
-652237969
-2141362256
-1017521401
256072697
-1113253986
-618920893
-1146591663
1713248595
-366891873
809547896
522121240
-1715385168
-934965443
-814272622
-23244420
479614454
1630906980
-1890437835
-240481141
1116645741
609731264
-2043096517
1187023481
1023732407
-716035933
-800595257
-1549862351
1805665021
-868604885
-2123466343
101651212
358245995
-990216285
1620878499
198852575
-908329763
-139602903
1178691293
-2075003333
-831888934
-1589740399
-1630667947
518471151
-35852352
743985801
-1631472247
-449532719
-943764927
-589915651
-1172106504
1808128701
-1826006003
-308625732
1384108534
-535588386
-1121125424
274647131
-975756864
1943813932
-196842401
-354375591
-479313969
41183028
-2127811539
-1561213308
-1430186384
337847071
-2059024381
-1916244070
1371910292
-1034229268
-1370970896
1286015538
735221476
635382271
-505350787
-741919268
-958043624
1508603616
-248754651
917846151
-1559736695
897142587
788958467
1898602019
1282014468
1645068078
1947273421
1933258375
1973783776
-1370987836
-1953940736
1436065171
1643400018
1711377595
-2086446756
82942361
2144678911
576558477
-294612333
-864773128
1499127506
907515565
-1130372548
-1253629942
-519440625
1705383441
753119245
-1648155585
-566259800
-1811913232
-256528823
-2052515447
-1548228401
200522956
1960160119
-965286661
-213681460
-278705741
2021083988
-1627727956
-1270785521
2042546369
1155390218
-1723612959
-61650808
1303337960
-681266016
1081966186
2083588150
531803123
-857348684
1532735308
583385854
609785287
1851264360
1437232288
1075551165
-1453856788
-1365793382
-1162400582
2101787808
-520948661
2011114327
146945164
264402610
-546506183
1203034768
-842319028
-355973450
383626419
-1320423154
-569236395
-1320037578
-1094690581
197307555
-1496386742
2096379867
-831491837
-494569311
-1573757311
1909731839
-862093545
-172818800
-420306019
-1546124672
1037878401
-303821286
-1145142660
775231703
35588439
-982151094
673874516
163896168
1211457592
815921653
1061872920
963453211
-1074273720
-1868893832
-2039550689
866005034
2068686712
-1012196445
2056804615
-38709700
478510858
678642676
194263511
-2028966477
-379376556
-1680518137
-1974958237
1472193602
-2042811453
-78459315
1125914356
1298798273
667108386
-1614036996
-208349145
-1264314812
616982556
1642487366
-979207147
-1492047255
-270619649
-1992899892
701098676
-343169807
-1688972350
-1128170667
499657340
684645009
1551711561
-840245062
1569300045
-1501080310
-821024026
1636854052
45923727
158044791
-2130464221
-584554118
-233461093
-296688155
480694974
446167572
-2033562791
1532316968
620591604
-1271532876
2066008105
376459244
-129272318
-429051467
-2105240314
-884327414
-1034117656
752853636
872704232
-665169124
1270952303
-1190217905
930989930
-1035879085
-2128497299
1873103357
1997078701
-446540409
104714311
986323037
-542979205
-1777491313
-815928648
-1566486623
-628171345
-1734766126
976722127
-459875571
-1600051501
-1452423394
1623265086
1165126122
1057853705
-1158310473
-714069808
1691443393
620260399
-108005709
-718946245
-1447941691
1207953214
2102923396
2010014232
-360736624
-291947534
-1674173482
30251822
-1631431406
1872916655
-447614565
769222390
-796294715
1362351267
519892579
-583040421
-1225060059
600480295
-356788496
-605641024
630160991
-459787414
-1921222135
1509552455
-2088510136
542659920
1836960654
-145950128
-1203210864
701088919
557683916
275472704
-1017029321
-1979428549
-64989678
-1020342141
-1550727617
262710300
1136471428
1961016787
-914230366
579650269
486594350
-1498584391
-795145850
-28152306
-1745348004
2053761364
1288907950
1300413836
1833121832
1519855960
-1999133388
312254247
909717331
-272871079
1823078517
-2093343866
1910171992
-1662850999
-56611253
1028293959
572761278
-1748266177
-217598591
1033762410
1749364909
-796234887
-1767007357
199278575
1211354564
-75222876
-981071019
1626058684
-1110521815
1888869210
265832390
-80195388
-47178015
918836203
83072228
-1600747162
360631392
-2056629921
2042938546
1446198290
256148579
-1900632901
-1830069480
1725287986
-301925634
1538094211
-496468710
-852182714
-171833104
1946365056
-1812914356
1402964561
170475838
-1806686781
-980408443
624882547
-1849897986
-1350022423
198997458
2115097559
-1209361805
1167211679
1020397742
-1747428914
1057114202
-594691480
-509824913
1099735868
-220512637
1292981149
-1047132670
-1088782286
-1440617822
-6052683
1855953114
-2046936100
681582694
590652614
1612548133
864849821
-41814069
-39860404
1030028096
556016760
383368364
2022176296
1840590189
1403733681
2092614555
-227891222
-1039597373
616738739
-747882508
-1512597934
796544101
121670196
-1833814225
-342959853
-1496360458
-1407904618
-1858286218
-2145425189
1650345548
-1293122160
-1406032009
1455181455
-1107740317
16258829
482250106
1906246363
1079093651
-92120236
-168821835
-2001616407
-915399163
-1080999832
1558735839
-777726097
1908483171
1662674353
977937410
490612463
269446606
-176904229
1584307861
1424127034
1439581973
1610352381
-1474043959
-1790169035
664199202
395004670
-1873195997
408669663
787355319
-675214796
1101714506
-2077629550
1905244250
272365133
-497907166
960732296
215445390
-1185639566
250999576
-780255584
-2001809341
-1785152087
1715841983
609667170
-1075103858
-894459782
-172281700
295627584
1132294812
1838351573
-265691075
-947329506
-1115660060
1970608434
1150651024
-1170734060
5440924
1148721145
-267247247
-1726758030
-1614955411
-137400283
-1785373052
91744516
-1511422615
1077433379
1809609284
-147061866
-689202116
171037439
-1458237348
-1439620166
588697249
-1992630334
-1894093515
-1134769208
895960600
-1126241515
1057751247
732191781
1064614101
-1749028055
-1056103724
51150792
983709179
173485530
-1034300438
1743019258
1040318729
856928530
-1848752056
-26440100
1691824276
1578155371
-826013812
939927598
705037366
-1240232168
419476938
2062962125
1549739462
421189893
933222888
1770986365
-1514059319
1523076667
-1851640536
341239913
2127553319
-259072631
979533829
349381863
-1179328991
85361504
400072771
1831622911
726570626
-604973570
-175002559
1479870253
1921678612
1120382927
1859407761
-1112180890
885006421
736205839
298738890
-864375208
317164650
-43128397
-1641949028
-557378314
163657300
1271171209
-940299740
-1700293581
1035265633
-1461447522
117775488
-1902630644
1972393444
-1556433953
344354214
-133221172
-995789784
-1888703998
1270326897
221711755
1481868961
110479014
-169453572
-242117897
-1241147292
984682936
61102643
1455016790
1482943704
665082393
134930342
-617362229
-602052179
-551318915
-1057328480
830174935
1502161933
-2105939818
-1380634760
1837547554
531610898
495297136
1563545638
-17261445
2051971447
1410616862
1012620568
-1769095395
643825809
1687502742
-614820026
-1105412812
1927036543
1124128985
1296265092
1209488543
352904608
-1155385258
1884430102
-166536458
1946004293
-2073892464
1804121481
431626445
-1790059609
-1056015362
1782001600
1357583674
272668955
1912480817
-737842100
1760007572
485579395
1140509500
-1044934399
-2052631171
1280662791
-1205456817
-514148923
-1111016669
-54919931
-626917211
420538539
-780071998
-1357174203
2092304800
194043711
-1614060436
-336565391
-1742411471
-841029341
-1468400884
218244291
577822845
403306458
-1322095704
-1665133056
248032445
-1945055261
1971983845
-710065244
-1771140507
868267785
-588919088
1694809950
-2014722424
-2120207367
989620955
-570555458
1735754362
923644693
-1637260252
776918828
-1926918730
-337435513
-1546837763
-67900900
1097103874
1064101783
-271802712
-1356290945
-1661186608
949196609
-1625652126
1292490364
-921863961
553487362
902816418
1726365791
728624962
1575364338
-285531486
-1426381359
1059360312
-290047465
-1766856162
-192257975
-581750820
1581916663
743110491
-1508203326
-1021046618
-41458578
-2075575958
680128686
1131768658
632088770
-1589532499
1470452266
-1991741688
1407589620
-427449446
-1602715790
950465468
257596504
82039742
-2118454890
-653946665
1819880295
1061543685
-756582803
1818098198
1825971412
-1851692744
-1108972086
865584818
-1880984612
1429809606
822224365
-1852569919
1463965666
699603398
-295695556
-1802351908
-824267462
1867841084
1789959987
535560704
-298391740
1007211162
-1049400681
1485656505
-751474755
-287385718
-246718735
-1822372740
-400949423
-455390742
-642557126
-128603564
1395876723
574227992
-1943418926
-1661048895
22654321
1429379950
417693111
1900015324
-257345854
2129368080
831876338
-983060801
1763600034
-453774108
-1630554540
-444512989
-1314372384
226900449
1575758946
-1742037431
-1018108426
1397248653
1213296525
-1179668706
242746458
-1234148672
-772073050
-1926943335
-1190307053
-1586607187
-562910064
919333736
-981625458
1253458210
-119785418
-1954761014
1507715249
-1538724082
-1336742977
-2106137154
1125099824
-1738935484
887162368
266989405
-1051299040
-516051074
102881586
-1858816124
1886435017
-1781287005
-95169052
-1235521355
-1913930049
-1959567284
-1232350926
-1864419266
711557939
-1263259260
-300287433
623956123
-1222648186
2093236687
725889727
732569112
1966995230
-1214595731
897630017
512772538
979235453
-587915809
1284997643
-296047009
-1057602161
-68037206
-1010879041
-895945692
-417384894
-1274842022
523197181
244645382
909533788
69437129
-1191785119
594775499
1278435208
370980769
1517433776
-933182942
287164593
859304990
-709050547
-897330423
1766214802
-1307535080
-517411087
-1941458834
-2065067635
386919488
-1653192550
1950115609
1358758588
-2108660311
-783008060
1102016456
-2142053818
1387105674
17937622
-2041099109
1497627891
382562881
-748955937
-212789070
-270304511
909965979
1390819457
2054483476
-794244553
1854445650
1812033325
1441809874
-927265477
1456414422
-742089840
358856299
1893268512
-1612398000
1472304716
-1145850766
998130243
66618083
1619178475
-1986905746
-274700970
-1626437580
1636586512
817984768
-328562243
1304834348
-1500794898
695069771
553691160
1242225660
-1174430722
-1342133361
-221771744
1773840993
-851496724
1689284119
373036214
-2109815255
-1886548015
-1725767595
-1355555527
-1446712843
-1322699353
1776115786
-2031233001
-2088619457
-1959226887
-749281237
1031584422
-463242594
-1520642854
-344797375
-1702266316
-653276344
-523294697
1380396304
1678494300
560306904
779863983
915286715
-639914853
1222895698
-724456061
88473254
1746134306
-1694731933
1379189833
-16265635
-1452906259
-832796436
-177482298
-1832332620
453056787
-1492233791
-448616388
54991406
783441760
1160536493
-953417952
-1533702750
-891125728
-386002759
-1187613936
-263120101
-336612035
-1242367827
1365398787
-213701888
2093508236
1079535831
-1433005887
-1126972556
-1367338141
1309397514
-917388650
-1309671937
-45039250
1159294697
1461318722
137343853
-1505491774
-328815515
-1768114893
1968144886
-522455758
-964946301
-1290567179
-389901922
-1664768799
-713372318
244821737
863091422
-2111575016
-1383741828
-867808716
-84675708
1285201498
-1868079572
-1888769798
-2082069033
1798274228
-658506385
-943844404
1892079102
-896042664
697489390
389170782
-635684447
1507598444
47318587
-1888766339
1475454416
-877774305
274432091
242603583
237205284
1048050174
-1980973948
-1282226821
1254021155
1402097540
-1683294681
-1061214597
707594728
673590263
-96837329
-1152251408
1178080003
24891761
-1073820277
-384096731
493942941
268926780
-1849393430
2127613303
1851647456
-1046212765
-407356219
-876455932
-1487346283
-647931515
-1870537054
752546979
527307278
592801516
-138094443
-1857284845
-2012061883
-1438841891
192842762
1291184502
-914726075
-190277071
1962041538
-82338049
-974470968
-180797148
642771483
1714968042
-1177413599
239664748
1849662611
332726956
-1592352164
713569421
172414862
-227627412
603970211
1792711275
1220298583
844614321
-1580803614
190027808
-1357782172
-329872293
1918781614
-1092936433
-909505315
-2145549865
112003938
134300473
-1933471393
-1761945458
612699275
-954706993
-992963076
942802333
-1135490683
-418250489
-1688162682
326813131
1209042277
1830152498
-1581865715
-27547465
-270645735
798275342
-1735215707
-104490159
-427425842
-1308855464
-1984806292
28910987
1111200401
2003295141
1743406026
1880444751
-1722384840
166449778
1749154042
423321779
-1700171645
-1027392391
-2031510327
741470570
-750644867
1925898054
375464606
-1415251075
-1708215768
-1748757240
-102809671
1623713083
1419624792
451832236
-162970433
-412050
-1148900641
1173714215
-888108171
-665129777
-1371667222
-583956717
-28148532
-2037931078
1029910442
655292285
837055261
1721762597
-1391998154
827928828
-1312490316
-973854258
256157615
1264830470
-1140833646
1749550771
107615140
1893544830
-827484306
-621357625
454405304
431749776
1586000637
1082471394
-1539172734
2037410753
-2012783245
-458490376
1885387700
-409849535
704089928
-1563070579
2095840638
-941468029
-70497985
1252602984
132281652
1945080591
2000496803
-19177082
-92132307
523497110
884931539
-2059564719
279244270
2086670918
-921249023
-1823449326
-1836246904
-1325802656
1879017782
-209216093
-100364482
1488519942
1221943704
-2074532504
1436922730
-2056917159
-1900194577
1447789950
-1203730528
-1481899581
-1174422683
-792239051
-322150125
-1835927920
-1801978227
-1179485508
326683447
-1688196669
-58302554
689051674
-1334410840
-1947871961
-746496481
-211919003
725328969
1653316515
-1183284642
2047784237
1133808048
-206375470
-298676036
1568346168
-1157311551
2143769555
-1569888044
1958027636
1662167704
1650395229
713430269
582453033
374358444
-1642639083
-1072443884
2071494509
1754663728
1203245091
-1521944706
1112591837
1159871932
-1763636478
-1466345620
620677257
1433964588
-1538538857
-648736927
1855504432
606556104
-355846011
450631920
-213829716
423965861
1507603903
-1811526966
195206831
-305293238
-465967522
1738025464
-178289745
758575765
-1152655693
-513995932
-553684706
469352671
-143270496
1174620573
-911218210
-1938015394
-174399453
-1302359334
1957968116
607747275
-1181328845
763925311
-589952901
-2025783228
-993023793
9207647
-657198118
714447219
-188083885
311837441
-773158599
-322876690
-1461394932
-110077913
140996144
1768267488
-173766641
1890552395
-1224893503
-1897503255
2014752326
1303390699
1737287048
-1228472253
712030667
-533433272
142491696
808490277
-1121372296
387658601
-1644594391
1117379691
-1832776002
311548518
-1924111977
-2098241930
-914190923
-376069662
1984329357
1646612048
1253941877
-204773160
-996425606
-16096748
-1003367005
-1964089957
-1078700061
12930444
-1294607794
-594431209
-174215854
-102972645
1212008187
2113005148
-1118979442
390340317
1374833662
878073949
-251161845
-1713037300
1439988491
88883188
1620314019
1572951205
-1791101940
-1626327000
984895878
-162784437
1932954420
-2096369998
1763702895
1179148138
-32129965
-694044995
-1581357032
-259820642
-612925589
567804910
-2048923408
813215318
600920708
-1676471901
1145106442
478129332
-2106749764
-2060764546
-1075971497
-1327407177
744509089
-1055734748
-1689426153
1515079580
-2039831614
-702143679
-910686836
-1192066688
66431363
644742095
1927301617
-1710585014
1637404465
-490053224
1244880297
1722147271
-1455717546
-1334633223
-1596031301
-1586307819
-837557683
766572519
-610901378
1161916229
1489582616
-1636804809
-446328944
-1868519108
-652576912
-1131568103
1152508684
-757782055
1070977053
1723877861
-1644645125
1369758556
317734536
739331098
1673809930
810984197
-1553948019
890681506
-598429571
353036027
575380374
268270170
1587592804
-58978705
373977061
1828671442
16021259
2072272897
1130927408
-293934512
-289162826
2075714146
1847111282
515930395
814787469
322904890
1679495935
906306805
188737237
1509820491
-1554173223
823410664
-618403488
1571294933
-1619366846
1702702405
-978553274
-2061525700
-1342429550
510215657
306044629
-1466152216
-721402294
1043676354
-360749371
-654163348
-892711320
-2002925679
-1683015760
-1538579991
-130759940
1074237425
-662857792
-1728971340
356360443
-1838763881
-2066196567
-984979146
2135031634
-540392742
237677530
-70997485
-316003010
-506150795
2049238254
815757710
134799834
-525189748
526564200
1655306284
-1715121927
1806286572
1300112032
633255830
-460244683
-109629289
545773303
751500995
-127320249
-1418739586
-440525999
-1732006826
-1058067815
1984602512
401430980
2082167620
584242969
-1199277325
1215142796
-178016839
-34082736
-655095920
-1318384574
-1442979268
-975976014
-1131763243
-1906901939
-782428400
-1386223561
-1868302411
1128404632
-1667309603
78844202
-1410104589
1521991045
-1419439728
1427894848
-1018142304
784188192
-1473910657
1387640555
-980272414
-602214248
-1311380273
-1054859536
-894706698
-902164246
690043161
-1584797129
1248565623
1965454046
-224393397
869641697
1997144287
1299846711
-1882413108
-1601280353
322149966
-354093019
1144997603
920804417
1656937098
-1401408770
638985305
-1909446003
623588679
1565975853
-1380507300
656081746
-1595449433
-400944278
1954662565
1238924732
743439107
1582561835
299316445
1471907560
-631701525
527598169
-867206852
-366655558
-854584981
839372103
1749708915
1379800046
2090221712
-1753543713
662967756
409319021
334758954
-1550641891
-583873394
1231793889
-171022126
40857537
1102592421
-678087541
-437207762
-543440064
-967601278
1333793363
437141107
-1959468037
-2033284032
709799968
944998699
1976954546
2064398855
1081793897
-1248341449
-1938348229
921936309
1081225484
58338327
-103838098
-1029322822
-1695018402
12016745
1717920611
-376870077
1920384898
1472791983
-1165425697
-1162555494
-1289100034
564603221
-1724325878
1793079244
1436719755
-1198438927
-1348176538
-846071669
-993142484
693409228
636454140
-891337642
-1583104383
-455528032
171309271
-1893001770
1782002012
1579939
971254966
1425988747
1967307668
-2110228796
-830566916
481218471
-406278887
-2018349517
1429128939
339086137
-987112376
-1304784601
2065426705
-371926130
-1938319487
-803166501
1861634817
2008931028
1694145525
1996046040
158797126
-1127955201
556934596
-1659272838
371096212
-1479793169
673934662
-270465876
-2105821375
-136493614
37954984
-1572493067
805008371
463992775
224907451
-472792392
-102590567
920530627
118291464
-863693897
-1040903010
213482680
1147976487
-1039312680
26762588
-1288249357
-843713712
-1496092628
642001870
1953989317
597380146
1067866924
-1911844726
-646229659
1503648259
1771938117
657685741
1565821460
-809773864
-77539691
-747946857
-129913982
885322037
-1952822537
-1081175527
1896703344
1839934952
506930493
-618632467
-152408170
1834232594
-1149800773
-1440194906
-654611770
854351493
-1024142580
1879862631
-1860882352
-634996395
32446480
2107879833
-1219742808
-1890020695
194613811
-2024408872
-1446782394
166259665
1813321973
-857245651
-1170149939
-144219747
796278693
2060390274
-412185489
571498220
99604079
-1477914542
-1932051569
-1949735805
2033579929
1094564767
-259391321
-1141278177
497952009
-474682583
847094891
-129033012
541407754
1343330780
1312982062
2143698551
-1072941745
-1008418935
-1380608635
1767254722
625549111
-112184359
829259817
-707238633
515477586
-85685123
-1413156319
1681314815
-577201117
-406705494
334729760
-1996436044
433202215
2042178500
1373189163
-1536435724
-1511401706
-760532647
1999975550
-1665254121
1975279720
858600528
-1304552272
-596729756
1218808858
-1583949983
-835979499
-333091937
1593729713
-913314616
-494275485
1585554406
9601406
271156
-129349737
1598841788
-1109642460
426774021
635526169
1055080550
-1530196905
-805700425
-1873032674
-1504497547
-2083450650
-1224977000
548711757
1981990820
1999545594
30304193
-1192738396
1919146979
-1925853537
-1091311549
-1785140579
-409868365
1119980420
380276383
-35977076
373538228
-374980866
-816806788
-1122090934
-183737988
-206799790
-90858349
1500584215
1364203945
1576513843
-1760262931
-456780612
1989152569
-1764854647
-233805744
1756341744
-922743272
-1160610445
803648246
-1552242436
-2124465414
-1156413809
244051584
1642414753
1581634154
859873656
1600514346
-1674950343
1739015459
-2097430896
-62612418
1844943899
493438366
918777086
-245463603
2036862276
-1092248852
1360598778
55339421
-1686126286
3525829
1925332551
-1756648099
-2026624749
142933216
-564953855
-993147873
-1057555681
462782852
-2023469416
483286278
307088705
-848489122
-1253579492
-1798223554
1232483836
452178069
-1406693702
1275350316
2125502348
-1702994149
-2111869050
1343246566
365558091
486582342
-121203846
-1880579099
-652242090
1362385822
1654103230
882788345
1373433968
514905848
1195348521
1042839420
-2116040154
-1394075197
1714196999
-1821189430
1555759922
579942817
-1408340708
1964318960
1896113188
-1301476295
-1164481047
673116066
-1481703874
734730827
1374408749
-1516347790
2129549472
-50188284
-1793938258
-2093584065
-1086534748
-177135981
514022712
880690667
232894091
-2133753093
-988373787
993585488
-2030421160
133146154
-422385505
419497843
1808944380
1752681035
25158627
-2029851910
260594610
1874491735
514115015
51544027
1170889644
676243698
1834095165
2081574230
1412391407
-510539916
-438885479
1568381732
-1869859974
-1082980795
-2054666160
1780954608
-1679875411
-1980205715
94533890
1954121478
1548869353
1673643114
-1515853127
-1257508022
798366323
515226692
-145686157
605599082
600582813
-2092644641
-1795594531
479045463
-1770977753
175904655
1385777505
-1258443024
1220756962
449464561
448989026
-1712340480
-1914369130
-1274051592
319670982
-108677782
-1694829787
-559905722
1806817460
-647738462
-2098826769
-209384004
-63727202
1349072479
-130267016
-1750096044
1600691585
-581763186
1727916616
-1049252051
68296811
-313913975
1319567378
1684806631
-1057172675
-2005322104
1519282200
222199600
340651186
-1428711593
-1934862131
1113267615
-1180580193
-1557356215
-875722309
1890070464
-1574925444
-1250782356
1414891175
1646501999
1223800866
1867174653
1479577842
680516713
-1782614570
-1870997730
-1716014271
1298499359
-91811707
94346182
-196088992
1399531725
-1174139567
1404096504
-1363702173
-758044213
-1932024500
-2033437897
-1669117170
-138301661
1969662082
-2125146568
-1602326922
37301347
159649084
-1594281255
381177575
-1107968333
-576802941
-2131865774
893583624
1066968361
-477297437
182280361
474331965
-1711904165
1333381232
-1645961109
1262979916
-1723362507
203481870
1541622168
-1732427198
-625678579
-1799613460
1683222750
-735069545
450340084
-1829561008
410496010
-1996628848
913783375
1243314585
1506262203
705692900
-883732827
1397742722
-523586984
1812509090
1952594105
-1482160989
1522874179
98081105
1658400987
1667080509
1871576398
626692184
1154798714
104026166
1498381677
-251797344
-1999778050
2000615522
2105114285
-1496582281
-1284588588
2089354243
-741369755
-1501524553
-1726114358
772161427
-1381948502
-1237733849
1591494556
-1215668032
520769543
2042052128
-2075577907
1252882871
1575309165
-1451758477
1270987195
-1065427803
-1995584152
-2089047414
1530279405
797193082
-1777850989
22156236
-1184904273
-1121202193
1849757006
144533318
2097025505
-1899661366
1462871213
1654192007
-674525942
-712691360
-1795218765
1186739402
708139187
659018843
1022136511
-1971210918
-1596747278
1393124029
-2023208634
-1762926542
1986352964
-1871090140
-1209651774
-2116608541
1575776672
-1105588913
777177065
-1614564422
766638792
-1927666208
704301602
-2134921951
-1765894943
904138339
-1551523020
582711109
1239811910
409324686
-765912768
-1424354567
1026512024
2141746122
212279281
-889716519
-10510823
1705011186
-943301135
196234162
-318805958
1383630937
1401492894
1172919585
1066865777
1446414097
911041789
-86947719
-27745200
884404330
-1145237266
-665036822
-868607533
2128848569
-1260236895
1793664990
-68876039
-655370662
-1466284472
-1797124954
-1693110635
-1332697609
-825938419
1818230357
-968286107
1205479177
1646220358
1387161324
1480944227
500976286
-877827609
-1749340489
1343991131
1301536349
1247401528
-2041533707
1231852221
-1568680505
1493696711
-206744898
1723115956
-1872010305
-1069693281
669474337
-1310621322
1711384651
-170750279
1523102604
1835898077
1875375772
-535383630
-458111120
488037175
258471755
-371382082
1524126245
1244467801
1241721573
1828501468
-199163894
-1582164486
64852137
545064779
102858736
56088637
272987535
1912037435
181048248
1158467471
-1233473652
1979318472
890242874
-1199510093
532138260
-1799865565
266252648
605713434
-475799328
-431959023
1158603698
-1334625929
798769649
-1491643239
1812196268
-336841581
-1364133933
-1834728711
2005895918
812539997
-1004543194
-1078233383
45779260
2035109188
-53603750
-1011417917
-1300118299
-1313803319
-34118983
93863121
698967407
741448783
340307370
-477603673
-1984031628
-743837643
-820443597
1697379491
997613766
-1729066970
2075839167
-338829229
656715737
443255727
-1792700639
-1717087705
-1240702622
-964282863
1355162328
-356275609
-579663557
574182488
-632146028
1332277606
779150217
374673579
-766415880
281904376
-267262176
1917558502
-2048541022
-1468618464
-963962331
1193385573
-1501975193
807596046
1616776436
-2111683294
362448098
383692103
998154052
-1035819006
2024383536
-1223694299
1596814217
-704596885
-1854424844
1412071810
360428697
-2025869543
-393660511
-191594320
1469256082
1349340210
-873229321
944618411
-64547847
-1755859817
1723268557
-429044079
1713583142
-137491332
678471185
1438291537
-1258598432
-1213575366
-2005020659
-422665565
1983539011
2021430371
-1838664981
-1954131145
-616184854
-1107488233
-1879543941
1331467313
755560009
-1662291819
-2016174542
835153363
-207547046
1633108756
1649752437
-1909859461
1080347771
-826885677
430368791
530030032
386876310
-1259478673
-366220256
952597560
-710648446
1958347635
-1922156080
-1922848372
336939176
152697909
-266896669
1622097935
184778217
-1417307681
-614432235
-1049425765
-1904588353
-346859317
-939134232
-879558372
-598391902
1724715284
-1669783133
-2016324030
1485592492
1667852649
-839880802
-1185233806
704923263
-2086067420
476751805
-1308388355
-83050650
1500812187
-1863508167
-1864653677
-945588038
-1262035276
729587366
1043545081
589687430
1161414334
-1211279568
596741114
496078701
2061378943
-56203224
1354310554
2014105547
-453352823
515487935
937803665
393280283
-1928758575
-730256880
-567136777
741340056
-1091932799
1769891171
-1328793285
-814321626
769204748
-1918186833
-1081618855
2014705777
-1647895677
1249461088
-121515445
-1529872554
-348418777
5504347
-325690688
256753538
239576126
173822526
1299529227
833011288
815078186
691232492
-983880098
-1978525416
543320502
1899368264
681890871
-478347204
-475978061
-2037931457
-1529570279
-1333590747
1419800259
225569292
1241197439
-823452169
-34184076
-2142057289
1946005773
-1902738496
-1426514544
-104675107
-722172920
-1241723169
-1236758094
-635927881
-1768962296
975369635
1039162908
-1356227244
-1927872020
514920754
1438741192
476668969
1450436365
1051004075
-1309606724
613025995
2047326133
-983653745
1191911842
-1664255750
-435291182
-1264366500
102588567
2038370529
608600294
-1392572294
1172679746
1256172955
751555649
617683547
17863209
-1369316359
714779762
-1918752547
-681442497
-1314103422
-727583238
2035506930
-1991667264
2008329658
662337347
1737257602
1545353281
-1398474329
2053128144
1774761359
-1237647870
258177936
-1124641100
-1883138662
521079942
666542343
1980259400
16198981
1278806629
42807594
620303128
-1593979847
-1126510752
-495849179
1804600349
356620617
-1564490314
1590070522
-758009295
1516221143
546933941
-1778268028
-1212608321
-817467018
-1446268781
1309228216
-1972096583
-1689997104
479890302
248456494
-672571697
-1538637110
-532765711
616628703
-791146019
1511649509
1453268040
-1042804432
523010212
2085597159
-1836382314
564717103
-1068257348
-1440486983
-663570506
652189467
1707688137
369033619
-1507895137
-1553301463
452423660
-1568770475
385379580
-1469254011
-468388740
482297656
-1957953540
1680951190
-332154634
1054310053
-1425563546
1257205894
342793777
-811399324
-1398966033
1604581889
710131157
547762169
1219631567
1150927932
1267458062
-1979023286
-672872559
1677070136
-1885923205
1843447173
-1160944854
-1614396601
-1316897172
-115509184
-1436008627
-217891377
1374958669
-395124511
-908495107
-1443486131
1764962908
1266589247
-17393309
78057372
2009958562
-1074367863
-23150879
1639836023
-15758305
853178982
-1177134234
1875019324
1193517895
-1921961378
572350980
1311815922
-1421171283
557051511
332107199
1000460173
-1274150146
1595451427
900195238
714927472
-1896291024
-972011943
-1297235416
-541849038
-1031486982
-1201748991
1598230943
-1716807516
-692514938
1910823060
1934125617
-2084103661
-2033905564
-255260925
-274382120
-1556799031
-1730811198
-1335347496
-981500482
-1489400614
-824541478
1783905179
946791885
408744476
1477030058
480833142
-520982138
836013686
-2028529430
-1368998373
1651924754
432419165
1330467131
738973925
-443056746
-717230692
-1702604900
-1634511555
-717146165
-470576557
241009953
1871969343
822686669
-767414207
1737929701
-1934714212
168074290
-1239142587
2044702784
-1793721407
-830445987
-1455507423
-525434571
1006170936
-708367852
541030017
-179268562
1144592462
-323723696
-106694853
388954090
-2090919946
1333661524
1151477464
1478939318
-848838419
-1306828287
-667175853
1060538330
-2028786146
2017425511
-1562485728
1389576278
-2095991993
-1656386657
814702447
826395342
1174433755
-1260106025
-792679503
327747265
2145496106
-599003219
1506965083
239292161
-2049219393
-105691199
522997993
1308071775
-1899452408
-1416752251
-469436123
-235261531
-19879364
1106199126
-2002753112
1147170248
-469716104
-650660912
-968888671
-1903064738
101993515
-1906117027
1870152404
330474061
1483295668
4774671
-2090993435
601006277
-590107319
792982192
-1573341993
1335250031
-488681702
-350599146
-1905133106
-2089549594
927727541
-1895371846
-730034148
-292440731
494042540
-761781109
884852602
-1152431166
-2046341772
218061312
995236245
-1582146917
-1097168496
-592639125
-1759842100
-1920473394
159518957
-1209767787
1142658872
-161234898
281917328
1368874886
-922250772
367818098
-1095017106
-510315613
1833233533
207491952
-1659170918
2099442174
-3589948
-618847348
-1049520219
-1766435095
543180514
1020697962
1873419585
369162444
-665331324
289456106
-686965209
-33371080
226220647
-883161771
-1757265862
1387812155
520278814
55748307
1937719788
-2073421323
-272454126
-1677171936
-1019507488
-1998050709
805438410
1867742335
-1349882159
-2074750565
-742754195
-168615442
763051185
1356252111
-60494460
551991194
1447781397
-944742858
-273642493
-1945324907
1348316879
-1400452176
-82711927
1025964997
1710202076
-578346264
-551037978
1640893983
1118828672
-1630744153
-775458338
-2118433771
501745839
-1117656729
-1705385940
-1536817076
-166001233
-199286489
1313958857
813096338
-82463750
-1683382147
-753073555
1011773967
-22918808
-1139152911
1550095958
-2146553415
-793575283
599288455
2025945671
-1368191987
-65536417
401714333
13760979
833249531
-2097451492
-2056455177
79147482
-548124383
950597482
-1890708200
117730644
1516612924
-959188289
-447002157
-636384691
1842340059
-1847459837
306642208
-101045456
-2030390187
-1342839950
-940275661
1915795527
-1502006788
1271975111
746446026
908883330
523270802
-983667562
21002438
1228157046
-2085915397
2259961
-1299349763
1578584744
1439515956
-905667986
-1946023602
2096538636
-910180733
1969333759
1615464436
1062414792
18498799
1712845219
1818313247
-642773699
303092211
-860488220
1938508736
1114826566
1866600558
1665767361
1802798244
-1618195518
-2101951524
516391381
1283159236
-736652977
-1458311477
1021447096
172169690
-1530343079
69495943
1386691492
-2119960009
-773036974
-1661603305
1520791131
-2078601005
-1741988286
17869421
-1277193912
-1556945242
-360919166
1527767512
1808292580
424963381
266587587
542471356
-1894898341
506621551
186026325
-487000699
-42512530
618374585
-1054149978
-206651943
-425113701
1303172678
1797895176
41049868
-1766677126
-1340247380
-1255111754
1233331672
601027945
-856249932
-2133257704
1811457357
1501633131
1378741361
-1876289467
-1423934202
-2124715443
-1952890477
783043274
2067123869
1740302346
675609084
127218857
-1810491808
-782942096
-124282221
-963232092
345922372
267349250
-1628827816
1962829498
446097945
668803360
-670598215
314665970
-1396502529
354903397
-1805042653
182415958
336431128
-403241648
-80155429
1892967234
-886992770
981840677
376146445
-1855549986
1011604087
-1448933867
551943461
815811560
1266534887
-1710704996
-1647531171
-1187467594
-1996441595
1921760554
-1205544554
-747931525
940453201
871249669
889715051
42001864
-1638054203
-990890643
504771459
2102004566
1443150410
-1837376768
1725350695
-287388670
1293168237
447441759
864679700
-432624872
1698617682
1412313362
735701905
-1257898285
488413928
2088459688
-720088638
1558005540
-1557789090
-326088670
1332271166
-182408014
736300757
132754833
-716371744
-112595934
1477135190
-230828034
-320884774
-45665897
265422341
1618464649
-1775034353
-236083076
361204375
-556664364
-1207506784
94290816
106719232
988859297
1139724231
564887778
-743794319
1002729657
-1133631772
1810968302
1827916417
1812106767
7064533
836728006
1241721513
-713588187
550792074
1590666085
1754563574
629196719
75880919
-2020502815
-1194751751
-1275568523
1157075596
-1735225360
-1429107199
1475567229
-658393150
122101164
-709418612
1194596712
1097146743
-1027043430
1988769785
-2142081508
1288458845
-14434328
-1219174782
1789080227
1780901358
-622434827
1639164266
-2079205294
-1036366909
189583639
1758089586
-1565675987
-161356762
2034895767
-723503983
-1612814966
-1270754843
-1799312896
1199025635
1011465459
1481381225
736283289
-194086688
-676432560
594068742
-1626076881
1793364945
-979962555
570521235
772827927
1921668480
-922206503
-1319031235
-171473038
516794927
-1401414825
-1927027048
-1484034126
-999707702
983540088
-963770890
1848056925
-430241441
-1368557119
-598387460
1147691537
1483665869
1185776938
267012721
-555371833
-1765182021
724683264
-689323943
1753755483
-1239706420
-2019374325
21784130
-1561932469
-686790128
1507568883
-1872067363
2030539966
-470012995
1092144607
-851450161
-118998328
-1186008546
-695880866
-2033911095
-1233150996
184056266
421622410
1894744789
1442700001
839472409
-54593942
-482450189
-349624423
296829140
-1739011944
131690724
-854494594
-394162133
155598883
1401368389
-1070231554
-707402773
1364867766
-1740108322
30969929
984916208
198296569
-2121827013
-437366951
-1130636841
1115377463
-288828548
-1175289550
1455857656
1206216512
-1447098263
1517141611
-1899892845
-1091700592
-333734199
52450540
-85480632
-1040606800
827477747
50520312
-137798964
-290687525
-564902235
298381933
-1006919463
1551154661
1713312276
2089960010
-1957782426
-1093614760
455639619
1866153074
-225531624
372842976
-999152489
2139480495
-424922377
-298214680
379854763
-882883079
887132516
-1295415420
926452065
1948135159
1615928650
-1130429295
-1631745479
-909142331
1410397844
1380334874
-926555675
-600434953
-1183503138
-1535609091
-1182490340
1853325277
-1716109458
1170523597
596257966
130818056
1913989221
1918273530
-521806376
1649115149
1651074865
-1161555409
324064217
568497800
-1302282683
-23974661
-63190332
615168099
-1726965748
-1363195726
-253555816
59296087
939804442
-931951723
-2060924531
1651536051
-973957724
-98492880
-2094563152
1662998108
1492670514
-1271768573
-1166857807
400600084
-203622510
672775780
1780045563
-433486082
-121559537
930205603
-1596092667
-689779359
-320392221
1058620527
-1724876825
1413332140
1078441705
1377445239
-684349392
-2026091591
933001622
-1812937900
-1072353034
-1444483755
62317866
-877549915
-267176659
985495296
-862561502
1071373947
-1044831684
310980592
84292080
1335316727
419519949
999443548
-1278064403
-671813070
-2094039836
-526690058
-1390647410
750847324
1410095155
1328110264
-1739858986
-1831482329
1826525611
1942464227
1756630027
-1344321435
1844272982
1147320132
-408555604
526840815
-236671133
-1664778567
-1855216735
1225298633
676264322
1207501299
1122799028
236946307
1388990834
1996372092
-1364475073
-263310879
-991719721
643201531
-591812825
-734556226
-1713660336
-531694666
-447941880
-2032355284
994594761
-1773657511
-532242511
512696544
-2134690291
-1350980619
-1608032046
1149894093
-387028066
-465504694
607430644
1615575822
-2009050936
-1978210999
-688495960
-1678593784
2005178099
-635490861
991291395
1198421711
202517817
-1021638457
-600192695
1636398793
194699832
-1952083397
1795258855
132426128
-2039296216
-79668984
1174340262
1815714588
-1971658705
-1004871028
884749341
1003822625
-2017784333
1424500394
1488718951
1484738998
-345105295
767641621
-633322474
1848368439
537522957
-314241842
1453733479
-1860729237
367845865
-266872086
-1012033354
1118209512
-1710659463
-186630760
959362356
1118387637
-1016114858
1847080546
-1192420138
-1797048783
1865037651
835444403
-1517353840
1779074356
953862094
31595928
-1517239869
-701234317
1324439111
-300649014
1619991027
-1090325464
1891996982
260517868
62544316
1748566770
-332363752
1430480144
552560390
-676480007
2097873610
-1930908289
437469815
-1333599659
71584283
201619385
1663085609
-2099427152
2070522268
685329338
-266412132
666898473
-1112468807
1564507775
-869033234
35811707
1982208268
-1879762489
997320009
-1254722466
213508080
-1338049506
-1121302373
2119776557
-286536363
-371100394
-1885834612
1032566984
1170871763
463528407
-216698707
-874701125
-1620675072
-1914237478
-910885908
1780359583
1724689670
-783918095
1940358992
1439104448
810388591
437779338
136447457
1416623615
-372592318
-814633421
-1859675161
-774471942
1155283540
-1938562720
2107682647
-278431639
610996183
-1145495444
-2081551478
820582603
1039110198
-1178852643
383650864
-1100648639
1361950245
211417836
-220920957
438345656
-2059072525
-2115360701
945377215
-1468777138
1618739234
-1363242232
-951659568
555443950
110325561
1853469466
-772487347
2081524284
-1729595689
592013209
-724299355
-773853000
-1183324661
-84327764
-1531206505
106199837
-549986589
-1397273219
796625383
-1621217526
-999195326
-1533900664
-559507378
1987214052
940414710
-2144687083
-2029124687
-1146596359
-832247543
24964354
526990486
618959593
-1235925417
422693318
-2124950829
-482004415
-1990026399
-1920195662
-1869459577
-1146137752
-1832658081
-1101387656
-671466930
792604094
1588144795
-1924345871
-91701841
730811393
-1710630404
-48041446
-232874279
332053491
1763575776
1700870495
-1490060145
-804514759
2022767151
1679848732
-848459425
-876907386
-1732868692
135270496
1916417305
-1565269000
-1411443058
174239987
1291024767
-1828277823
-292868529
-1489550695
-1635992007
1677835274
184052419
-2089749864
1876789259
1025032467
1049586283
-1391141000
-423663799
783294110
-396680694
-1217625847
-2059937399
-439770227
-920160391
446172330
-941485414
8017866
-915524169
-1221830201
756539573
-1239785882
1276554820
-835974493
827858930
1636718084
-1870816338
207879511
-623087363
-132392072
-545253013
-500217575
-1605949687
2050036394
-1080179479
908544961
-1754423037
-6202944
284384227
1183353737
684884491
-1806202244
739273718
-94539500
-173638369
-1080005151
868214644
-183755343
408791065
1026967068
319075190
-185277984
-2041411109
1046516386
-888634569
-1532815340
-1429252153
-116821355
30184608
1441425338
-1670834571
2094811499
1196499486
-1419332486
-1004564065
-1047033391
1826725307
259341756
-579838112
-805975348
243337580
-735989139
-1095081315
1446021922
575864999
-840286974
-315457341
476137207
-359446727
1206504380
646020786
-1171536966
-42536619
-215475923
2133735672
-530139583
-2005960465
1354971387
-1485395134
489039666
1660507210
2006887652
997030670
2027764133
-1515920944
-1501542910
-1906771547
-830261241
362921249
54744655
799789384
-1727919295
-385756819
726595178
-121712215
-873299944
-445989626
-922459238
-118059108
2131558102
658594352
2040969747
964086798
-251946710
-1815838405
-1349677192
1831917109
161780300
38361043
1770533281
87645449
-875379356
152879510
443518365
1327850482
1955827244
1722992103
-1086258438
-1292546366
-1577576493
-1593442559
922527555
-2096088860
761411108
1754687055
-1977238071
977341398
1029909735
-476573190
141322150
1288308948
-491452025
1708636098
1442041855
-1581598251
-1321372940
2078542096
-1894229880
1543470522
-1416424502
560479308
902662732
1046553541
1668088498
-1667934356
1323552430
-836875705
-436876024
-1069740083
-603835222
2083484829
1316095934
1293570885
690013792
-656274340
910461567
770756216
1712599763
-410664501
-1655129833
1257112683
-159133715
-2085945455
-476217583
1951124310
1085225158
-701995601
2042749345
1138574013
-1913058267
-1324843089
-1492235324
-30632255
-1954508986
1574971933
574879909
794895539
-311674659
-1121887434
-434233278
-1819618071
-1323079590
1040532191
631687759
1986575829
165006703
551810520
994798426
428762194
2073248719
8329265
-306466769
1781280065
1679763255
-584566020
559881085
-957033388
-908696655
-570236605
-1697359431
1138949161
-525351401
-332570564
-1867026622
-1975571558
802312406
-526709061
-1894112059
-2005414829
-2018141964
-1692567577
1609324002
-731775324
897347411
1455523120
-280492529
882071191
-998614474
2021708672
1131372476
-672016827
-1629969660
-392779856
-863436360
-2036811419
1918368844
2009806397
1510555347
-1845107163
578290697
-2013318597
-1585630269
-1788012740
-2044844506
91019145
1314314059
-1622469825
946447171
62055493
1252485273
606373172
1794817977
168899970
933748719
-184464796
936337115
1015413560
-1463466618
1273907573
976719487
1190508411
-1897852242
316483255
-846674244
-612926224
-1445723847
-1495635522
-849419788
142745723
-1102844647
671606832
-223997676
-296857027
-1950110648
-1621980705
1251561498
-410201667
222167271
-222840295
-308994345
-3198620
-904197718
1767905855
861307382
888462638
-341715854
-686143084
-1791324100
399857822
1309538107
-199633322
764612624
-1233393677
-370453704
-947147758
23652670
-1898440552
650667579
-757951692
-1202884873
-1895179040
-26096038
492017117
275236380
-945344782
1173349327
-1226613255
-1141118021
-2017169663
296324384
1851973775
-1384308775
-1318588224
2057154943
-1809126822
1880471665
1923378197
769060210
-1043635815
-1867865924
1797080332
726887862
-207859421
1593903283
175300366
416617569
1105989821
1141967057
-2126221487
497830982
1215766191
1777876509
-2024275310
-1865273700
-1333035371
-1750359449
89172482
-255009055
1443017074
-1900534575
442893181
-551337733
1851431690
1347798673
772772097
-841781855
-723064720
-653705228
-1513516195
-158234376
-593900579
-884182619
1195400232
936042368
-1870913085
1517692463
1384794868
-591172303
1020941089
-2086803521
1978132932
-756927775
632064280
985722414
402971834
-1331495448
-132774466
-482776769
1043044628
1894417925
1715516978
-202790108
-460777639
971244931
1670861296
-1919879353
-960695089
-1352814697
615619430
-1797785274
-641353681
-1878284020
-1351903801
1577003070
-1927271013
-110139615
-707148770
1979292235
-85193265
295409841
-1487288923
-1469903793
-1655217001
-823460460
119530327
594026995
-1112184192
-1774006203
1419207363
-425451029
1723647442
-958421564
552907298
1617408637
716465852
-2127173698
1538638251
-502244797
-149589295
-480424726
1321082406
273729838
-1667501133
454095797
662806719
-1815728689
-1138279155
1908671264
-1366702052
-2127095087
-1184481850
1692726761
-1899032911
1805435081
-346345358
-513281048
471913042
215973938
-209363188
1750261180
-1469341431
1765545906
1446440418
-1333006682
72810281
1154937506
-1131945520
-489285452
-307168605
2002213837
-1044982352
-839614687
-1364254825
-423847818
-1780804848
211858171
-1586388434
-985976929
-841809370
-1818913274
1420743078
-1508843128
1469392128
631965664
-1371920210
1864504181
431559167
-853753499
796626675
1897640884
1483809157
1708720724
-736059398
-1577002530
-1736129811
324662578
1570442032
918267740
-1654215493
-413733522
194797886
-1950536659
-108962796
600368069
602989218
1529893861
-628648080
613405928
2015372155
-721412360
-1640109939
-1044584869
-1772906333
-97407944
-636665434
-1386252897
577790466
370595484
-671202844
485586323
626189857
-857314494
-775959275
-916341226
-135261443
-1265419338
223537819
-1350487567
-402040803
176918644
1243684774
-679354636
962440678
-610353237
-136202075
59079774
-1173144018
-488707005
2114303481
1563093889
-1732607474
-852414175
1638485995
-689922394
1862592764
1100922025
-2071640608
-507770323
-1017750248
-1633836924
-1471583029
-1577810952
1845115077
1655724450
711799010
-450743030
-96894597
-1893247870
-736493933
-1673002646
18447322
1589637553
463390393
2058979917
-1469649661
-1953444209
1075515915
-128143757
-2044486365
1080776280
-536651820
1406676177
-1682903216
500621154
-1492677656
909593967
1986765463
1649006755
989861846
1336194195
-1575350187
-58078346
-384519334
442287135
-305169467
-832359010
-1349267435
-132501705
-755218726
-1451851894
86543487
222667814
-242474929
401052378
1183343132
-1369722751
-1200587013
328324386
-1886321939
1703560077
956759657
-1338340628
929176105
-1430687011
-491753304
-61348093
1736827948
1699308863
-1545160354
144919022
-1074343505
1594460121
745326115
-183405126
-1946179015
-2121567858
-636143605
-365708803
1238819285
1010178213
475107972
615603222
-1213393403
-526106964
-880475293
1303953337
-135141898
1445148314
1563629624
-1422126166
-619603468
-623548109
-422316823
-1513781560
-635351520
-481412176
1000136574
1676364108
-1558801313
-1363985250
-416991943
-47456685
1333969301
533248774
1958550761
-75529831
-107390446
-1995559987
181176959
-2072795770
-1815326388
-1385103010
1743153121
-864957074
-725610290
1986189701
1571092222
690178069
251951728
629810590
-383663839
-1225290128
-1189127736
-770526994
-2094225526
-1712633166
-1035470624
840280400
-2004162246
923421574
167431208
1306988051
364917262
-1425610856
394750382
798009634
527501071
1323668825
-1574289524
-1163856283
1099899912
1717811971
1835449760
167157095
-646603177
2024602331
929949314
1352098105
-1155276536
862093237
-207062094
-1037325675
-1121724897
-1238626883
-1187301103
1436946501
-1835478732
1782766451
-808529006
-886013499
-323350715
31618807
860663601
-1544619993
-1378558009
1468808070
215777315
952226102
1965017854
-657581244
-1149351090
-1020249890
-446084722
738574651
-1939899909
-1958394677
-2042502831
1353011107
-1715407671
-55531953
-655705239
-1777385885
170883556
-1088022904
1565460377
846405079
674144887
268755137
-1864384304
-915586604
1200245598
671297304
-24205562
-574121752
-527870688
-181469855
-308379061
-1965411354
-1653084388
-1974413750
432800541
1290682784
-1414602239
1725611711
-1280060423
1827570422
-1985966717
-665848945
428847156
1859943183
-825520821
-977773233
-1079143414
-869146650
1140734254
-243474818
1788959223
801771272
-1051364191
1144512490
-1939711675
1080527515
253002092
-975716527
2123094502
-173686110
-837105250
807863370
-1072664189
694660734
-1080568640
1219002213
-383935020
165149367
-1595089843
-1644972143
-437374926
-1239953668
-340872352
-1331672642
1042243177
1711632488
-911084113
-1349181757
-754610989
1146373126
1295430072
-1652909184
29042081
-1648101993
-857210311
794636103
1987383675
1088210578
632769252
-578821001
323855692
728975723
-1864233901
1026873194
-26207914
-1097462504
-571702471
-1215580272
2006703500
984349904
-699758886
1527035611
1285054240
-726501355
-1374463300
-797406370
1286017881
653682420
-239835234
994862896
-1383408726
1939066507
-681439319
-49083754
-23521536
1237035467
725946853
1395283040
-1464208293
-931657089
-631885586
-1812532077
-1971135840
1587725965
12652774
1465263432
-2031158868
2017670522
549617837
485985747
-1192798036
-1177828813
92643919
2043655206
-552798805
-235383543
-976836930
-1913282441
-1085486484
-946152963
1127813312
1950652193
300862073
-642554051
-2128956630
-1622864697
-1521602949
-771373074
-851714482
695089343
528130252
355888940
1045983409
604236204
518463306
-745203890
-1339769087
-303398804
-1471895954
1398509934
-1809021115
-1123732171
1257503132
881559847
-2049875114
1464929018
1079712956
-114528
580480653
-1355737837
-366980344
-1427797815
-1110043971
-964234468
1897248551
1982691812
-625594269
545040156
800964731
438480967
425072155
-1064097303
-385726026
-356970145
1435695958
-2133106229
1128066227
1007377656
-259067318
-1888133281
1648936835
-110358854
-1423080151
1858864318
-431817019
266621942
-1751092587
-1832813858
-1189048007
-142206558
-1382073006
-110945993
2023051415
-1983744350
-1621392579
503423913
-2060381283
776336969
133123964
-1141570916
-1068141210
-1074755810
-1105077258
-1054811799
1240970754
-392752670
-2093844987
-238969096
1917292610
-526844719
-467633558
1566579881
-74639149
-818667736
-1612538751
1245935479
1931278989
-1910118169
1567550645
2006460251
644064269
1724957400
-996650443
-117145363
805124736
-586618161
-337810457
-825641647
-2116459071
-1541648334
2123369628
907701328
969361830
299709627
1903937157
1547590853
381108375
1907332476
-1281017370
648841018
-2084230305
1796579363
472062729
-2000947503
1811376710
-1271416705
816653172
-282776472
1137431391
-1247227326
25977437
-1869834248
1567439389
-781180152
-1302618019
-2098150339
1996577836
678260888
-1027749276
-966977380
1495811966
-21135512
1645975533
-1611901632
2076413347
102262118
483975282
-1556861563
-1045637027
-1535392523
-1014672351
1172677785
107524979
-770755531
1150520270
1476661344
475766725
-212773753
979149867
-456202600
-204160096
2021678671
-1998202825
-476530627
-2069705645
1629037820
-1539256588
1854406447
572314882
-1502357692
11964508
-2048613871
-1781373255
590741428
-59222635
1935626867
-2068650557
-1295677081
-158291869
-940693198
-1632763844
-463418091
-1551727139
1923884318
517206501
-449058225
1554741347
903835614
2065019191
-465309432
-1353130801
-1826321136
1815239098
-1658020009
-758135063
1459279796
-513775722
1735767930
-1668663008
147911114
85366890
-715050467
-1360813193
1702234680
1245807964
-559689508
-744890947
-2000741135
-126858640
-953297658
136777984
-964849324
-615264483
1946279588
-1186184125
1289149137
1804698653
-85182535
-60063634
1222836178
-442258812
-1102245942
1808514949
1416768215
-1936820204
-397644896
1171266333
-1086871069
-1697469233
821480780
-506532342
-1063583722
-914657844
1697503338
-1093870243
-1604981349
-1800505010
-2125957462
-601162611
1695584707
-1945958382
-2047721332
-1583972109
-140833934
-1403719705
-1601032598
-42223493
-378127431
1846467460
1048368571
656750488
341020356
1732225941
464959125
1724609144
541978358
-109292266
122641779
-1452788359
370951762
-237973276
-1465492168
1801760986
-1952435684
-1978142575
108488051
-1821373515
-1439052609
943402103
1788541156
1228386860
1634972145
-698826993
-1069709249
966382307
203989268
803185027
-31001297
1451081645
-998874657
-124371583
533250461
721757577
-1578643651
-864425903
-1368821967
-1065070641
1333406837
-1884128471
-1138240744
-1394677082
1522542730
1840684224
1291411976
-892733256
-2069416988
-1284337632
-1703757695
-682954711
1300892719
-888365888
106554196
2027369156
730178178
100623313
1375087720
989222263
-239878204
-2064402728
889810875
-1333990655
725683019
558416764
1671117991
228378089
-1266001979
-1949128544
-1518450842
761456049
-121152933
-62601036
-906170664
-1693809845
-1702416365
2118020424
-173942141
303034572
1118131573
-1455058974
1138619610
526729311
312734833
-110830576
-1164098111
2111170171
516074623
-69255489
-1628409520
1053150040
536295688
-1749248306
-536289577
1380679582
-1604347388
974674654
1428278305
90998879
-2078563613
55855211
1137758461
1044248135
1727402928
-102862816
584881913
-1155875822
-1557946252
307966822
-362755728
927234109
1759546072
-1325856963
-655195705
-614816256
1880863245
1572671567
1189655539
-966825606
-152552208
1257565250
-1860149443
868248366
-815971736
585841741
-70482103
-280136019
-1206053870
1304544525
-1738655404
-2140286827
-2110517472
-1959970919
663822780
92305337
664344446
-1292109869
-697469499
-563952223
-577232587
-1542294527
-891800167
1960583732
-267293676
-1591942757
911674000
308592307
1140741516
1843360614
339559858
1604881385
1532421339
-1660199743
-1748254087
-226041952
-1736346259
1712338494
1730523610
-161317545
-299359362
-1580820620
496537990
933033521
-1478107389
-582354414
-1026174100
-1722575825
855066826
-920307145
1101068674
-1692187487
-767967776
961955841
-950195771
656160217
-1467665102
-706552220
-216957314
1835342882
370398070
-50244804
-164915515
1452888560
-1015785141
-59386716
666643274
-1091811496
-55390306
284534664
-194925741
-1647315774
-197847472
-1117308040
-1244584448
-813480740
-864077547
1374627775
-2060581930
-221730351
-1393709409
-2128124492
-10136454
-1269542470
-709761542
-639673265
-1429621572
-1501254060
1967113785
-359100162
-176615209
233784307
-1558117294
-757263943
-588921098
-1250495562
873296710
-2100695981
1014033914
910177532
1467331204
-470202605
-1952725894
741011990
-106963313
1973218947
-936211445
-2050950083
-2058606626
1901292679
909333696
-1442624826
-1093569534
-1806762832
441941236
779057556
1593863438
-100208174
894363974
-1623573811
-1071799502
-1205772077
1764243684
-1303203889
824812713
-674487098
-128878068
-1634869915
1438134229
-325480393
1515266768
714649397
-1190796377
-2056888376
-569421287
-29213059
1812861508
2115224060
-1467769619
1805078526
240687589
1513719890
18607092
258161975
173139966
648140181
-9097928
-1858487082
-2038592862
1520491890
1212603947
1701854827
-1493830619
410028362
-1779518994
-1499148962
749884674
1440814665
-870721584
64728867
1681240063
-1842544457
-1847745004
-350474069
702057614
198168718
711568630
-905423075
-1324291210
-14378165
244938224
-1385011259
-1137548878
2106216201
-1320389831
565082956
895122841
1645812426
-1311841395
-695365590
769382974
-573208552
1661382195
-959262633
1639744793
-285009460
398687036
46857800
-1895654938
-821984211
-1262384120
2075737369
1993619661
1161613884
65214478
2035001350
-685884734
-1117123507
-1843645989
-1635947233
1489455150
-1328598055
784955482
1735614268
1990931918
787392658
-1612048298
-516213971
250923995
920341176
-1086725571
-2044404682
1361730411
-788795733
-256870361
-655311942
1638123031
-161876544
-139012075
-1249601483
-1922638884
-402644905
1572128381
-1299935377
-1580125370
-1817449172
1722539270
726431726
-1471881270
-2073749011
2142126479
546923947
1233103476
-88860403
-212121227
-2030418423
-1130712895
-1972793128
-764637931
-2145794302
-852849203
-1065994298
1979854735
2120416675
14053809
728998419
-419078451
1151696825
-1455502554
-764160882
635719619
-596319028
292710253
-390680399
-1470416137
-112532916
1891314803
-280916495
204610884
993163018
-1116090065
-1740204969
-1643167526
-2060068375
1683634255
-1727091632
-688205176
959455189
-1331670766
787617728
-902822083
-281096974
-471358857
-803665828
-610495029
-367082216
-2068978537
1115604792
909609198
-1903997057
-576500657
-397983329
-731599475
-382918218
2051108129
1361055522
-2077613761
1903338970
970184027
979584243
-380517104
-1018564605
1462487161
-599545229
-521627517
-940042495
585808839
1185882888
-534101797
1720771655
-1360692918
1309499700
-2063122282
1219301159
-186905376
466499299
-463953095
-479430849
669048742
1914443523
-1984159405
-599977421
-1869896295
2050792537
859832507
322338972
649789823
57813394
934688027
1432714815
-898497785
969864856
502957234
-1486773887
-1500716241
1922768679
502248788
-1623515622
-1378180379
-336296289
1035208118
-1149927671
-337678351
-1872190181
785217256
-1767928889
1482552337
-1833594431
1813162530
1130876094
772010597
987815515
-635611454
-1223662852
1131992845
-1985472473
224369813
-1759762653
1221795088
-2093481494
-1698318763
-566606940
-329011585
1800723274
2120339570
-350962132
118792921
82790749
-1221064684
-1392925603
-326434895
-758729604
68998753
-1113731135
-1676583026
1332948829
66612219
2008249595
-1085562095
1446919008
1877328076
519959103
1897009245
1423113769
1338792965
1261408515
-1546353486
-45892498
-964683677
1114975990
-2117297061
-915689967
-1050515277
1180631601
1146090698
-1047429263
-1657479016
-183178068
553774337
1101009916
-695925364
1824002802
230066226
1603296776
-1944736732
1857727000
617502377
-1544003613
-450206313
538063083
1844283625
-664753624
148750720
1891076200
678334741
927132500
-151820318
-1540645008
-2146240878
-1935055720
975392621
-856775236
-948224023
764434416
-1746168833
1765997069
152639217
-995638413
-691359380
1064585128
1960643372
237305324
-1180948862
1584301825
152278641
-818345814
-236075961
-67643978
-704952373
-910579052
465841540
932927934
-1881655135
-1629968256
-1482077562
1870832610
1491546134
-1784303932
-1001933533
1717454187
-170583886
-255016948
-75341573
2119535900
310750273
-473154195
-265812993
-2147442846
339638779
-1745167430
-581565641
-185639479
-805721372
-295233002
-1885935681
-294465102
-1711921034
2048855498
906272786
-91877821
-1395586692
1476958040
-814280310
353287582
617507136
727667920
290176551
310168916
1840647400
1366222177
1792770703
-2058097125
1493859100
-646622670
1988079701
-1583293761
1437034988
-1878871950
2136475773
2064095830
-885086479
1692946605
1175935551
-80268873
704175537
555421537
1731512843
-1704822740
854712391
470915793
2117862605
-1322974362
-1617013181
-815742440
-1395203215
-701079887
111343055
-1998249600
-1664138583
1102905704
2055449362
1625997332
-2098195731
2000009386
1410552280
666399347
1905845443
1157331021
1039328626
1844319975
1296528704
2026293010
1643727578
-1434321227
-1752236338
-365217254
1800083739
-249882442
-1372761554
-754142311
1786512367
-1588940506
-127272000
-290629432
-225850199
-66987333
1022097666
-720342240
-2011505323
-36973319
838255190
874361028
-1503071715
722994116
-2117620473
1697871934
-1058900755
-311210954
1893263757
-959560850
1007906650
-1908806990
341811728
-648661570
-166644033
-230156743
1487863082
1886609818
-1666042199
-1144978181
-1048442639
459043103
1619885428
-127326671
-573910476
-308632046
357822261
-1383488215
1841638403
-101096173
751780570
1663076770
-1997542540
2047262737
1072770448
-662566567
41393060
-655510528
-1155571612
-1312497949
2043276796
-1345712695
1452227628
-1466123843
314141365
1864444546
55467944
1776491425
-1592973923
-1540749602
-3968029
742405914
248544026
-465415705
-1656431905
1768596314
393419119
-996837654
-1978063760
1133377867
-871769538
1792398001
-99652248
-1596609053
721760333
892831735
-98824972
421182908
-541446772
1725933336
1799894085
2055732707
-1201183402
1509006600
1158243442
49423855
-869323017
1284513157
-1325408612
-505551019
-1441461138
-1043989360
-1872137646
738174459
1185167731
-1516328168
-393720265
-240802294
63022778
-469939464
1427355362
-1892236536
-309598855
389844516
-524105723
-822279131
-1269840088
-40839906
-765484080
-552295980
-1631537785
-708230995
181646487
449663133
-2062547227
-459035951
1417929905
-313203407
1030673054
-1364018447
2019422371
-1319131714
-516290076
-686519978
1868969854
133422212
533256386
-1272216100
-1700287099
616791976
-590245026
544380390
1969083666
-1982332344
-1931889794
-1583309422
-1068834375
2080481999
-697718196
-220272595
531261869
-1900230007
-1425700259
1125721065
-1588377246
1179996793
1266142703
-173742899
-1801347724
1396228458
769394
-2065046804
-1544816953
-18491581
-81184183
-611096615
-1244320530
1257830815
731640273
1416011609
-436309296
314201501
1072446625
-899629222
-424439416
1619774195
-707777005
628833060
-2107282035
-1746799543
-1675651069
2074310094
1248147986
592765124
-484571434
-1000953870
-90898769
-368422176
-761660994
-953553757
-840412351
-511403902
-544154821
361867679
668628493
-302100403
-2013561372
-1246050623
833429547
-852709324
996090215
-1971623752
-1718240223
-1295572657
1442530253
1384653565
-1405820211
1422673138
1663877890
1517671682
-804371832
-2073446661
1847792276
819963559
-1384819576
-923983508
-158561861
93050865
1439007878
1232762169
1705708952
48322557
-1056788832
1101814881
1603443649
1068193586
1399396224
838940994
-2006484739
-1387837259
-1958591812
2018002729
-695596981
657262369
-590984321
1399304232
486182441
-74968969
1680319337
-233984980
1830773778
-1802236589
-547267660
-898892466
1488740423
1994266465
540957847
1799249257
345142738
1689219854
1301425902
1632743660
1577767111
-369250174
788675610
-372567312
-1295977779
-645437492
-615995355
-2050290036
-2081188900
-897317793
1405626922
1090165096
1109150535
-1849666628
1675265779
-1890278512
1382696189
409521008
