1995157492
271090102
1151272054
368840369
1081168830
-2101882611
-1392606011
-1448184815
301581071
-394068836
124666715
1387689984
1254800456
964008872
1710789581
-496543089
3138417
-136634872
-561801058
1290916216
1944710034
1850006756
92700334
585666693
1482064192
700052416
2031254512
-1092979662
1150536314
18687416
-438270624
311571089
465276853
1723159308
632287283
1311094381
931095092
76104415
1112633935
285051058
-785362019
-133708485
-1099090435
77523979
835850953
-511610536
-330697508
545885901
2072150491
1753842718
-335131112
2357011
-1854137965
-1817730329
1016384476
-1514140375
-2121617948
672958088
1400785924
1651730477
1865377731
1108857489
905297943
-401260301
120195137
115186900
1883469940
1936600873
-286603045
222193956
1841131210
-1899752261
131165457
900504926
735396813
-626074760
525556020
-966348371
-1776557018
717809909
1013695108
-639786744
-1029306198
-812094287
-178893702
1777556991
1966867918
1027402873
2009442145
1780830135
661823066
557757198
1724711978
-1586291917
-1418605219
261358852
-1379110527
-82690860
-502678688
30031852
-2078444005
1191392802
-368749858
561989557
1262386257
1504007116
1504520179
-1824922033
-1240407310
-541962259
593798994
-428473968
-593049772
1390105744
-1770602372
1302580059
-228926292
1188373110
-859406546
187125759
1153295519
-818323434
-932493286
2035812060
-829776616
1350522084
-2138592038
-2125051573
-343263396
2041484502
1311050529
562484159
-698307494
-40738781
801991475
518173991
1624867399
-2124629171
-2009050730
374100119
1875040106
-132873374
-1724483575
-1291823834
-437402060
-1508244867
-2114739787
-817639399
-473401709
1925302419
-375062878
316587328
863465607
666750059
1518195308
1107605920
-644283404
856234222
1131106869
-985416622
-1707681350
1619692192
1716776413
170588586
-1391001086
-2132319890
1734703216
-1562749798
1306465242
-884561239
842589152
-1832058280
-1869532668
-195901614
-490109965
-147307458
1125386507
-170487144
-307688322
1266768882
1442060950
-1675105122
-205996333
1826364870
-1969362432
1768533376
1162050167
1431684449
288742951
-959757161
-841243368
1420161182
2100030595
-510883844
1629167037
2119820468
-2097782405
-923764661
127053631
-1483964010
1547721203
1135738025
-1910917641
-727742565
1603125801
2067389191
-1081742152
2005996385
1176497601
-1459261273
350131455
-1814924305
335748381
-878580002
2040360553
1664335641
2078180338
1956126748
-473747100
-1295398872
-1616534249
-1411319511
-911441623
82468025
31659936
-532972879
-51410711
-525014043
1984039211
-633297150
-1587955642
1180433314
-1803742855
-1566928877
212357892
1405489256
607005504
2123350471
2114832384
-178066665
-1016797634
1365544051
658572128
1702641943
-1700452719
1495790493
-1024249845
-149466432
-935197371
-358988537
1901829211
-1695611908
-1607621073
1312267243
1112585745
-77309141
1435506424
-2142186361
1616925065
1639811654
-570127492
1807856603
1489547310
-1578506682
746425172
1518028720
1414986287
2088988870
1757799601
621134556
71769970
-1758668825
-1046644629
42817988
-2020846648
-738914189
1875784537
1648485154
262707810
1331162692
-1719219998
-1794555640
-1280502652
604331750
-200408364
805361189
-1016854664
-1441846661
1337637492
1699384133
1463864772
-961061153
71945941
1298540830
-1967052898
-115881716
1802284141
2015365704
967745184
-1333976898
33569252
-1792382579
-1536823113
-1713976743
1057308207
-1710829469
-1489652127
-1941548278
-546270243
1094281653
1145354263
-1880618195
276479409
-568836887
-511465721
-945790226
477868144
1428460830
-2076889851
1431301426
-1311185414
587012277
1825736643
1233792183
-2057761377
266032403
532816704
1661570937
-2104365653
-747126108
884533118
-2132984745
1532643906
559645986
1056320887
-890005770
-1955404429
2018995222
-15364271
1903074789
-1657344890
-2058618977
-2093938736
-1705146622
139814552
-639212175
1187058955
1766407707
-1717929878
1337133600
542102114
-1565021736
1005097333
1596291742
1659846063
295951063
-739322304
1832602114
196221882
-1272477416
-617915402
291921802
-748015630
-1586199654
-2002974414
1421355235
837139290
1275262534
-1217253347
722939047
-1525582143
298035724
-885115461
-337854170
855866422
930325323
-1894655359
1624304488
625398713
1444987510
1316419626
1834396274
1560713013
-1329247501
369739978
603665096
-2043485779
-975539130
1651968803
-222372301
2057895350
203450734
1497864246
-157887548
-1458862299
349985423
-1672004067
1628613656
-1802603512
515081424
-1738673129
-2013162020
-20563751
1968460934
-439370780
-626606445
-238519312
697107858
-1832336301
-1161493610
1390414905
-1115593210
1778426136
-2050609316
2080182055
933732110
253275107
-473807109
1596299752
-1219614707
-247012691
1802480622
716843482
-1930737658
329242452
-1957882344
983871548
295225661
-1017674646
1843571209
1086334248
-98254051
-512091319
-1190678657
288478657
-984965540
337321834
-621892562
-179510872
-1472874660
1141531382
1536288451
338402227
580993748
1426307229
-365521370
-1699626528
855595183
809987751
-1386397441
1080410247
625690932
-2116622520
-1948642948
1925084367
-1161191322
7463479
-1875369648
1751523938
540703661
-1524216959
1211564542
684363876
-383183435
-770858087
-1184758442
-312639072
1280158869
1576031412
-1783297472
1483209732
-995809740
-1388803757
809161144
-1266281649
1194596071
623073313
-171106280
-1626854648
-1801384353
632838398
299839133
835838897
439111362
1862072155
1589588259
1981687612
88691222
391779784
-1002179533
-736950082
-226442778
-1988110646
-207104193
2055695202
830981407
-126050575
-1012750549
-1173904225
1340327994
1182377002
-790094577
-716862035
926950303
-18833839
-45546181
1525921844
252527688
349400330
-1089383813
819116614
-2141767003
-65550639
991797659
-1196243569
1631310783
707151182
-221843155
94043595
-112811873
1747804909
2070647177
-999603593
1937477616
-1026671186
-1672965868
258236363
71237091
-1973275847
818358469
-632431898
1121214034
1274391093
-308941595
1823460683
370861352
286629081
1310574101
-1677032564
-591277825
-2142062398
1784608405
1079825220
-1868284918
-1288296441
-1287475262
-52077495
362190644
496064394
-919471136
-1390794462
-1678888055
-1496101232
109772825
93676214
-1867678251
-576492652
1771690694
-1452471482
1992675466
-777348521
1212850668
-1319701347
-796262426
-864987333
1730037256
2052679045
-193264555
-1714809903
1967414543
1222386301
-414554349
-408629072
-1655170641
-1712009816
-1534831339
631373960
1566503643
-888876537
1242397737
864553078
-2054439034
1852722666
1858016859
-1407192679
1815169709
1183363235
1009633179
355672036
-1300520037
2102722429
1162752412
783098421
-2127057304
-2097351188
1098146302
-813568090
-748373822
-1238928123
-346456402
-1742068189
499390191
-85985744
145052813
1972117053
-1823011566
108393755
-1238389681
-985536452
519801004
-208370447
1242007973
-2103867782
1583115877
-1457421109
-1668499298
1806563566
-227377140
1937188710
667569482
-1932726777
304029404
-1987984874
-569968224
793128123
-1271239167
-243853573
-1200988767
889129950
-469591719
-1568960911
182760892
1962248887
-311278466
-589491252
-2055697548
-1954292017
1390437892
2027063621
987515967
-1393652980
-1163128065
-2027288786
-211555663
-1630252033
-824508729
-1354802579
-813634086
-558324359
-105270530
-1925745113
-1188457749
-833208988
-570899502
974441658
895345951
988884943
-1095596929
-1744583695
-921964584
-927164342
-394723305
-411191182
-1258131705
1473875059
-1203488123
819217531
1303618001
-759553071
-2078999089
-929186355
-1954536593
-2029213472
1537259418
1872174823
-1453593003
268453740
161426163
-2028023945
807267733
1677052962
-1466238389
2108620813
-1225998202
230967651
2092060099
-638218991
-482241376
1407366491
382015914
1116904695
-417056342
-1153116846
1365428547
459697584
1624364054
835390017
-996060725
317326691
909234603
1376375464
1747186105
2039855709
-695008156
-920185442
1379409991
-434911675
1617233816
1826130729
-1403817679
1512855699
222319450
342873551
-391810884
1765530690
785490466
-1315561107
505199609
1356555459
157519020
1830968134
-798041782
1114535477
789282847
-7186594
-1264151259
2009636051
1194160754
-60786936
-1598757097
-112162899
-1420035829
150250686
1908187916
271424155
449881512
-997672656
-2121172275
1181231981
1125305730
-1689936481
879170505
280223335
-1390338385
-1923104918
875902231
-48310804
349480903
-1605457688
1411535291
-1369986696
-2105920054
-710618247
-1818889433
1608996819
118041665
231343831
-760690683
-69490557
2016230306
-1372857935
146823987
1899081857
1556781560
-1885526150
-25118962
1930915376
-1426415165
198610813
-31557389
-1089032054
1878588188
-1248374476
-1262479101
-1700086372
-950553827
-1358489126
-1253742043
988113972
458417535
-756115649
213423696
31433943
-628958077
946201562
52173578
-386105864
431344406
-1963646940
477989419
2076534631
-643267281
1679084835
1584206566
-1734797049
1642584699
1002486852
-1317660919
-640796476
-1164282052
-1381390226
1563775107
1585834947
1351446382
348048467
1282231079
1702479578
668719147
-796259832
893531822
1087623745
1143739215
-1402046505
1825723650
-2714486
-1878806177
-1316854188
351307961
1560697038
693964198
1438331821
991610847
484713512
-1900541791
1068662854
824080120
-715256217
1469154460
1253152901
-294064060
-937430530
1942194332
-1003935767
899857220
-47536321
151661951
-7829151
-564643715
2126986952
-83379870
-389461797
1574618491
-1890652355
-1427862206
-1774671334
206675224
-208164297
508414181
2018658508
-618530819
895519867
1012910330
2015110619
394932585
-1088905874
1211622271
2057680387
1464071217
1225626056
-155515294
-1873754716
-156388345
-1766357624
366287979
-643545640
1362884350
-2068717273
-2125505448
2127976136
-1980288179
-465510896
1117382217
742138683
-892123822
1262902862
130503518
1638097263
318357978
2122320774
1354701726
-1635611348
1039181983
1259598120
-1567230438
2116693781
-467977455
-753924639
-28731567
787662144
413858649
-2116790189
-1542491690
721953033
636688282
145150728
-1656988369
-1574154717
259048825
338348963
-2033891584
-690399505
1694454239
-2140810920
-206089623
-1614120432
1826023677
-39948643
1812466091
-295000769
-1235133808
-1543974367
1594131985
1680820571
652238437
1501598461
1404088845
-1312564285
-1500177121
495846441
-1831466592
1415289064
-372178632
-395785424
2022931711
-1127982051
-783018939
1844489767
1949718899
-1976655695
2027777149
-2127508261
-2025956224
625737790
-166302085
1414576457
1038964041
547799619
-1119230141
1335501650
-1226508238
-1775611664
-1729871230
-1568601169
1381746887
-1593989311
-1664458471
503820833
647773660
-1152512946
-1016540196
-407457043
-586185740
1924771808
943029910
1794443143
1128759782
-1460732857
1182394192
-753738099
-1399716931
-1710313110
-2082687534
-1240105226
1691955168
-1532224226
-259709078
1317120651
2066983538
1630012603
1125874411
1145385877
1137249019
-589818900
-1986684680
431471063
869632071
-1036655417
1357872258
-1800027458
1642200718
661517597
165879694
475570390
-1644973100
-1990714094
-945033157
-452927872
63536786
-681026833
1813910019
-1114628126
1114780310
784336950
169471808
1829416990
-488474585
343198710
-1326915854
1319644613
1223586156
1520688737
-392699201
1860045453
1366151693
-432180837
624017722
-43658686
-2087236326
-572697644
487194727
-773034758
621444396
1371741848
-1050770305
-768159604
-573723959
-1420982427
548263663
-1000614590
1576473868
2088871293
-2089002586
-176545331
-401629051
123748606
-282924400
-934518151
733417565
-967278801
-85607587
-697483359
1240477118
-1270317029
-1573232250
-1505769628
-1577221775
812761444
-670014832
-712491368
2031977416
1523604048
-228605806
-116617986
721381053
882992423
930433781
-1017988937
850910811
-791270975
-1884506245
1795630327
-2037413028
1710677338
-1966815358
-604272649
-629478381
668011432
-134611576
1196084272
-274335860
-797246161
2010687217
-415412027
293324528
-1628000557
-427868664
-1253294784
-734727890
324284079
-1055496125
-883303295
-1937933096
-1378061788
-1177283382
-803196174
1701678154
-1647642317
1328774970
825639935
1881024528
1571672847
895752869
-836781371
685099913
1290328045
-1064458019
-824055287
1063163847
273820703
-743964175
-1730914453
-1663938375
-458530720
1988710392
-1928182310
-1220114292
-1508129935
1991623436
-2007633078
-175792819
-2063222556
-173538919
56458660
-928551726
-1411765961
-1527129897
1887740670
-249109798
1210736419
-1857490540
-1237462773
1061143923
-597039562
-1473540809
-775407659
-986553444
-1395179873
-934965504
422040489
-1950283222
-904168888
-724675180
-901799343
806707951
1285429034
1809590456
-1774356600
-1803935209
-175396133
-120438948
1468671146
-851991083
-1553779861
-1499815461
-999823445
1722313791
-255385231
1881500801
-1802218167
-477854857
1519152992
1027290701
-2082327931
548493322
1859344926
-1505189897
-502075058
148211100
-1617260841
-274378956
-260127617
1942392259
1224139277
-600253897
1402306316
518035763
-1960385549
-1266391173
-130960777
-1447647460
-1805982213
-499120705
1314570376
1619775183
-2105588307
-1507393454
-341191620
837580711
-606072646
360625040
38860285
1892199206
-883272111
-610818644
-1912426733
1457448286
1933621680
1497425839
1223422042
-1638332526
1046354429
354550463
-2543563
-478981860
-1579523243
-193989212
-2135231550
-635469168
577953061
397805192
1632450382
773099297
347638201
867396862
803760651
803045443
-1071879406
-824502203
767160576
897609617
-1598373637
1897076172
-1827838656
-343885071
693343326
-786080776
590283102
965596918
-554687533
-1439957723
-1056771553
-144546939
127534457
-1352726805
-17531279
-2140313926
-1769860599
508203426
-1214563684
1780077068
-12423897
-1965571033
2007218871
-953764434
952647419
-2047094817
2020374620
-1396390344
1546056448
-880006917
-1533091937
844372102
-312471525
1441234685
1477949243
484915168
1229454831
1930901883
1911642126
1918827099
-849261713
654671139
-977967161
-1891321986
-905098572
1973419262
-689763619
884917543
-167111152
-830465032
458342850
-1554686289
153309794
-1238031712
1153983832
-369337780
209470123
-405435093
2074277539
1765298359
1445920993
-1068976706
718878144
1585191694
-1520046077
-1811259668
1550005270
1984285434
1490140013
473817724
2065192394
-1571782380
-995133587
-117503888
536376952
648201604
-1799899371
691718722
-745134817
1117210347
1384688466
-1673886096
206842715
1954030466
1470799677
-1162844101
1318573018
-450682749
-194026064
213649322
3449864
2142204871
-1880978404
1414170069
57507085
-311163984
839476890
1873127775
-2093852680
-1688780472
-703641281
-1019625661
-251588292
-264240982
787186356
1808942035
809695066
2014376864
735308804
628734
1650987231
1628351117
-1951915593
-1599584559
94129553
-852869235
-1934706144
-1200316608
-587065627
329846746
834604275
1287366181
-668929101
-1270601871
1955029018
-1662475129
1324233516
-513785100
-414675512
152098335
62968587
-978744366
-329418803
-1850934248
-2082401014
7107236
-2005541844
-2045585386
1970763671
-440972326
-2100207894
803001210
-576322105
1642500758
-1371480792
126768867
1456616074
-1644694057
-746496652
-1767401993
-321604832
-1189178406
1524969819
-180104350
-165147445
-824899652
-445309886
1770610974
-846870074
-1521472156
-33778827
904061173
32344437
-2130722913
-1240372352
-59930301
454057949
-721931125
-1017608515
847278592
-791791531
-1611432903
-1152493266
451751422
-451268739
-531855986
-1460447860
1356477550
997595247
1899212137
86611871
-1944330584
1334092085
110656522
1234329552
1794702890
-2144023942
-1373154127
-342936580
1888767713
1845536387
-260047995
-1561085558
1258572199
-1008430241
1085543863
-483222337
-591979763
2069062749
392890343
1604393296
2052637273
113192638
-990193978
689043512
-1655857966
-1013600853
2023484923
1438783180
-1020010182
-821399192
483914058
1906166540
-385691749
2012761546
-927859725
-41436870
-1668900538
1590082534
-1811353000
-1379995984
-580631272
701965066
1922746849
-1693755922
1472271359
80297201
1310321443
1161091058
173877692
-635107023
1261703743
-1195721012
1353285097
-51641352
-109293176
-620352143
-77768386
1635423223
153098856
1487651022
-1886395633
1581114269
225013891
-839012832
-1583447272
1951504776
1049537308
-193924478
1181817725
-916708296
712140984
745367495
-1086759157
-1372091131
-922969856
-62270839
1373292483
-463468974
-1881161493
-1078837886
-151195239
-570382077
1764482332
130561562
1856134521
889853227
-96303480
691125824
-247865206
1145432586
2077637979
1397032828
633422773
-1793767114
-1445396964
-942912699
435410792
-1799890665
-1713601266
1992184975
-2014838890
1339816600
-1045896231
1107136168
-651494398
1376790042
1022643562
2079894852
-1298501443
-206003284
-1435419626
505758166
-902860051
-1951657351
1679185413
-1694641632
-1058595377
80507777
-1495944243
-944618483
1664152574
454667147
-1724945059
-313347394
973836532
169193562
1348833564
-1121320734
-1300468015
1059181854
-1479153327
1501477962
1217905755
-520099283
1197487045
1749427900
1394196293
-652663822
-888819802
-776046586
81960628
-556270299
-111598163
1319284054
2126213630
-1602123716
371510915
-1040483896
-438206540
181265441
85834592
-558486463
791845090
1481033764
1674749173
845389434
-72033131
-1502717134
1820214411
437158239
-1780961380
1881131591
591633260
-1254516071
-277091181
1304318497
1994181761
-1022638231
-878604259
-2082557899
-215258052
-1346840393
-465476240
862072550
-509384008
-2121032598
-2134411499
-642137868
393739293
-282679302
1024673776
1618665522
-1107025079
-1485391806
-1622992770
1473717115
2103362220
-999638374
-57164706
1797439462
631527283
-628960475
1199686674
1755670840
796836584
298382439
-357499130
-910932582
-1038760424
-277160935
1259051472
-322246517
-770108491
-812218048
-318612296
-1002141417
-46195650
-1368424581
1292619387
-1464473783
-39716772
-1912312931
124272460
150705373
-1827269233
238157179
-51576805
-1827171015
338462985
1666779910
1236617752
322209950
659369177
-1311027045
1937480314
148100762
2087906124
-2026675559
-2008643972
-393245759
1943461007
413246516
-1757394009
841997980
58530457
-1800317048
490774614
710905824
-1621070009
-42591504
-1861973897
-733373982
-2077736760
244541337
411579022
488497994
1294360634
-651893423
-978116353
1629612294
-636445035
1236772772
885465996
315462530
29641672
1458677801
2131158299
1472441109
-1818229727
1401295385
-1609494084
-1736925250
-1964871695
-789957856
1756977387
-313419761
-851256977
-1020779145
653840401
-500106392
836943068
-1771469006
1277393232
-2029720728
503690984
-1515859242
-1725369728
876568737
-1544587948
-729469650
8556659
-999891318
-2078437929
-566117282
1322347136
1936323257
-1542627514
1969151032
1515395647
-1202785455
-837000978
1705952206
-1904462959
-1719881544
-837581756
815034439
7583970
1987055245
332696768
-872879882
857411505
-2038581287
-341147131
1414017192
1912748368
1249796739
1881972804
1111193660
1516262376
-1976084983
-1632277790
-2089064839
874817472
-986175123
1399178585
981371163
330613950
218229868
1858483803
-1011530961
321942573
1255878645
1939257660
1565904032
6062784
-235429415
-1719680624
-1188030704
-1629378858
-170840130
-1755491053
773499884
-1784871169
-1476663975
1611096009
-569976902
-1919671106
1872558555
889759334
937146036
972435344
1648410796
-303564049
-702744934
2125530156
-648908458
649959328
106652100
-960472051
-1674315069
1611187216
-1095071882
-1463684819
-64793173
-2108151662
2142770551
264346130
-536999353
-459705377
2115417828
1541186061
-1043669686
-99928335
1821871169
-225713727
-1040394223
1729502001
-1538617136
-447194142
1675763736
151049939
502235430
397828670
652497328
-1111194751
1684412154
1308591873
-664317458
-1786954954
684043840
4447796
896453606
-666034324
-1985894538
-1607511162
-1056846567
-1606013318
562109244
835197007
-943246037
22121270
300266282
-543724079
-1983058728
256973537
430357469
1411272640
-870901719
-551379644
1143129171
-1601453308
1941157858
-1611029738
1679515256
-607990596
-958239170
-2114451808
-1372334848
958027142
-39363875
-1824339293
-851121545
1814134013
-1793375747
2018214777
1933899157
-631823998
2134536936
-1260081543
94695127
1969987647
-1625874003
-1808163937
-1191689398
2089816425
-831838190
-198652564
1992720553
-1312389948
-388996664
-955649269
-826069334
1834680940
2040928224
-472457035
463038868
233133009
-820170883
977349205
-532803051
2058344707
1984696267
481576046
1049929297
962588207
-859409617
-1747038404
-1604315074
713074024
591697856
-1403523047
825898286
-1822893909
1437106933
1168497954
1625387693
713152541
644304030
1884618522
701904012
1749301398
-1320704744
832327053
1983766589
672433762
-87684421
2080229688
1972588897
2111955013
-1048419689
-1340983128
-1643019361
-1937457473
-48109472
1833012000
373196215
-1162056814
-850679386
-706476609
1523190230
772664705
1662320712
-479813918
-1269553365
1321167961
-1164525526
-1412486201
-588898119
-497594060
-793048027
547570802
-2026879633
582395644
-1646328257
-1845558829
524107125
56262446
803393307
1037498920
1987860680
2093506272
687179954
758325152
1359590152
1676015620
51531843
1038509377
1093943440
-1203981586
1308517256
1092701706
-2052122425
-449983469
-1377311446
-1132737957
-404975179
-1490810349
1590162549
-302708843
-411631399
-618901512
329387087
-366078467
-255576776
-1263628352
199613798
-519141147
1472069305
-1319837416
2077759400
105936141
1584092848
658948202
-365308168
727937350
2085289400
-820332007
-458381538
-1930658472
1500095173
-239008245
-1865133314
-1708985563
-1228216456
-1936861337
-922029300
-576133619
-1603414603
1530029215
-195629313
-1602251628
1756011122
670034864
-391911740
916377666
-902784559
1698707112
1614984885
465600458
852045937
233006184
-824702198
2086641518
1182053889
1090189739
1373386383
2096915361
-1782803179
1943436870
-1397407593
1856856557
-730952644
1385573041
-2087756241
773841942
1956801617
940337605
-1717089641
-1750611584
-701700079
1016017607
-1426246931
1512151757
-2118694674
922124196
1973299499
2037363658
-2116215518
722822014
-954379693
-1702516853
-1993460986
-909146777
1991590888
1015235284
1929672099
549782379
1595753632
1855115450
-469598583
-290782765
-475700138
1733592457
-2029457185
1443326632
-1108893883
-891603992
431878587
-1368743562
-1685356429
-170086341
1101222323
-727044271
159184746
-2114288056
-580043852
-1320441060
-758229715
2116936988
789871889
1501520392
277390442
-1045699281
524073695
-1761704869
-601042709
-314209082
-617076609
773380722
-874818990
1637430936
-512257157
-1820703224
-331395579
-845070668
-36775786
485528504
-592092058
1267079585
-589097443
100556992
-2064278201
-145212986
1838755715
-628090617
-1005901923
-692558068
-978291156
1005867361
-1646534541
-4494143
1159629704
1049166352
707581216
-1967111745
796840036
1436771725
-1389349700
-1128395059
1698231676
1867546505
1367106767
1610725188
-1540914860
1323864110
1829973323
-1230452747
717250375
-1269827671
-1172623428
1050800202
2119093216
-2107355668
-1755505219
1893296554
-1108397464
-105074000
263807661
783937826
2113064895
-1714382407
-639486813
143734593
-614846865
839423837
-1242480482
1727064642
-630009859
-1032785594
-198220288
-955007376
1469421442
-1459751050
-1428671171
685775046
-892810885
684616075
1191847375
-359120939
-404638500
215510084
45070189
618804970
435116394
858903363
490533499
399484783
-344416438
1777124116
-220202045
-248480623
1655567316
-1366429843
-1669681307
-1677650653
173498284
-1783498313
1034319628
-93376575
-79336941
634106828
-1671245982
-436275912
2140953978
-1908585726
-752734011
906741029
1857470808
-408248472
-1729081542
1651943643
-824894148
595807055
-1482168927
-921792374
-1633789659
-744022260
-1797423062
912047772
1960136465
-672131845
310901255
-935197342
1306354131
-493289019
130458211
678935279
-571396823
1177060582
-2085602158
819038020
-510942451
-2080637591
-485142647
1766551725
-1934284213
-2113501450
30636175
985778793
-1695837613
1427391246
1342092596
-823727728
-445321136
-618499436
-1375676286
820298801
1784330617
1801528206
136224626
-2007572806
-2075414874
528185133
2094340257
204155804
-1065849563
1745863690
293163843
1119797550
1550301390
-49211214
1890552151
712346066
1878840148
-832576924
904804636
945443414
549156061
1769978904
-476782141
-1689855332
-939902507
-1557354045
-983214235
-1477849988
-1620207105
116540377
-626400714
-1493517080
-1954366260
806065939
289512699
-1052075184
-895303952
1442495602
-261110087
1734423368
1357659441
-525111934
-1763574866
708748392
578435201
606345443
506235269
-2099121037
539797327
-1784857851
-29666620
-593223749
358107161
256835378
-1876363896
1569278915
-586643131
1930521809
-388683404
1168113702
-1260938703
640394472
-1146189593
1570802102
655227272
672330722
213072236
998042599
-822340393
-1503478894
552544118
867435630
-560607905
-455444105
1039518028
-1774140123
343995948
-1723896511
2118163778
1881712689
1799692134
-1126980717
-650455255
-180698523
1985757926
-1746114294
-1118441208
314775529
902374924
-61970050
2013926155
-2113136874
1305576655
1352007559
-1906276677
717381028
-2084087276
240547907
-136992401
1340943367
867031364
2114146133
2017661442
275786517
171699480
-345856208
-1554391611
1278306283
-1534636106
-478641772
541087927
994617873
398495745
-1378976680
-1117424397
-1823766564
-1323722708
-2030823830
-1362115223
974904596
762677648
-716193516
-1017843760
1674872789
52036032
-736542336
-2105423397
-590704710
981933273
-153475459
2093651370
-682157257
1880934685
-1973856637
-719449725
830527302
1938374595
312670708
1433226945
-18762427
761640712
1496204708
-1838840821
-1852824802
-333209207
-1909003877
-1934078263
-6217304
2025721556
-713545703
1663178708
-1672815284
-1362624197
-590096166
2133167980
1376103659
866766060
55565466
-630295442
-1467770113
191681598
880329946
-1422058810
1412750591
2140550477
132166628
-966826718
-409871096
998653128
1247656205
475211239
-154551879
-488918520
-1222955718
-528934040
788422750
1186418789
-171584604
-1812006059
1764074831
-542309947
-1722629409
2107261297
540606106
1224060533
-1000515049
580171143
1356055775
793622075
-1256667491
1749474462
804920955
-669423957
-6955615
-567555733
1170274537
86639289
-505000383
-1015218170
-516836252
1276325775
1588752322
251420896
55207375
-693511519
-1469632484
-1350742284
1638257369
440593661
-1518999877
1998423357
-60519332
635002855
-1116205180
1831948135
-1734161658
1235781284
-1146801643
1391335881
-950209990
-1237278314
-181831343
-400978799
-1570841288
1122569865
1573895963
1320330816
603478650
1686415947
593104992
-504526503
-1527547551
-463325311
1678765403
-181276332
888114705
-1834230088
-1078343149
1985446617
-435286120
-809100358
-1078619352
173697834
-468929451
-1138775006
1263024847
1349911264
179990679
1543066418
-1123249637
-600152103
1315650436
1304790756
1704981117
-1223867792
1961410107
1932352062
-894338162
-741004817
-2070130371
1338587370
950069515
-2020451263
-997135352
-361674747
69616927
1990114539
-525210876
-940408777
1632369384
1400524605
-1667903581
-1926048509
26807604
-1733779516
-1301127486
-56623777
-991857270
376885506
-305544875
745124231
-82907279
-1228325024
137792324
-373198323
-778783764
1737158755
884395151
2120690740
560261443
1330135326
-382431049
1248546687
-2107192568
-1709078553
1225551968
-2122045308
735628888
-1764123315
1815681330
-1830972155
502941281
-7372727
-1747652607
1629971776
2097958181
384928178
-1273941715
404225669
275903613
1554768630
-472632502
-1847717111
-290192545
-1715784698
19312642
1800766202
1890370403
-1301824366
-239978694
-159335725
1197777538
1195134070
-1240387469
-1593236752
-1183797983
-1416638605
-674034062
1704883301
-1708121011
-26255327
1662884131
-734656758
-11094968
1562514980
67006906
-743936806
1409617732
-1000406114
-1425132261
-1203966339
1955197038
-1981737500
1798889596
-1147683550
-2029925587
-1702113933
429218887
1954082194
1537977003
1158611236
-1032826556
487035010
405669268
757538975
-766727177
1447394344
-1553036772
-1552242163
283013702
-1946313968
-800315833
-1863530735
1428868959
524801071
1153093732
625493240
1732409816
1541070904
-189475879
-1213899730
1941559319
-686448594
627942950
-1507853581
156534515
-466695879
-110196701
1503364943
-124770661
278067645
-1308264564
-324252605
-518745674
996576169
301151423
-779221440
1892541131
-2069776372
-1731370813
1704084188
-1512641565
-2003640339
-497682548
-806844477
-39779219
-1124331941
291089020
827159787
-1154461344
985532354
1455087405
-649243125
303164326
1263827584
-479766931
1872353101
1847822520
160179383
-1286422647
1002033474
-2019915387
-1307245724
-261047346
-1638572011
-516779112
-1608524112
1129125452
-2066761213
-2109073287
-1252538490
1535718365
-184321782
-1439338670
947739237
-1452146843
-1962062880
863462613
1139989366
-1957570982
-514047450
-552049315
988119008
-1185531514
-889313315
-1471961773
-1984858021
706299403
747742232
283372498
702779651
-329565528
816778995
2003821454
85228142
-126317254
-600558909
2125469169
-1056501760
-101886844
1693346958
1346827398
-1405866115
-1090581966
-1797136451
-1671064422
830731743
-692983526
1562620176
580780320
1167947113
-339776571
539524305
-479312171
-718063365
1654107950
1002929228
-701653340
457451688
1892662729
-1169813891
-977839541
-2052217979
1509623494
-2033805301
1304786749
384099011
1225688470
-139399563
-2052654134
41613824
-1303355987
1482277514
-1055096196
678430937
-1598099830
1704050206
-1477994556
1989112259
1728488436
1981565178
1312804310
-1873270245
-3275131
-2087114476
-1372935472
982611834
-543960980
694907391
31577377
1222487630
-70055315
1490778020
-867884504
1721877926
-2082638548
1264105522
2081188635
1387385932
-400768341
-1331957422
1397181482
-1549808872
-932223983
901305503
-990432797
445317251
-1302466643
-13496491
-1603118888
-249273990
-130915527
840538439
-603675778
-2038146188
-1697986974
175275798
2016242263
-1028860986
1167389063
-1901552737
153594451
2070069301
-1095140159
-1270483787
-681822861
-340773684
962075427
-1202409712
-13383248
-753337616
2098718274
-1319645820
1874407962
1335428529
1769102839
-1733021835
1809438275
-819636382
-1807212445
-1996062070
907369437
803023979
2126159411
-42329184
-1470939487
178421596
2033602340
-151000319
-1549827470
1068382790
-196269367
-24903723
-604118078
-786060986
-809932405
-1439478057
-1919604172
1509687905
-1478700559
785035340
141197699
-2000415081
479270434
1745045809
-1057031007
-742162382
1180829095
-473967693
614442787
-1898323362
-1047357580
-840860956
-497366821
-370930178
-589688792
98713003
-1550630970
-2140397636
349620371
1186860283
1800737832
-1225462942
1493719161
-1399645882
-2145604875
1749043304
-335861355
1291125556
49560179
1926566861
-1838434592
1047913360
786523420
-1241318614
1153956882
-1130144126
-690544952
2062509315
-2015766168
-286968317
-1526841333
857213536
-858951768
-846327924
241789915
-949152357
-630015902
944136464
-126932106
1659755132
-372646281
1191491885
-349215614
-19891326
853416671
1648744093
-42496651
-571600765
-1930749530
-1553317134
-1416936394
1320297079
704981815
977691778
-1433588988
1063620751
-1958951460
609041311
-811716713
-1919274356
-2101732476
-477282549
-91774844
805162063
1842726855
1262095274
-232344347
-282057045
-33564121
200596345
2065066552
-274636414
-1399406439
-961480770
25091207
-1053109489
-672934333
-516908415
-1279296311
-2098853761
244030085
-1511394502
1193003400
1026210759
119264317
-638893365
401108419
1364578993
2067932487
-1857011024
1446046229
1999158070
-1378233790
-984986764
1152134166
-1825457901
-525876583
-656413082
-1403471872
-656213866
-964166463
-1700792692
-511752043
1720154808
-247455041
1691288792
-1989867200
1670524528
-77679891
844512153
-1729835398
-994784443
1724322044
-131289804
1169748079
703676709
-1006200004
1750893075
1152756704
-625880715
630149146
-1067447844
953036106
270607721
1488504810
664939494
-1749243320
2008872340
355501799
-542053656
331885877
-458025278
-963712137
-2056785933
1151923989
1598160901
-1017758542
2084851873
1849072565
1397956109
1962253605
1651639438
-526828528
1276544957
-306059822
-533283321
627671795
114092026
-1200444037
-10151423
-2050930716
1550168261
-523108321
1656642381
418970688
-1922765941
-1557034300
-1864882936
-1997781341
1860516539
807419767
629074007
-1050513269
935321753
537376145
652540244
1792903743
-1288839343
-1358378437
746159939
400386285
936543823
-1998371533
725726216
-1932401902
1347485901
-1221818929
-96327971
1221193502
-1164723795
1440054338
1345123903
363038807
-1912231800
-1153404131
-1520093911
-1269137924
-1804936186
908815641
162983812
-481128274
1577506159
-591652077
1327923677
-748977653
1570015618
-515461545
-1842268072
1525938844
2088573573
-1153889504
-16488220
-1338349072
-1997037667
824713055
164592815
1732855048
-1618113185
-57318981
698916060
-961657099
354718630
-1528906535
2026042995
-58550336
1466434726
489384668
-1791964775
1185152393
-193390271
1028425007
1515894784
99449842
1366206105
-273658751
-537327968
-380631619
782375141
-1024234223
-554514778
-1198381901
-1437546616
-729038037
-1437460052
-1048069177
183891551
-407084047
1102841131
-469678213
-600631206
414903902
1187875117
-1295761277
1214326606
1676306568
1722216006
13927591
-1623251704
479210788
-536248636
-2072974867
-2065753692
564899151
1945837349
1789091830
-1003216096
-622720373
908491209
-647543896
2075748907
-956642041
1113960936
1768868109
-1445785533
695941666
1901121989
-1380278406
-1358468354
1908543282
1300785187
1824863219
1866473638
-1814190976
168298744
1597322701
1713895947
1181924503
1179886944
555827605
1857256853
27952062
1930292948
-1356278224
-1473271912
-2055044159
-2018166373
-700123069
-585935892
1916899319
69702272
-1636489260
-24826693
947973505
1969617860
60001329
-1538182500
-144098353
-1608907434
2128968208
1495675361
733405544
1004549185
-1783908361
-1348159188
-1055784727
-1282609819
390603998
1666082120
-712885682
2143868777
381986066
-369256907
2089204848
1975314415
1105295707
-193273468
14641870
1247121417
-1316002719
541513189
-2120475761
-953697300
-14925237
251913214
-1932316217
-411461149
-2069956952
-766148483
1219565561
-1516479354
-1868966766
180802416
1453743836
2044947499
-1164385008
-1097037613
1821541474
-262620261
-754733124
530224746
1898292981
-1072352248
1638951333
-1644164399
194226435
572484670
-1220497802
-2138555951
525830332
-450748647
187574231
375511540
-1284640742
-1167125194
1844430610
-1644042406
-1520811743
1054504429
-771328774
1673617357
599368296
1246081918
-1840620536
-225301485
-430190633
-1972337015
-2051002170
-1727477116
454144945
2082057411
1674583151
-222458149
-220329004
-1881121049
1563307479
-1562277040
322215743
-101535255
-396462968
1443919589
515426261
329537393
-1027790291
1747592448
1219777632
-942902905
-1567257036
-191667655
-225704233
-1518310006
-2108139602
2095532661
-1425591581
-2085807514
1655497080
-518034381
1351893151
711880197
-551127904
-573944539
1510741919
1682949
-1709615872
1045242882
1897051700
-151720020
-576621521
329702298
643004653
-657317096
-2069434726
-1997032662
-289679777
-294445638
1556788973
-277737487
566203177
-184592379
1810371511
-1198631933
-136465870
1663783521
1870517068
-928723364
-1370643148
1698485606
1142708717
-1565648841
-584023682
1645642054
-987501018
-920947808
-1592115979
-1356308343
-470751369
-2067923128
-1551681701
-1396018688
-683039946
1523372952
-879661
1667325427
582771635
1938251016
-239720796
-486749540
-2523748
1022527408
-1744504003
-836631591
991459235
-1241214946
-1330268552
1147988508
-1845690275
528256362
746740002
-1378067291
-369435027
-1109391224
-144234821
54432499
-1914290463
-454413091
1145222265
512039287
-458226213
-2057462252
1756980370
1443849610
-1912339084
-740139215
-1380003397
1400255649
1784233692
-1750583579
-28578069
1481714367
442667461
321195300
-1460609180
1293116458
-405766655
-306332172
1448987379
1320349281
-1522869399
-1011860088
1190015605
1922718796
-552358911
393439629
-620387
346220981
301100121
-298705982
-146009355
-607591945
-2053536203
-582200882
-327461086
1328758260
-837957264
1109556813
1805752427
558017868
-684585188
-1524869333
572664188
-2132050230
836201198
1444787509
-239561114
-1109320670
760516313
1756453101
116714217
1095830745
347948280
-1302681443
624924918
1716958340
-990043216
-84100178
542557038
-1439678412
1067900949
1867925305
1645146416
1070626608
-8658292
-1384693794
-281187246
-2081398044
-1379532366
-1676786476
-1336749651
-1988165094
-1797814404
616114241
-1517251426
-646153369
1520690335
-261805876
-64193781
540115687
1621472818
1350611055
-849259100
1670047532
-1301479024
-1987466095
1251768427
1047296371
-327497085
144757587
-1628719243
-1437743848
-1749194850
-1887737302
1170729969
-22656437
1565735145
-980262483
-1366014615
-740937724
1483711683
-1408836945
-353703096
1888723251
-208109820
1218537616
-799821157
-726382276
-651149727
752002256
1552542747
-2052217950
-542923756
-856627228
-1975349653
530453249
-1244153412
-2091369652
-608943971
-1269042367
-958445183
-2016487195
876022010
2562824
315438203
-1763587205
-1284922366
-194215824
-135574700
-736983902
-291059791
-2083326726
1643351339
99056581
1903482627
-1564267327
-161222469
1635723903
-281097798
873235698
1810045884
90569257
541936734
-311739013
-1188123511
644150963
1038310533
-355722750
-2072905214
101210807
1439819092
-1535861224
-1334940237
-1627764533
-519430075
-1158260562
-271786955
-1472248298
-756105686
-1354304825
1786871764
455559717
-1533010831
1019082095
597850481
-778078209
545262248
-246121749
2041248682
2025706614
451798083
-1919795407
-1104968649
-417231425
235143837
475448218
239716246
-1386764219
858508092
-94078507
-1025953046
1226646713
921558617
-914413026
-1816188896
-262868115
-977786466
-1706162000
-342599597
790186210
-1146363087
910503544
-2140741519
716515231
-1037979407
383871242
-1577645026
-355716284
733118462
750556632
1933763288
-1882971938
1064816766
2125462688
-2074418341
1793349755
907966878
-224568026
-1405316794
-422208511
-1953289769
1171170339
789952766
-1888172229
381691762
-1788380291
-434270767
461962548
2051544397
-2023544393
1633617502
-2095130936
-576602145
-1924369238
-1683875019
525297271
-1581959560
847543157
2069351354
-715971204
-1621445427
2076752817
-884535986
70131229
-450879308
200783337
-1057552209
-2092701884
1422008363
-1105795768
1605716383
2113357135
-1408103522
1435762324
-1008941885
1986167843
-1328398231
-1494832549
2095896526
-1535975801
1738971034
2069311083
-733108258
1082295982
2077164796
1979824774
345080357
-432921579
-1807834544
1567968342
1608065740
117168783
318876381
-1882693986
1308296723
-1727582563
973679403
-1376987214
-1301534788
-1620681981
-2070189814
162523944
-2132093783
2052778903
185878489
1600774864
-1529711933
-641158820
1603349764
1546453728
-1140235490
-1092918322
-1579669298
1384250739
1642619482
-715881601
-1216190640
-306992844
311233356
104616418
258878912
1167257430
-1845534756
101315174
217901046
901194951
917273648
-1526462266
-588903892
-1966194012
-365504503
1121740959
-1028666619
1775481326
952023661
1000254018
-546637360
792436350
1405862790
-852313909
-2007010035
42730806
-1658146614
2133962098
-1020590801
213643641
-1650409637
-1008956384
-1397973085
-398156324
1569214639
1844032837
-47032816
-1202230243
-260000397
-589881112
-1761577504
-999888813
-745192788
-440617217
-391341057
1566591847
215880991
-1837410048
-1020280605
-975818558
-18929933
-1176866633
809402571
1563718471
-1357866092
703535194
2024219722
589325699
272983513
-263901222
1214852358
-89663197
1431546984
435417979
523397821
-938169946
-1464561575
-968038490
-1406542711
1868676691
151468569
1651322365
-2085559708
-408307860
-1027780464
2011600816
-1052278035
-2001290590
-1158332794
1446447374
-1756837525
-1638001972
-790042046
-1961229730
-973045742
1355388627
949863284
841572848
871090821
1820068849
887966548
-1912622226
-301308772
1476196122
-1093960950
-1654677385
960399718
317428153
-702370736
-888580499
-518666639
-369109601
-1275926443
-668994162
-449495224
1216074808
1205649636
1955487041
558376252
-654390017
589174725
-268703310
-1544067225
-791759053
-1568049053
769062560
2086526701
-1866190134
644278190
-922469515
-1294173307
-1185934170
-323531198
-1524673386
-1905904585
-758054394
-1908285240
757730812
-627851161
-471675073
-1285215588
659374851
-1991549679
-742877782
-1189372240
1546086274
885596757
-1842498336
993907375
-1286468069
-392647370
1900622628
-1123366811
-947322925
1775837598
1471295776
-2036274851
410171620
1966131365
-531929900
-1147627317
-1078763823
325439250
-1273573429
1184595884
401638331
15067169
2145526927
1977743147
-671266061
-119613306
-1706061986
-1355664058
1472971472
-1910100559
2010502685
-40689743
-1321629759
-1420909228
1418593164
295627002
832242853
741214497
1716785594
-1384129555
-1421220775
-1644264744
-2010953797
291764537
229673106
-1401770880
-1460781415
1792691027
-1214932499
969138420
-1749171833
1129780378
134743364
2050396320
-1142882980
-1907737669
662501955
-1861706100
1168945983
134584918
297189178
1232734618
-1041341794
-1167650335
-618369484
1256220171
1125359203
2098498252
-1630015673
112847687
-2041249431
1398161894
-1506753491
331160029
1278703148
1937639422
909080851
1831747015
833471936
1099978701
424595121
1653887219
-1924161020
1926129171
-453185126
-310705666
2042273559
672043007
547377876
-1450712254
1317326857
-205337645
-1363610197
453314066
1265629909
1013120968
275269313
425952836
1359452047
652960558
-1917398934
-1436759569
-842854695
2105363927
-896507850
-142509707
-630658149
-835511883
2128900558
661746627
587658226
471726786
-1595804925
635978455
647912808
-361828065
1612887332
-293743486
2112000102
-2043004544
2030837647
-441222290
-597938458
1079435206
502265738
-1629389725
-165064084
-1395501075
-2133765805
203008965
716125494
42615079
-899744139
861396833
153139890
-906184887
1911950684
-626968472
1778420527
1082250854
-1131139541
658475450
-671303977
589780153
-20246323
1800822376
1978471388
345069255
-985460662
-1797036940
110939122
30532037
-2123579557
705970138
2023410940
-312831946
-639227329
83364307
-1814818551
1665297624
1896997327
607322200
-1955204735
-1185671232
1437279184
-1145099804
600177051
-1376347708
1912845448
271380862
1686105106
759532056
340606355
-1400701194
-64884713
299067963
236537334
-821244050
1117395336
-656712685
945297268
-530853348
1632092258
374707798
1154491680
-776532659
1853250420
1051999020
1670170419
158437292
446616149
1078228242
727474207
1012937155
-250119528
-1349911039
-2057093405
808152002
-1549126595
-1498843953
-968240479
-624802945
-1811195542
978855124
685900653
-469788994
-157059750
-988929073
529056871
-136100431
-624363884
-1650333173
1480995595
500498881
-324644768
-683489091
1560270791
-193018737
1742487414
-935730512
-1036657715
237581109
-424204808
-1859155165
1157449770
124023248
734638755
573386481
-914972137
1701587778
-768719040
326249458
790722703
-346173132
-824978849
-2001454431
-1922910431
1094998105
-1571680185
-1815458306
-644034041
1584198906
34367272
-1572139595
-963240074
-844325971
136958610
1318473344
-69537225
1047939687
-950300118
-229430071
-2003941003
-719430219
-1999401062
-52253294
-1191892519
-1079544250
1265020873
-572454503
-1774849069
-281431380
300319564
953026230
1166428986
-1322434205
-1618933221
-1516829816
-57187304
-1180856559
-760447353
-264005296
767150270
84579599
2098223979
850393116
338619677
-1964897240
1882984865
1145987367
-1448074408
-668825697
1057956024
2006672255
-560478828
1541848182
-1581414685
-108609816
1469229330
130513133
1771486259
248320256
-208851328
937889864
-513495800
-329469789
-2081389685
-94290219
1788569541
-1264428144
-713430600
1611057709
636056002
-767518132
-499181964
-1594072647
-1169950842
863960646
-1827667863
1934132088
-2021045195
-286482885
949464594
-539727618
612854855
1535341787
279107985
1478508735
1255896954
1263568301
185368000
2083207053
-788900343
-1451299793
826122373
1494488671
184679710
1776433472
-1003557271
1711241299
-1862924668
1392427714
1555037035
-501424907
-1543401568
1783941499
832650514
-1267459391
394498977
-2019714757
-1928654399
-1866926618
222967030
217581380
1825401166
-201662644
28617216
-638323995
591979220
-723312680
-1950695159
205696104
1897624520
1972630510
22294387
-322148819
1075309642
895441719
-2119622604
-783739882
-1304367939
649371811
253277569
-1283629786
1124409497
1712316081
-1430687287
-1641905308
-24915329
430375917
1153612772
-829790715
1602104717
-1018946630
-1064439156
-411106871
-636829709
1316282193
-489635061
-806415452
-328854842
1899221769
1553577782
-1125138015
1234463508
2091873240
280178329
2092264963
808847415
1394096409
1788884723
-844883795
-1271893138
-1767477617
430569444
1941566147
-253446999
1234512553
-1498700316
-845346672
483623075
2128602375
1136013431
-71359063
-66210762
-1402703556
1887707038
-1114024109
1977659626
-253533739
-515287920
489861409
823357134
-1082845286
-1242455638
-566478879
973232011
-290848493
-375624285
-1773791560
1412775605
-135213491
-732768765
-449805684
-957609116
474324190
920192213
-1438847071
382985987
1104764965
424848795
1632271750
803210599
1402014166
-2072124031
1192410418
1314806307
456144565
-104412458
418002281
1595002649
1643864993
1806282679
2128234852
1218498644
1171910355
755022860
-1809816144
1715486997
1388341607
-432719176
-596076714
-1989136853
95419676
-1709439476
-229117637
-803155577
-534779305
1422378875
-1382194231
49003279
1551000173
1813184148
-1585059121
-1653198158
-1503247839
-1622211796
-165988955
114239420
2039181419
-1331398950
-1960694380
1508655466
2077746555
-897263193
1661009524
-997268287
-1613259268
-1655425530
-781548139
1578320795
-523108707
1215109121
1041713890
624478466
400780236
-183483467
1169320003
-451643712
-743302716
1559551744
346227523
995297334
1632721098
272958072
1455504627
368701036
1951850930
723379614
2123349005
1244887401
-1168513368
-1201005997
1417753947
-2119974203
-884216788
1650428810
895719001
-1651954308
1083682398
1599222590
-1937721831
-540766460
-1192061317
254262182
1956556902
118642080
1653703847
969375655
-251113684
109002742
-1992691220
-995778934
1869096470
-575112737
364162690
1816073966
-1295563655
830485118
-390610864
826809600
-2119523984
-963838061
1219569074
-944955416
1935189575
-1364483567
3440765
848966278
-1526564068
1700790253
1449782591
-1950102691
2099444163
-272931016
1274841802
-1469640753
-1675662614
1340829295
-773097997
1126637194
-1152093827
-781842927
1552432535
-1706029758
964413515
1137479538
-535162146
358583712
50181609
-1578562353
239942083
-1103204999
546003670
-1396326751
2013953491
-644520381
-1668465184
303088182
-288706764
291172292
1656994501
-33389188
1328966632
-866186741
-483576036
-988339169
1965209939
7680676
1679835509
1045955031
-352374278
170653958
1036385983
-1527499270
1825753997
-1878727088
-2063365654
1824234584
1295022375
-686379980
-1415108148
2046402375
1901931987
254725939
697860424
258608892
-176880814
1277640714
-1659298387
-2049730020
-1577744102
611817579
-652933285
1433975698
2112847778
961605360
-698795860
189346210
-998079524
1846441548
1501568784
-1345629634
-311857405
-357278781
-1446868359
-1118449512
-410620266
-2099668773
-555897094
-1415067656
-171304797
116436052
-333112150
158736335
851509320
-592548268
-1629367858
643996939
-1178104202
-343051290
-1534211274
306328748
-23321864
392148389
1552791271
-1495436394
1627636147
-1010340428
-1627345670
-122744919
2058735663
-74751760
-916974909
-959318514
-1241012395
357173097
-1209529292
-1013880109
605617530
-11384819
-339533949
455282106
1171156124
-1516258395
-331747573
-834938803
200775914
1113828101
360852847
-139564746
-53298295
1784888447
-124375036
676475084
2012714389
-1912175464
1435550576
-1067953423
164630373
-1384419842
-1746983282
-1171500518
-1251669997
-1928680264
-1126346859
910940078
-492168902
-1377029985
1074716536
1382165908
282809089
1120652044
1047095182
1437154567
-1540606888
-855245870
-1840585355
-94689620
-1003003007
-1011869330
1845598516
-451098651
-1449989422
-956413827
-1854367329
284868967
1424293304
1422718574
-487666945
-837299447
621906431
-1925526665
416553969
-1278959393
1289296207
1671120844
-1908200306
-1314507385
-1228552455
400130062
-95697972
-267266622
1892371955
971353345
-425412829
-216401594
2076930849
-348159358
-1566431117
254901457
-1769975850
-312835657
1706507812
-1626906239
-748535655
498645639
530102671
294563170
104299563
-848580532
1971851164
709574984
609720008
1618105799
-358291541
372619231
-494045779
2103858260
-1768086345
34972160
1093039834
-296086946
-386802504
-44911547
1785057561
-68408044
965337673
1261615583
-1518374850
1252809052
-1481587573
226713766
145609135
339271688
-2127861432
-66309519
-1406491354
1748707655
-101079718
-988393561
235550133
417139549
-454133938
-1306738922
141942538
699912342
-1010907069
1234265859
-1597893900
1389963383
1958795032
1087374209
1117827877
713652279
-342576698
421113350
-411516103
1128414829
1385193737
-49755590
-1292323082
1727692298
592489029
-1164547054
-1282875179
-1327864696
-814117976
902269725
2073543873
-1446600861
1975506571
715757341
-133016802
2118587592
2097646621
531317209
1291210764
-1672219764
1308155970
-1395158479
722299628
1892634207
1831339704
-1236888462
1438894626
-165628352
-83218821
2037922795
1173688092
1657505843
-843821205
-1149023808
-1699277165
-1892687310
-1996050901
2051755261
2077882641
-667847840
112343627
177082350
390664114
142515076
649276072
-389413203
-487522002
-1897558604
-2068939758
-385576197
1955273494
1422682704
894842416
714092883
1072593757
1874625586
1657969312
-564141252
-678703591
-1421851357
-1905483166
-1183421729
-641686645
945186192
983068021
-556454952
1157341788
1421110140
-2126214974
1043842384
-1132783063
1362994360
2034052665
1143388491
1543748161
1404244050
-2000624839
1169995070
444952749
-2030834869
-1118430923
606031844
-1233078928
510514315
-1077431148
577065041
-1956723185
-942228455
-383214121
296866374
286496083
-2126900858
-1457733376
-1678976057
-1081576628
-1677335126
-928506062
989280235
2042278297
1197208466
-173353324
163621618
-513161241
-944388936
1681605755
595907484
669301943
1999266932
-1837259320
1424248248
1128191587
1805080243
1537923469
-271259142
1294981218
-975845914
1844324854
666701585
711217354
37755964
-287555738
1404803065
575060502
1717271570
298033632
1130283917
-2137885399
-860107862
-1405522776
-1155397281
-1349656686
2121287707
1716197417
-1959532596
-203879919
-1682844792
384335385
830603082
1435685722
1533768340
-1331201062
-652538109
-1771148520
1707650324
-113977565
-505698649
-445677260
-126040570
618416351
357802366
1604560214
-953090366
-2117348779
-970998084
764648107
-2034804369
844415112
1590946584
126854121
1501728440
-1129381408
1112018846
1000737679
1857759934
132755977
1239579076
-1757189007
-833288881
1929248794
-191352644
946896499
-1291351720
-1431842054
1544342536
-1348899948
-633438312
-17182721
-104816814
-1358499538
-1321185130
1624811479
-170569859
-118369925
1226961364
736349611
1088300279
1151162715
-1052091
554695808
-877482160
1718484563
133650939
-879087903
1351585296
1656576217
-1919921884
725609659
-382045500
-142803250
-1955085769
1175720839
194752602
432931403
887384937
-267027283
-91165778
1791695007
-1101589658
153036327
-1730035356
-1910526568
-1309878979
-249577115
1098413303
-437885183
-1930053733
1761660016
-1886520046
-1779573652
1107362619
1384356178
748290334
-315979983
934546588
886892468
-305357796
-888590666
1087857909
1832776903
14743732
667243760
-799955354
-66837145
762649228
924542760
-1014608017
-818499970
1711565021
1407629058
-1442684507
-1014243418
-9974204
-306741318
-1983400030
-1129974766
-258506283
2137881521
253969981
-1244557907
-745026186
1537723944
-1660306182
1955479171
-180656791
295912778
1119435204
667665504
1492854058
-819185553
-1676278823
810343094
164382074
1926858398
-1356627451
709543619
-1915002949
-1055229612
22667282
344130035
-1700539778
653889411
648812414
-1081432446
-834643110
-1290636067
-1457959058
265912933
-481625601
5876049
1172293602
-1212615574
-1955630966
188259541
2081866794
-228526179
1798632729
-1469496474
1524115609
693108974
-54990686
841508172
1786363767
-560950512
-530733312
470167458
-1344186053
1953082531
655213646
1544603925
-771867655
-1826261868
-890942600
-510857492
-1155164647
-1033123644
236442126
-768811449
28764233
-211512601
503543131
-1359606357
-2142725452
-38795346
-1093790538
1175091901
-856936077
-1585368024
468409623
-292384691
1679610948
1326021989
683637229
-1269765994
98704761
1965684316
1534820141
288976835
-841194446
1229565966
1754128558
-1594250571
1217328590
377382890
-2979149
-453499389
881848990
220674163
995323849
53301570
-1265843749
200224800
1529061331
932727429
-1567797030
-634916222
-806601629
188112423
349147517
399165356
1197727306
-460570937
1278733292
-1284457010
274612338
154941843
2062194565
-663174877
2024489962
236251849
-1838346480
-107164147
-891707070
532166267
-2098326473
1017487741
-295511272
-1447917166
-1404701132
486443928
-687127054
416720660
1277693899
-2099165033
1905932622
-1204648535
1058648187
-705952786
1908129272
-1439301286
-1303255824
712108464
-1071755878
2045535644
1592316603
-1560745423
-1913358439
-1363799155
2046073668
1901958124
-1658093794
-1342191492
-862127618
-1488967769
-937081230
1648969903
-233958947
-1175696684
-2116740210
-2086309281
-892985851
1696529466
-50054670
2012871943
71367107
2015669972
276567477
-52074275
-1933593664
1006874361
1126286301
-157949280
-870735757
369440188
-1074850832
172236692
392667095
36818581
728444618
615609802
-1791915426
-1820593344
1812844209
-80169819
1708194084
-1919024667
-1173003098
1895137688
-1891902105
-2057375368
-1693860099
-142721740
-946037961
-2126288798
2125071664
803779681
-1639670935
2095520096
1335762159
1838293483
-1176401711
1049922219
-1892627334
1017594944
1823255727
-814765223
836316723
-1427010697
-288416151
1827265282
-273725074
104506260
1269611130
746342310
-1320098677
-790110454
-747432790
588236238
477684807
1468220800
2120800639
1850181360
-2065904562
553667288
-1504881933
1633047063
50935060
870740588
1121911910
-1755569469
-1792062748
745300634
479957461
885281293
-1302156744
1999776898
1262118476
-33903089
-253219509
-906900466
-1484337767
-1907350654
1898675948
-2090261454
1632990530
1011735975
-503675243
-701432972
-1516468040
-1824522133
-1258094148
728284334
-1653285685
-1699782459
-1652564376
-1437138926
809360992
-300687518
-1412879610
899358831
-259704734
1333741956
1347596156
-443785038
-1074895626
1905976359
-1529707650
1176987054
-1050305038
508560741
2081044001
-1649211361
-1783832433
840327195
-1388160339
-1135492372
67696732
-1771510325
-1322152266
1279607212
-1296054923
311190211
537218413
318624618
-2139606539
1860253823
-1261165517
-731396692
731876008
-1498686901
-1088021393
-1601901646
-151048443
1154871340
146370208
-813640197
-840381350
870597632
695653045
642940428
1846450248
1316740324
-1628831332
-437884301
1686126194
-1902973739
617102360
2096664330
1033663857
1813017753
978840279
1500867960
1616015114
-1972911649
1110027203
-844219907
1527617443
1575693221
-1614520169
270796909
1331255537
-1218203431
-689237322
912934268
-928778
-852402877
1128054839
1558249533
1456588330
789747873
576415300
1779156964
85790200
1122944019
-1882661724
2102534611
-657816981
1206045113
-1115859307
-633152557
854004265
529826458
1076141279
1128513185
-2005443169
515643079
522999077
1026253997
1453080701
589347775
-2137068931
-1462028003
1945239141
154694933
342616899
-859053289
610862814
477150032
-1149767638
517906752
-179141490
757083409
-1982111597
1927960959
-867554392
-461394309
39364641
1017340165
273284002
-1408525618
-393760372
803815569
-1345591253
-527176619
12434102
427161840
2091425116
206339714
-1785342469
1872661443
-710814931
-459485610
1148169420
-7549820
-2122718166
-897524474
-645965954
-1420378678
-1889428635
1967331547
1919049311
1490550476
-811569746
1232171097
-1864681462
-1401549533
1156223489
393081763
-1349134084
-1371513133
-1105482433
-1474451427
-1913837466
-9856885
-2143025887
-1858178477
517107268
1378313260
-1520341399
1612134937
2138377902
-1428509817
603744857
-1094472462
-715512211
-684049557
-1703598231
-259046731
-2038899504
190190302
760437043
-488019859
300515008
-991305047
1973885874
1152841089
1644345106
-942046951
-2101848661
727928596
-761169892
320493060
-467317142
-162144850
1024289418
804848394
375941809
1956034843
531953010
-690303972
1053312237
129478291
-1206307931
-124877758
338990251
952435994
-2114753977
842597016
63281481
844342313
-1121790815
941974425
-390398992
-67600242
629856565
159488671
473062593
1909420944
167181330
-1198254166
-1348665522
1953882198
446374505
947881311
-1988146613
88066952
572259169
796255060
-42201468
632572214
-25910745
42762378
-1302804206
-1161272071
-2033463992
-1284072902
164058313
572385367
429662018
1082434260
1234484980
-67263637
-1464308649
-794659516
-207342781
773528517
-1477572188
1609496694
-1256705276
-1146501746
76839282
-231999716
1014729617
-1926616336
-1854207796
-1628622930
-304168951
400008628
1083847249
1952047282
-1711941054
1476759340
1408752203
281302333
227399422
1027934802
-292898817
-1785776711
-261086884
1494928433
1037729862
-552558361
557699472
-610367869
-891312804
-1449176793
-1640783146
315873435
1702805495
-336178697
1684198563
1143401093
-282528357
1725958585
1056598813
-1049291158
-135532500
1910610872
-1174437171
514606137
1926314692
-525605268
-1232426093
-527311996
-1810491449
2108137981
361463513
2062315431
1656890419
-951688443
-1603082997
-94795217
1756650556
672826778
-2009612730
-422889608
-844933865
-783006582
976282191
1295989143
-1274626026
1147306216
-763712570
469501306
-542274828
-950403641
2085454490
582872654
371536242
-793897915
-1391584833
-905895136
-1370745822
-2047728693
1580684319
-2009374010
-541988735
-687127918
2009662669
-73233921
1627821643
1873670760
803602048
2034982873
671684107
-1803821645
-1610668482
-1723972525
-630381327
869392566
-1953465001
1893049666
-12066329
-1399397614
-615491948
-1818993288
-520050715
-2090842736
-1593824592
-991927774
-2117813884
-397875171
1192345607
1425039985
223449553
1243876373
-2092263027
654392699
-338497948
2122684100
-1749360383
819098212
1875830448
1168996392
-1325645727
565636792
233546907
771504636
-956277088
-1401299173
-167800240
1618148081
1174270870
1898800676
-1433005740
2132892222
445032247
-1527554684
337645271
193468251
633286663
-1540455058
1487472972
1579117064
-262773555
-1987262925
492723003
-308521324
-210815610
-2008979413
2109726549
-595557797
2038218652
466642395
36585929
-1573630833
-582028969
-2110112684
-704867627
1386426171
1853976723
1751768537
-512758113
-263279483
392542387
448572100
-948875708
1229737011
-727931947
-157903703
-161294799
-739807889
1629672263
-1267544133
1892365746
-1947733810
500607800
2114172526
-224465976
-234160498
414569906
-1745173666
-65501890
-2075431649
1232830663
-851720850
-1064425474
-1821668380
774360074
1070379572
1069809568
-1995811270
764156225
-318391660
2121539
229266104
-1082182568
345736618
555723936
397451960
-1122531689
-145246739
1286826075
-1748564458
1182320919
-1728963440
2098784156
208918327
-224007566
-1967177941
-2140564770
-496549043
127867833
1494160282
-1796227578
-919780648
18823338
1029772837
-1234670153
1894258287
-506790110
-767484447
504077796
-441496641
-1864906288
-185429163
-1028006490
-1670672684
-1269382613
-347738785
491213903
1942473623
430751141
-1823565736
868844478
1582588823
1368275488
-2056410250
-1488036876
427916299
-564515423
-108523406
-1229425689
2078386199
1512414530
612696426
2028305302
1148613454
-1468715155
-40107769
-452904099
1893503096
1841376583
-1446530846
456701065
-2126139244
666085225
-1859835357
388380463
-2088090080
-740838955
-1537360789
-242712263
-1837254505
-1033114841
28522227
-714851647
-1068250054
528073482
-937091083
516973473
982401555
-1200213011
-307790262
-459045302
936768566
1472717815
-1312155308
-1421818923
-862784950
-1260789448
1119441693
-1155461801
-1102355897
-568234720
1030750400
-1297736072
-2146883200
1307609908
1568924935
1569328454
-1753046557
-1571404034
1533849941
-1374190778
868409216
2129192260
733982918
1115943884
-288208313
879064189
2094563732
478569356
-995586027
-657231744
84508860
-539323024
-1229114639
-359502466
1744096224
-418795349
1562130322
77790770
-933692049
-238111731
-1875331036
-1579464362
-2102720766
-553760103
705650507
852165208
-1366766071
1648285012
-1513681049
-1776699059
1738960550
-1655259553
-1289864679
1080407590
747784408
-224106169
-86529018
1851314976
-389399588
-608938852
-1421750053
-1391719807
845067215
1897873600
-1944079472
-517362816
2013687192
421752832
1877688047
-137794940
223352068
1309234152
-1042513321
1140899985
1305289009
-40551470
-1801847107
-1663742465
937661232
-590554944
556941299
-270125972
-1968538906
2020649579
-918600148
-1191404557
1779394098
1744218523
-568818753
-1526540387
-4121004
131384249
570454827
1256512791
1346262924
-2051081310
-343471781
-36437083
1076705025
-278510659
1193969706
630406742
1762317028
-947755697
1809085736
-1844427399
462426325
1724025101
1550366878
-354327729
-1407482235
-203082510
-277272369
-1601775615
-1471790948
-252587182
2123367808
-808843052
-960261156
2023429935
-995612741
-159125862
-1844814715
527618507
-1886262833
2142730091
-314028037
-1509094018
-1234170982
1384370069
2013676710
-54951479
-1469573367
792577488
2045678617
-1806191446
-27916065
-1354842442
-1013646475
993746225
-250920522
-773133455
-718168561
1180425043
-677575869
-1151879243
-2026434992
258136317
-825819682
1914086128
1824882908
-1126471572
397062720
1094187200
-1552183818
1275343803
1367124877
-589554523
-783866589
819761597
1799148949
1776377079
-1512073460
-231894004
-2002291882
799506714
1824250280
-1714593182
1549826501
-1799256337
-1813615974
-429099226
-248294707
1476477837
-1505594409
-115240630
291327127
-170927312
451679883
-421367981
2105096460
1098990705
-1315438531
-1570461767
-922287721
1249921719
1802808880
784544368
-789433553
1091814381
-1152253172
-604342330
1965475476
-1118507659
1559892670
1830156399
695445720
1207575643
-1661974373
-1039670562
2012137504
2132307149
1434078155
-707515947
403089579
-1942913846
-970439196
1245573183
1974060563
-1274331622
-699895851
499080765
-1683209005
-1624704131
-1827927803
-1535036546
1612232713
311274791
2111970491
579381971
1755381628
1592924266
-655443520
-106462463
1563460063
-133122379
-993296318
-635223847
653346646
-917203012
237545978
-1228538234
-282478534
-933776648
-1179389807
-446931931
997262361
2070961234
320665151
684287386
-803965696
575983642
-2023418699
-887979615
1047016187
-1814623683
1294120509
693288483
1197620188
-718644041
-1656840930
1923485130
-1685679301
-1069057722
1983102276
51530455
1545072318
-2028281248
-381645792
-310570190
-152018278
2071263078
1048767181
-2128948798
714723929
-1351479272
-1327100301
11831551
-613013027
-494642357
-1621357840
1374106308
-784096604
-609192742
1012065204
693684585
-431384244
355002073
-1997584660
-2079568367
-616646822
931400208
-1248504094
113205311
482440502
-963970649
1726621091
-405718353
-850904967
-162034147
1409205985
802957667
1493078635
-2141023362
-771744741
-1909994245
2086232775
-1937592619
701808378
2041298761
-1031544128
485467870
-1497059842
1925147940
576969800
-1654324224
-1327718567
-1643300484
403935631
666516345
-1535566310
-1674822225
-1181476663
586537434
-2138843762
61160218
677589044
675569846
-1464881438
-1570991631
46911065
-1701655658
1856414989
547639635
930673297
1427632175
-1763282196
-1730759528
-1069123126
-233361962
-1170767954
-1819631123
918813579
-791011277
-42226318
-814154205
429519669
-2021242571
-985076179
-1773999677
-1505642102
1582229061
-1818377519
-1179239579
-763030925
-858626883
1379666091
-517027007
-1388162307
1802906011
-1105676020
-1853332474
-96574556
143302769
773160747
1828613354
2040406740
1865205152
1663256649
-124542718
-46863444
997826501
-1338297834
-1016240173
1013859588
-671392654
2005760851
-281828568
-1888158543
1786709024
2115787448
-1203829211
731525895
905771364
-638394345
-160609892
-1172104545
1798158177
-1887026240
1964233118
-942903207
-586710147
1121077287
385783893
1925115812
-654768553
-2035838524
-1141738991
1184909052
-142606344
1252858170
-720961888
-2027925324
133860168
218373051
631102433
1763349493
-444291902
-913298007
-855511653
1432375813
-1583683477
215700353
-367866230
918528972
-816399616
497566964
-737296709
-1155503212
380064366
1287863894
1925620505
232267536
-2060562042
952370235
-88544698
-471749217
966650608
695860575
-1887343954
968296145
568442720
-1360689466
-1093693990
576587049
591063816
-399514076
-1477616383
-938295004
1762326093
1648721534
232997604
-854224774
-91185732
1640770320
-1388996901
-1497156189
-2070633153
-748034959
2005353770
713163676
1496590987
-1779559435
-531748712
729217514
-1730598180
-1909311150
326822210
-710796065
-884396060
179095173
-1161857876
120688155
-1581426688
-1493477898
758932248
-1479595691
1517694380
-1135108390
1762582043
1336191323
779158073
-1120089128
-1145185172
554604887
705413053
-960948242
1327417086
-1195993517
-591436214
-2092837482
154590033
2085725438
-370628511
-543275996
2088709
1355259824
-400991576
1558173553
-1270089552
425001131
1290054363
816108989
-319962640
310938787
-1144827392
1095528401
1627842243
-1441619585
-1093913122
479311716
-856627691
1735667041
986787247
-1368057921
89704346
-1644719645
1295441428
45233315
1860164318
1178466212
1541005384
645550954
-1172253799
-1722821118
365078680
554283627
804902727
-255347928
-913514478
1647342243
1592872952
1671061578
-1820449412
1280178064
-778790812
1970288175
1955817863
499638624
739038530
-1682500113
-729064892
1391723851
-971534375
-3329538
1718063575
654247996
-2091522602
-1390353560
-129663895
-2033221706
1472094816
-1256059043
-1341445789
511687925
-299182999
-173678352
1433631704
386311763
1019000391
1361435419
46689858
810173165
996670082
-951089402
1330732400
-1705190266
1167938031
-135642488
1550225087
-514860118
503987965
-160632083
796550536
1746256406
-738817458
-1175085062
863763416
-224467113
-2111050615
-269403347
1375605350
603118512
-1328676498
400693064
-1144484927
1153602880
190175274
-392702960
-1876302135
806210404
-1421495060
1796457042
767650911
-1741151142
-731981897
-1853815770
500302943
-1919870682
560749689
2035805559
2008606158
35369912
-1772910499
-482842431
-64842160
328305486
910891101
-1585486820
1649143004
-294739177
-786406118
-61371782
-1136391246
-913699047
25849839
-12202708
-50362997
-1818655917
1844981059
-986283606
-1956896238
-1589890779
1984471070
-1659365485
456652179
-854878480
-1733256450
106736370
1756741617
-1040767495
402340331
1250686658
-990656803
1830412946
982477257
-475829324
-166092988
361194107
-713682708
-157651154
-1040934391
947899781
-1774080783
977077911
-1985886220
-850344840
-1955497525
2096067281
-784348951
-400338378
32994844
873562119
126999132
609569567
-1054222139
-1377792600
-1306470140
-1073824073
-1579299904
2133037746
-1845614130
-1188405370
720535596
-119758285
-552092140
-2074999489
1383133097
-68176884
1263249166
2032053540
1607851750
-1989757448
-1101206392
-662856536
-1486817929
1643587788
1070766805
1007848021
-123928853
-689058305
384121859
1562964208
16951581
1307126125
170799183
-557518630
-2599990
-1609311401
-871392805
899048376
1065796964
1763448494
-318582882
-543750570
868473125
171292560
1030130587
-163128120
-2005829018
-565658094
-331003819
1074279634
471892272
642134336
723485057
1632561801
-401849325
465153633
-414397443
-1284713671
1599927094
1817061502
-1421739776
-1090555255
1439436975
-144663515
-734414701
-241082915
329751060
-685524118
-1902088384
331608571
-941246638
-1518086610
75182856
1522286320
29622972
707429027
-1878187111
-296202700
-1886732698
-1762276849
-914517568
-150984948
-256013644
-1825645105
-881546724
196621615
747139629
1074305182
-406087916
1150350764
449928852
1252937751
1170755082
-1737880054
608389945
-38815112
103578576
850211248
-584464244
220130472
-1042135974
1762097543
759735538
-897469318
-1383544395
544084445
-1924870437
1208472371
-1177702857
505766540
770753556
965467209
2107639288
-1286597285
538976857
-1644381075
387738496
-906125661
566963502
959065291
-237425727
-536466379
-125543186
-187787632
808762695
1484529275
-154186973
1951738540
1891104429
-1906741284
-1022783464
-1719455272
-1547650990
-1399738779
-661953107
-988292902
1740701005
-686330971
-1079041174
635829511
-425097315
535709399
751560661
253738249
-455697499
-112134842
975241991
-1144794654
-1136099626
-729486099
-1166739844
93910065
1968745901
-898919075
990125611
-635186766
1538784480
293282531
277370582
-741845237
311499219
-1832419351
-1377552990
-1995484732
-1200742831
-1218058084
1217504490
1544924823
-1976095880
-17031985
1352464975
-658843671
1066090483
-1309258722
-1393370605
-981993320
554941806
200089686
-1034388569
-1188944137
1585860934
796363284
-1597299838
1534442518
621819008
-1707461717
-243472845
-9872570
1394669309
1354808907
1685194937
1496018395
-1019590165
-1546965666
-115109358
110434099
399342973
-159636427
-155131375
336192759
-1115249187
-461710877
938697076
-1184120928
-1158636703
1256580969
1621401397
524214077
-1956886019
623006739
192442144
-74332046
313066488
-1453030368
766631333
1828296131
120769506
1049030056
609422575
1479741714
-1979266619
-1885554758
-1313517772
654139750
181231514
1475127236
-656928178
-1798614803
-1210281729
1440940343
8024203
-197890237
1121759781
-615564437
888961728
1189057524
-1969974769
-2027114049
709005220
-1523284673
303141880
394506756
-945400742
-742734051
397634580
-756904677
1688609359
-840444287
-1830128773
-1899721252
1455226438
1367299296
-1997355166
-1120470471
1155165360
-1496586254
-1496995957
2120909474
-1265453248
-1725967942
874366974
1692517291
362117055
-1401387836
-2013099527
1121172972
-360612836
2031138989
-1508290524
-278697944
-1609934906
-664747288
-2076483064
-658784335
-841664962
1623537598
1287787202
1865546506
1958200039
-100657258
1524768499
-477773106
-581092832
222891126
1988785658
1634833615
-570230892
-1411023927
1003086437
1312535937
-146860592
-1215729566
-1845344860
857363353
735638293
-1672568640
-2006492417
-750534159
266645359
85923219
-223201847
-1750209618
-187697146
1699034239
1238494933
1963878051
-1809861709
-2069155041
-470469335
-572602376
1048798421
-59754932
-993020431
943660806
-1982049179
-820403810
2109312950
-657802619
1008982600
-687121614
-1267317553
1041341417
-738371868
2136606637
-2108432105
1722498312
2004201974
985039489
2066368223
-1275229185
926642849
308418159
-2016553178
404570454
-977812279
-670090676
151513351
-337972126
-551419999
1770706439
-765803406
-43871765
1596752258
-1203350551
1308496926
1443436813
730002686
429589023
-1864629570
691978851
-851487947
-1155299211
-853117070
89781601
2147235686
-384797084
-1616960128
189902849
679499720
1596534094
1311007555
-624671583
-1469565030
-528831737
-1866466205
1578209835
1290823289
1372190871
-1198230714
1964907126
643031281
402145597
2094556613
113679083
1079469653
1373820343
-589887198
-2023617685
1691604946
-47603776
166195514
-265672848
60748994
1122683354
1287624438
1178658161
1632831549
623550285
698176007
-1702133621
1835752438
-343218066
1844623825
872544349
-785087421
-563787996
1265344935
-694408397
2037176701
-1097836632
-1627577287
-1342968219
761442954
-1638950517
571830858
-498743039
-1390201673
963273981
-1620223835
1425028263
1445317834
392589387
-1483230895
-383022924
-804412073
-676943447
1786393603
1622340515
-1294225838
1006070065
-1113695788
-1128716625
981535205
1461534507
1526745139
336172987
-898960765
-1299455345
-1544751332
1910603126
1805545021
213844935
-1092614519
974776762
1384866644
1225197496
-2124089559
1961797173
1814290958
1446506243
-150554033
-884754614
-1656899635
-1010242169
1737739564
-1912231623
-1055809700
-925403606
-525577407
-295761028
487367308
-26689831
-1947016178
1128250996
1448968447
-1703870260
-1953497073
1901655877
1911631939
-1277691634
-314351384
-8708611
-684799710
-450466500
809343198
812706299
301233719
1811986572
1051702665
1732599950
1583101892
-749820655
-257566265
-912746020
703107267
-47114948
-1113783564
1333882884
1193701690
1961509285
747859287
1740143751
-1009585709
-941256949
-1974055970
-609548317
728282283
-61325159
449234702
1742393216
-1713242262
1405389418
922449716
1675216336
-910564717
1681705039
-423440928
410988721
1040712220
1021107407
-2090982765
-454702571
-1556622527
214695023
-896248137
-644299036
1737843604
1887004978
-1481227058
-414193632
-1644757672
-1293229470
2065592046
1912142410
1231830287
-1860449135
593010796
-70293757
-565154734
1071142362
-994740521
-2060927753
-861456928
-110093716
-1076296152
648499702
1451755256
1414532424
1695747127
-1292737693
1825419754
1045145929
1547855727
-718972719
1099245035
509193829
116180165
270404842
1005539369
1074327345
525252837
1122779283
-627607009
-46796118
-1028147026
1445108813
1178646825
-741183951
-490167072
-2031361058
696402778
-1290019881
-1352475372
1573732399
638827917
-844189477
92343788
-634862729
-1488464198
1756887152
-586010998
924945305
440714378
-1134602558
1417830725
213198539
-714115796
-1835026373
-1960531046
1995710071
1517783657
-127586047
1735113056
-2021798811
-1631620619
-584396605
-1978720449
553770521
-1245892856
-1078235467
-1625436062
-1412683143
2108008749
-1620790824
-2133476501
-343556685
-1048734630
-132392578
-249314649
-610255011
-238533057
-100136435
1026458498
2005866205
-4322078
-639753726
-847142595
-129764854
-1015489941
-1279894727
1284933341
2140836371
1830771260
902052971
-1210919834
-1363541345
-251411643
400400118
-605820087
-332423371
-668140651
1078316260
-1612558822
2078968542
-417996493
-1711408347
1109313413
881098249
1020775470
-852712417
-1591309182
-324071762
-760046094
-1019115928
-1431646777
1869272756
540406236
-1366012974
-1815384962
1075846295
1886667537
-57140057
168543800
-16326075
-1847452789
2057216821
-986461152
1019641417
-1173315468
466174860
-405874317
-804052181
160698295
1399819141
1092418863
-1148061419
945554130
908992263
-1889359094
-1145918023
-791901455
1833018501
1338902437
632790642
-1924892104
537228746
-387431423
-1189871447
162426464
-156886792
821869618
-455496582
-25202555
731104717
-1840853679
845573526
-1386267075
-1220445400
-1504536906
-1894056342
1726189548
797010123
-804513178
-18607744
227078230
832024930
-1816432438
1795165477
-106366603
-1742157628
-1796996190
972184908
2111244940
1421406840
-689437640
-1052803150
-1341535365
1271309434
766546136
1838886466
-880209579
-756952515
2058239359
1424247738
251459631
1975411700
395113425
1289778829
309610042
39869965
-1775149488
1147364875
805661716
-513508099
608522955
-2001963586
1343141466
-967816894
2063331347
-2004417769
-1655733119
1761666981
1494049524
543195466
-832726811
1560291776
1349879395
1079076725
-1634281950
570139327
-494939405
-314286841
568393123
437372010
-564244082
-80132001
160318327
1533364322
271615328
240657331
-19477653
44525994
322601238
1029815347
-2050727084
944616041
-1990485177
1212858221
-1687220564
-97492499
-958958030
-1951417613
2034120543
-1415926029
-746893654
1670836794
-1379166233
-1364825563
1414841933
1742679748
-2143145322
-548354845
-758211332
285798017
1441065522
-1152499643
-363131514
-956722062
1745719238
-1652553632
605733286
-483491952
1823373751
-1991426104
-613773009
-1227871253
560855061
625409878
238125189
2037629461
-1022084557
1302728235
-882134449
425441472
91847032
-224553484
1359364202
267283621
-726958729
611211119
1391144992
-1759259993
333368637
1675240237
1197208985
1159309368
1395728875
-1320183144
-1817429359
739231227
-2021134717
-735937225
-1487545269
218396843
-1188097786
-576387536
1165644996
-62716870
998834365
-1237639666
-1384840404
2008331581
-1016918569
1153983684
-177928303
1894196358
-543848908
2003195890
-1530092067
650154258
1237373823
-1621091994
-1932565502
-150637531
-394926462
1984272868
-1904781453
207664051
1915323316
113257514
-1191356971
483530498
2117551383
636404781
563543286
1417470348
-1607310016
967861929
1997063677
873117737
1729079223
-1985508136
2087294947
645215341
-694881664
606699648
-613905118
306891342
321940729
-1845955533
-1505959765
1151984650
2015508454
-874816558
661861916
41375815
2063667914
-2012427950
1900720434
1828953723
2001961592
1804489154
1653051515
2091148685
1987857640
-1601749364
1657290576
-1006735172
215113294
-139358470
-138079486
-1005199680
-1851167896
55479804
112338771
-2114371794
-23993065
2124972072
1283329576
490609184
661393713
301116929
2082424443
-1865691628
1515412629
-676770181
-556945770
-405018604
-1188808065
2057770430
371484029
-974824937
1202726172
-616666070
1056690091
-1952828505
249074528
-1308585573
-1533889791
-344604477
1057159191
-256036627
563650043
-808242426
-1461379526
-1041684542
1461390884
-647808760
-2083883388
339969666
-612759093
-380033021
1902651971
-126088029
882909431
1963891641
979306355
-1727093463
-737867369
1130803349
1760008712
-440686736
-809415938
-1926743024
-770308470
-734207959
-580080499
-887576746
1055422951
1129555618
954751921
756502568
-970177916
-1941142967
-305070832
1326683140
1685251732
-707189646
761535742
834005378
-384709715
-2115388841
1734849333
1463200768
733758360
322624352
710520261
-1620869759
-2031021464
-1495427163
-115820727
-1300340014
-177094195
1582525104
1503046747
2008022510
-1383377495
-1607461241
607679561
-612857181
1096627683
-204494104
1166946568
-1826520716
-792436356
13581526
-1622541720
1038877889
-1252114721
953881172
-519399287
1373010981
-730358404
1112360560
552792461
1519780382
-755909481
-129750654
-1235345778
-871987213
1030777692
-511188555
-1718920238
-1071721518
549557815
1057689542
18630717
-1985757896
-325069470
759856140
-2064439290
-760722539
49729726
-175370313
212213421
-1365337297
1357483239
1161666140
-912813012
1704438854
1514665346
112739248
1897085292
-141655944
1830959320
2142591379
-1932369926
1031613030
1191037096
-485602736
-1354655494
-658459752
1763251256
-315571421
-2146644133
-1438974819
443043757
1900350203
1008095564
-1880097930
-1513694052
-123960960
1833991405
-1949434828
-1770117152
182094422
1111032905
-14235680
1979453613
866805923
892337284
1046074778
413150437
-151466290
1087646800
-1248990716
-1373077846
919611018
53562789
475711712
834367283
-228403950
891565745
-1591091977
924197603
482279349
958668300
-2145453508
2068019863
-1218734955
736063023
-2100781519
-1330555329
-1989764181
1963842598
1877561994
767487151
616109069
-289360508
1671566863
-80196425
1557455219
546675096
1784672198
450911088
-1751806473
29299165
-93515696
778822616
713352219
739884470
455615891
845515681
1196467472
1253836122
602588313
530301253
1307500341
-220624884
433196471
-1506347170
-137189155
-1917666928
1361768177
413647155
-43302059
-925080871
930457757
394372245
574876196
1588722182
336230469
-883903252
213570196
1585513871
1235455441
-205173876
-928374927
1244331707
-1062293787
-579702452
684051728
-119642283
-745853816
1309723993
-2061641326
-1151400290
1895763717
-1543426745
912534890
2036367749
1752734741
233241192
160040987
-1745501675
-1788896451
-1008455583
641791302
1380639278
621542517
1116055802
824675811
-1626960521
-1540504310
2030555444
2787790
-787804525
650929860
-964093024
-114891387
1495169938
1740760395
893436910
543301680
-1702578775
2079878598
623228868
842651105
-837996507
-520665916
567982288
-1581499877
-792612195
-1615450529
-546173920
-2131806568
1149405799
-1300450146
-806597968
-1213975994
481288012
956624923
-981784764
1326630035
113713023
-1888504091
214580600
1263851754
-1042893110
2098353575
337460756
-1534916996
-2028370679
906245897
1630801061
-2015879101
-181483556
1205149013
1843044936
2049917251
1165650839
356176478
991152584
547346706
-343607427
-1206947427
-1842673429
-30442342
-2014213842
-622350180
585845512
113868574
1997771613
-568669802
-335732515
1814599546
1301631941
-846468001
-1488410209
-245426770
-1757727651
-685811327
-1385924271
-1855034212
-471888950
63146920
-639889319
-1792601072
277180692
-2137451713
867022927
-795474175
756586140
1095370842
1393089048
-1462410730
-27566003
-900974890
-598531789
2087315051
-169629423
2144823486
-1307836334
-626039660
1394207623
-1895075088
1217096492
-1368239135
-1355431438
-262674433
2031212945
-1393223197
1718481268
-957246117
1248651198
1367590447
-2126416773
-1891619153
-170579982
-962509215
86128762
-672085110
1541339457
-184199581
-215907620
1023417152
-1600030809
-1504530193
-255250123
-1009159406
-1932273313
568411218
1380731066
-1445586292
-53293707
-848269455
1626114291
-180717010
1266986906
1448184593
-1676020306
1250234446
-1892899529
1775977298
-492008394
1992118332
1185544131
-2114288260
-353921083
-105984089
-274579367
1019086333
-419866314
1927243326
-286639996
-670719310
1335948798
-539679846
1433027677
-45144731
1792008796
-198492326
-906425896
288238230
-1883555121
-1169987697
1031252313
-1097518978
1747239112
5443930
-551523443
-1007545776
1995075233
-1620922412
-189663113
-276794431
694605517
1389294893
36596681
1297670346
1260110415
-314932713
-528033163
1693164972
751026799
769697636
-1493099134
-519920844
2021566891
622861805
1504638499
2102764352
-6807572
-216082250
892002052
-1150226047
-1163475463
366368079
-834658585
-697942911
1572183088
1995050620
-2006388625
498860776
-552558478
-610274024
-1452879044
1016074490
-345450657
1282216757
1743149623
-1373253021
-1131203389
-335102584
811666222
1969323062
342431567
-1710557436
1132798882
356340531
579357579
-1722225980
496260832
1163301448
-182728181
1616683053
1940379982
864269658
1370858720
941575507
1138314502
-1707201468
-1227499439
-2145391717
-1925880920
398834207
138474187
1460531874
-313112213
327419076
1929693205
901406045
416361845
-224716658
1228448711
1211194753
-92046483
972153956
-2073448708
858874149
562141773
-1614941707
-813990586
-1873129820
-13482884
-1732649403
684717282
-71689528
-1673605861
36460137
-1962342868
-1341514460
-1129191778
-1847878514
2028594772
-1505573184
-1625047393
1548081471
-1627078318
526491387
1634435822
943111398
121444119
-1231574355
-1136942100
22492563
368457732
1154785675
-410032104
-1310966532
-364342113
1325766095
-1725586198
977666756
-384838524
-1532759528
-978472737
-1519323393
-1857099623
-1768164978
168354517
-78743306
109481093
-2057308599
-447466856
-38588889
-2039616671
-764386829
-1953313092
352667022
-1169925200
-873081685
2097920940
-562746582
737044108
1518728748
-184954877
-552636486
998215202
-536269522
-61955558
-23140153
-1779071136
1161423116
-1606534431
-146649881
687921900
-6528602
-1319984654
-1157050305
-587062953
1582821768
337876707
-1810004663
1830964882
-2025230773
834669531
507610582
-1461731168
-1053285573
1889285479
366028886
1506870669
1519211065
-659537010
-913259177
1056541854
931684067
2074155042
-180235957
-870598967
-974649359
-577925544
600395405
305592935
1352880865
833628059
-323167322
-837284313
-355267114
-1599196772
1924915659
-1379119290
-6878275
711637421
978233258
2099828476
63995569
-876289713
-1940042651
-676793543
1883051168
-150050807
669839070
-235997552
-1793803730
-847217030
-1661893323
-227699853
-1375328295
-574474575
-1712904050
-2039531871
-326328995
150283708
399366423
-99347237
-1453625511
-101578114
1078918729
506912733
708987698
-894923322
1216620397
-239905140
582440246
-684560484
743100513
59319403
1751287044
-1235503652
579415707
1007207507
81257516
291942409
-159102354
-2082514333
-2140892398
-370416550
-576198516
598849844
-1045645289
1646475801
1478821835
-1253702063
1494662393
-2098924243
-1512835285
-885083674
1474461306
-930720011
336807959
-1251953226
-1617866177
-1918961578
623714539
-662024366
-1053948165
637612311
1382069174
1109305735
1263682252
-1509875605
-146416320
1912482072
-1413946396
-1077204273
471674958
-1016442708
1409501036
-1153171178
620687652
-1884327927
-1957586268
-1845918527
2046805322
-1134718334
-1918068146
2035096980
-1601561709
897409198
1094804556
1182094437
-728264614
566552922
-1235861624
-746731722
1499845135
-426015296
-739672557
-280376698
-1728656911
1123765496
1582947728
235883491
-396096228
-2043557202
-242611757
1493486020
-787883578
-915870444
2061968836
1817605269
68035781
-470000102
1137999497
-417084142
1393326932
-768689188
545049827
1535661015
-436749035
1729455196
-332683048
1908874808
1741615705
1288226928
425202578
-1965398962
-1982676321
-1538098691
-625788025
-1994040238
1270697819
-1733203611
-904077607
-484968659
928413431
819988029
345042942
-663137713
-1160068066
-749783229
490234019
-1190726977
407604535
-1392222833
1744910029
526654834
-870119377
1723324167
-71282623
-415899423
-1269868933
-701189096
2132899878
1576903637
-1123824291
823235746
818983656
-1257419388
203423333
1793450035
-1131289506
1561156321
-236960710
194891127
1923757102
-1841400528
-1232873574
-842863377
-816786320
-1322951208
1557180574
-1883886879
-1290596719
-1226226820
-786581438
-1590461297
1970387577
-1264987061
-1341125084
-1220105045
-960723984
-1441554025
-809474420
123468553
2006032957
-1181833052
1036633260
1569620886
-374413808
-1991502654
890443048
-838754168
-2127871583
-493515106
725183703
-1271809066
-1526845672
-1382961964
127463371
-1862515733
472684847
-1516873273
-1454463858
2011543445
541665813
-220511563
1718466478
-920650429
-1066392427
-100948987
960951164
256014703
-138073225
2027423459
-112627696
-792160168
-1711563994
-1738685426
-1611677809
-981287179
1171806610
751001584
396171951
577820453
1663451223
2133201902
243421563
37546794
-1383824098
-848946943
1792705619
2030011480
1913177155
618956677
877390135
-1235304183
-651914824
1671356497
-2143739580
78927315
-489114584
1582404359
1620304509
905309693
255749727
1527518636
915012046
-1696686290
-1693353240
53895546
-1737365170
1569678438
896245239
2142300404
887924420
-1580739534
-1148391031
-894084293
-2004468116
825722395
-677752887
649054368
-1619567109
2105269087
-101875787
-1397949319
-2033841185
442834659
-1876359167
-1317789640
254021322
1834561639
1140575291
1395588025
1825425777
-1990643973
2074007599
1810196186
1788120720
496162481
31063436
-867844016
-278154958
96306579
956442567
2138930616
-1652566738
-1425138729
1177455167
-1182652180
1012155380
-1450431663
1443892385
1448894104
1423591817
2068195880
1034459533
-1341414900
322100687
-1735811892
-321506439
1387469394
-703914486
354380583
964686805
1496091779
1133009567
1172034834
-1502521232
807413590
-1077887715
450148874
-1026391271
680850425
1963575937
1082664994
1290948489
-1109983197
53888437
-1603770821
1057055616
718116202
1685141082
-824054413
-1800692435
-508751407
-1392764986
1564673499
-814775342
-2087373403
1257403472
-667682196
-882270552
-43648376
613773514
-1561716678
1094964735
-1323153459
-87684018
2066672873
-1437121879
-522643449
1652365373
-1778878368
336662424
-1904024612
1467755653
921060797
-1651420730
1825203742
1013128225
-507338872
-662373804
1553272091
889826789
-1150921942
1923761910
-342840012
1337302395
38844319
1786860685
-833533780
1421945000
1311566698
-2053064683
-303890238
1120316628
1268284873
-733986367
845251584
732567752
772732714
839536227
728206805
220280504
136377565
-93959407
1497254753
1508381316
-1990931446
-2072686843
2145237392
-1210122182
1685710820
-1960579131
-1001631638
1059325663
1746360094
-431836285
-1627549784
-1894665361
1613839517
214484421
-4964215
-467036127
1680349040
-998583736
-2107211546
227605486
-1473243652
1382689313
-974197884
-2044035500
655222907
6199078
-432574039
-457198761
296339111
260014475
-1321223695
1817836488
1843436721
1320635343
1646925921
1645878729
1745261432
-1114240808
-862489668
1423073679
-1039308809
-1993936803
-833901547
480196201
1668564478
-1988217469
1251563173
-1309236223
760093220
1526408138
-1414733090
1147603938
-385446149
-2020301270
113015999
633470778
-295884411
-1589339015
983777386
653798624
680605927
17343247
969118451
616016791
-1691316900
1278554283
-1049250694
2066621588
-945411476
1178742424
-133898373
1852088893
751134812
-1912180981
1200523619
-809302221
207698152
348759503
-1522755481
363164050
667321135
-1444231389
-1299406191
130944631
-437531922
1230172386
-2031908325
656548290
1956091632
-1010089500
-1009906944
684279324
-1008579899
1221477284
54791631
-1733154501
-2138085455
-1479292382
-296889407
-571455388
1761962215
1168141835
-389591026
278556977
-244666633
-1626340074
1575961211
-49673580
1222717059
1214561456
1312089911
1071082011
-1958619591
211466970
-762294297
149928309
-1957437444
-1378195118
970897919
-18534348
-393510556
-1121857808
578647635
643999187
-2078363799
-1646290093
1123235309
414695419
1257630042
-2000631620
1361104928
939737345
1206533907
-644089799
-848308771
-1277871437
455149166
628354053
671516229
-562353836
191427577
557630510
1450047614
-1782301980
-1534883095
-827989640
697339593
-366197084
612440143
1541706369
-2084305196
289421528
973385097
-1264980187
-2047624372
1677129422
-660025862
-1632598493
1328868022
1273364255
924107773
-55262976
1951930239
-1293333964
-1629630186
703930923
-1297623727
-1404424437
1078898026
2045100385
-214526041
-1930866629
518195824
1981065810
-1339927133
-1381247691
-1108603671
716374405
2085492510
1353479116
44954125
1938887544
1837022977
179637750
-912894970
-123096566
-1446402350
529393619
-1574059615
876315677
1629020049
754694639
-1335976638
724904823
594684869
-1911151677
-1395230951
1302553833
971704017
322192001
-1192864109
2115929778
1812286859
172322833
932816658
1730609444
1121278990
1816686166
352500703
-768162424
1342944463
653492917
20389727
-1874348226
2114553070
2042906070
-983228028
-51541208
-926377522
-740938836
1376737670
774093129
-1697342489
1749747635
-1122890029
1373004968
521970394
704713080
-1746813628
-1992860294
893482693
822488414
-1045354352
526295423
-76148008
-588218978
-1054821627
1187511979
-2075312856
-1019183217
1560275828
2117450761
-651671614
-1871627993
1724221036
1671064796
-1196929277
698301121
-1292814677
-2127932921
79989031
1274509599
114170065
-1747522130
-750945505
-1700052045
927180375
159231260
-431085914
70703898
-322018370
1715260646
-1476819563
-392401944
211336715
1106238289
-647764362
-1139969622
-381695118
2064088304
378338904
-1869035992
1314317136
151410577
1052296161
236183786
-1552400034
1764181850
1075996585
-1109783811
-1512036317
1632584238
-1015677499
140806902
628307626
1185910100
-1505579871
-244642505
1390929269
1419979098
341865746
611044464
1003904689
597465143
-1402869846
-1552990616
1039213994
-1784192593
1406884686
-858568451
1742487936
-665650693
-355567354
522601321
-1019224293
-1861030232
-1289604844
1406814150
1812897371
863665599
519859527
253597907
-1547239788
-1904739547
-2141973360
1957502968
-268788167
555132996
