-931087686
-1151156153
2078921840
659040209
912500588
-1407684683
2007283823
-763238769
1116220550
1231833223
-700620950
-1183164852
-1772588689
827477412
1286835444
-794216690
1643574957
82439695
-1739153074
174499356
-331070381
1083540550
-982864133
-116898295
653036471
-1358960658
-1534012013
559571696
155267176
1639380399
2027550167
1087411968
1215130718
-485740195
-1220013307
-1501711558
-2133556365
2086331992
-2014055058
949678201
-1369753070
-203068876
240247365
1180871858
2135261997
-193895013
-630621000
-947701635
1785502068
1894074226
629285956
-609060652
-1121912893
900154938
319185989
-164404967
38724827
-1969187912
1601587404
514492765
447972948
1103996632
208252084
-1833999138
945532626
-378617906
1595987191
509336786
1032117110
-1803941250
808643901
-34319518
59511959
-366804194
735001013
-1814146312
18720178
-194969320
1677660712
-994284099
311681182
-1617359820
-157025717
870977885
-1415421949
-1725079562
-1731302572
-1124445427
156138765
1777811780
2109678287
2139682766
-1643320229
1658194508
1118702257
1105018098
-1561872835
1858637988
-1769009491
953296095
-1492189665
-1112258126
532574918
-797946862
107629887
-1085288115
1577287461
-1931376025
921130150
886879908
-1091463892
-1222187882
-425829803
-2068401314
-358809142
947753472
1907606973
-1568886526
672801040
-1024976212
2036432756
469385369
563259140
1763496331
-2062936026
1681811602
-534371915
-731173117
-303895863
-1514738460
2106067087
-532820054
-1260278252
-134908551
1168043248
284629842
-865261263
808859338
713924602
-347940795
1259863984
-350879546
-355966550
-237556015
-1784166209
1281349624
-664441559
373547270
-199629416
364412135
603551330
-837371203
175819578
-1871673920
155577556
478707164
444314459
-1339298254
2047350696
-1705652519
-1057101668
1167606169
1888837382
2107368828
-2104876546
-262618274
300045987
-2100754968
236822932
1071790492
710368670
1244464603
-1105327494
-2106180089
1672406924
-1279892940
-689954299
-1442301687
826720977
808233141
272429115
1590979373
-854659023
486619658
-1888226427
1628678336
2127945638
-1982093302
-11510878
884779957
-1554307469
1033319484
-1988984865
1441669065
-1383136648
935015067
603849860
-525677337
1811300040
198202525
-1241488495
1296270284
-879800968
1502683249
-1175794518
710979822
-905008455
-535553912
733319246
1079490970
1209392425
-1896720553
384993871
1435928411
-2107005083
-548035750
326582142
-1817057886
-1939783966
1141194587
1956553381
-431385181
-1357800451
-1019675917
447591609
1388264572
-581617840
-1284618415
1726313552
1475055516
-570308538
99832890
746573904
-1580244126
-1734158095
-1298630320
-226717207
1827962884
1596539674
1748529046
-16879164
-1576247118
-1116935527
298590003
1950862460
714686714
2002733287
2143749493
-194401715
357571694
-173892111
1439004441
1924075018
-1968667517
-2027759058
2103853768
-335954092
704213179
42636787
-725780507
15008776
1808821510
1967106565
-1587128955
-522846983
-115160475
-2076689040
-854153794
-1821861410
1322169808
-692953962
-436860636
-1591519090
1809602906
-1864012406
-534776176
72041322
-45257838
1583748510
1054831395
2052383513
1850462507
1986683962
2006959754
218503034
1299068126
413488879
1853730691
1932004310
-1848395378
1296960203
18406558
-1427654059
-750376275
-682086674
-671240888
-1896435021
-2119938338
-1171747747
-1778680059
-1167779789
2009874651
-43403499
-415495428
-1589048621
-145231207
1465007203
-1674274888
-1797853248
-1694744919
-1997610382
-1630403796
1808878860
796732385
-971453147
650963192
-1553060707
-1657780421
-722953177
-1658623766
473643624
942684156
1408554559
1653232070
-1452731937
1777529368
213595624
1904194633
-1032229208
-702141740
1970907936
650453611
-19712882
-456395859
-1263196544
1789402853
58360508
650878840
368673164
-689733390
341460519
-423012918
-62973876
541904984
527433548
-1738999655
-535304165
489479593
1610723099
-775471069
-946911298
-648865082
1578180402
1258172686
818187447
-1410893916
1103034702
-1665642288
2147103195
-1728657582
377709054
1887976528
1532515106
502395194
-2042033511
-1569684275
-1019571522
219706022
-741151119
-903743745
1120844654
1145762950
-308007096
1790226555
-78990317
-800392848
-1977301758
-166549669
290822275
-1439111193
-2110458724
462456861
-1045886052
1920070879
1812775516
-644084277
78452380
-570183040
-1671179446
1060452444
-1306383952
-2096937174
-1296993826
358221146
-619572790
410161337
639347194
283283140
-92670025
1748875273
-1767395303
482718773
1772928112
830470332
279775177
-1852001723
-2054273361
652648762
-894427818
1002327086
1253938629
1828032249
-153073977
1001417650
432844202
1583393533
79716366
-1892066500
1594011733
-1914557790
-1807714694
1246232133
605403214
-1523738471
-2063452305
-1199789063
319768704
-870585809
300488281
814911513
828859731
573383893
364010974
-595347934
-158356742
-1153411108
677421138
171975343
1256781064
-1221923201
-1308017808
1400020763
951282505
-287007194
-1119231163
-2058085526
-2127427633
1368225001
-577279889
1178126953
171436618
736611410
-218747513
59792403
-186184547
-29875097
-1195376677
1522858549
-1160958803
1125722854
-1759361184
2012932949
-1811611781
770863826
171622886
2037186512
-1529937548
1168416814
2103983501
-750768830
-1804175353
803605512
-926415241
-1469383639
-1618184072
-1611193160
-1724908610
-1477202996
1842087924
1208356457
729841576
-191745959
-1114134300
-871544872
-1708607719
233926477
-1255020155
-277784741
-362099640
1620925976
-1848129608
-1201814491
1704274102
-1302206721
-939721194
-1121853496
608229978
-558319548
324505159
-1261296646
99915808
1881301381
-1570169709
763046043
1368332692
1781097313
2097803449
-1283492362
-1848461862
-1030482591
-1721585665
-7751865
-929595935
1899267604
872359050
-284094084
432555480
-485246597
-277502481
654680639
-1734192672
-509089369
-742131959
-1793627340
-453600766
1738255776
1715186956
1651125631
-291055262
1420176009
-35294246
-424871544
579329205
-950881535
-18627691
1555330818
-931806224
144210123
1859312501
1579362600
-1107416255
1074345136
363664858
-493145271
1993305922
-1838683997
664267172
-861314681
861634668
904339494
-445698878
458324443
1376778697
1902138093
824798217
253761883
392982253
1288457664
1233742918
-450453057
274408742
-77675099
-1690425194
-309724383
-2017481742
690321725
1171513844
1855270403
1601308848
1764590702
-571599854
-187885162
-585864806
-63452606
1969972077
-460142023
-1080257549
623876366
-1299064677
-1632226241
-901152388
-1104876330
41090279
-1758243083
542171436
-524422161
-845370337
-395310110
-1994952929
1042921958
841265067
1173423696
1786927054
1591221408
-1603635487
-1948203253
-719381889
-2527294
-506756968
1563134056
-138240257
1426747986
1866222075
1822385800
1024946831
844593822
-1971267938
-827308067
-258056165
1034681436
-1797446186
1836272109
-1054615631
-321794798
-2100876988
-681724330
-1344284368
2027276984
-1029107533
-812661743
-862104001
1102956699
1046216483
1949542650
-1818148991
-1548360061
1760591141
1895677839
1490596102
-1466321384
1037778025
-2124233480
408482308
-1608527231
955383957
-1142590650
1840462790
-1271607731
957202775
2116877311
-1253475356
1618779030
-555460163
-592828710
1139836339
163566179
-805480253
-1196877626
-1258330369
779909454
-1479882963
-519436495
78828535
321401958
-1205340521
884693893
801562216
-852754858
-1005736502
-1229714698
-2137494482
-176173114
-328448432
-103471494
1631789286
-1991321344
1024560970
-1677334759
1078439656
-361549353
-544634496
-1823622554
-846085260
86123459
-2126098247
2044990284
-9174486
974156368
307021388
2003174157
228836287
1323845049
-1620520714
-908206456
-89814035
-1201628208
-1211808274
-1186368582
-1514771797
-1679793376
-420425930
537891718
2001583262
-661281708
1125802804
-492964936
-65667378
-745841190
-1461378687
745844039
-1796036195
500102595
-740513537
292870874
1637107444
-245340692
1099971376
194780045
-981780546
-273250718
1995194566
2142174708
542956697
626203138
1758397301
183539551
1105597898
-1619492512
458141968
1764084575
-1324265870
-2050148374
66321363
-1727592567
1878361855
-1210613940
-343020547
-567576711
-1990782236
402513173
1501083298
-156961511
1956248972
-1990242663
1970974142
1882470691
1916881547
-308259047
-1812488819
1634799587
505775382
1106791457
-1418974439
-826632639
-130002251
429687857
-148371437
-578829570
-393085642
-983741537
1398214630
1521532990
1367418853
1193460667
114729481
1999493446
493102073
-365555661
-380252780
1863385221
182884432
-786073927
622076438
-755289640
-134909858
-1244113694
1417427364
-1654704887
-419019165
1381109841
-636202955
626492568
1177468124
-1359911660
235961389
1697471678
-1647084741
-940853683
225926199
949171886
889045465
1704609044
-2071769513
-34261987
-1763587797
-1943440996
-168328130
-77185276
-686858188
-577213804
-1799255840
-1562844764
1265204794
-1627787569
1773472580
784276170
2073607100
-1647508186
-306642278
1880928852
-1200101726
-296825187
-2036695150
768332275
439952822
-971712828
321568490
1248585265
754278226
-1856928161
1603490121
2003766197
-264317093
-1290101688
2116316235
2017103046
-898942867
874762388
2022619356
-1802292467
-354911145
1709049333
180040393
-1915326050
1119053769
1141747038
1619586452
856533817
-1593995956
452018156
2078397063
217651404
-1208218767
-969215228
-1508594677
-788261828
1863809613
1001327288
1601442361
-1595094172
667466788
627732078
-1205924687
554016605
-1112169117
434856899
97615275
815182847
1960554451
-1389325396
31959627
1665823656
-1680462581
-1260339746
-1851689928
402131771
-147805145
-609239440
-1234757522
1288381035
-1668446538
475777469
1570408275
-1158130631
1953745144
753402511
1285401096
-1188942917
1461119304
-446181767
392636674
1267378462
-2036464937
-2063561597
-1551595560
1349096173
-6846566
-1979870708
-134108579
226498450
-1046372987
-382955028
563812081
2122744605
1310628601
2071384536
1931577876
-1701245628
1548768890
-921841142
-380981445
-1785396310
1353465252
633883425
-1869344025
-1448618909
-1142593697
-1263098299
1754964466
-1184514889
-733407919
532960142
-476427733
-1546248154
81614996
-38952282
535728165
1044368300
-931607128
1256718764
-1113182644
-480270010
-1090149461
1804912219
2026443064
2035853236
1603363527
-1284184725
-888060603
-816588161
-1376901653
-547996617
-355686046
-1649142211
-1245627460
-1747365729
-1046054103
674270483
975594190
2046339887
2054492208
610152314
2009994510
480849792
706302110
-1050159802
720410243
-1635969314
-767375616
1798402788
1507244853
-659984086
-1765516963
-1809654045
-78342036
-261599230
-732758137
-1449464907
765564189
-1833959394
-884405580
-1881941579
-927167071
1121580284
-2019700148
386819436
255983272
1096436415
1911216643
-848759281
-1266324628
1179845204
-1319844566
589082700
1847489321
-1696834602
-54547646
-768446139
-1792194101
-1517423821
1075552722
-346163748
-1348368407
1231717135
974098298
1607316017
-16153102
738882024
-334128057
-1348330136
-937445723
654282106
-193080505
-425232977
-5327674
-2094098332
335595872
-518438786
1841035278
-1182691830
-1328194211
283577120
1651795298
220184765
-321264311
-1922683021
2018848328
-2037959143
1016225024
64266475
-138497130
1723131310
-1899861502
1389168092
-1731829909
-1136673310
1233340554
-435379976
603433571
606376726
1193473503
-1091580139
-788283387
457137414
-1004852247
-250471117
-295537024
1850762869
-582745594
-171230531
-35746409
53629704
-347125986
-720221169
-483235624
1087381362
601286900
-1025154760
1383708947
45645777
1914305727
2112558336
1603258634
723402839
1193884920
-1025468372
-591830683
1357614124
469569653
1489415424
1232369640
-1584906605
-990089545
669275908
154607079
626106955
1461532031
299778827
-930455048
482624311
-532954202
-1215419536
-1534781206
-113330624
1339092270
1647688866
1349894646
-2125563014
-1341481837
89964003
113900084
1541824133
-625167001
-312311220
808792912
-1980761803
-1629156323
-1731795436
-302014083
681589877
1540785956
1605327889
-444492632
990978920
1271708983
-1569665155
173977841
-1658784560
-2115328781
-181445123
-1504200106
-1229343053
1153182121
540093919
1740695473
61454395
1199290741
1385292963
-300551964
593515998
-19259249
-740785732
-1375450031
1668307902
723011040
550085015
1591168912
-1175737775
-970482472
1022127324
-1447483556
-272498364
-92315522
752400371
-218703155
2038895772
463596488
-641132855
-1381708340
-1130213346
-584137940
-447485741
1306818242
1915546865
504570742
1356505426
618871698
-1779876479
-2076956196
-277950503
-155866679
285758373
655026511
-958354164
481394196
-1272879869
-2040790765
899887017
1780231921
1544589747
-1162245999
-1821512244
-1540690263
1890119970
-115907477
1111838318
1017927805
-1803548360
1185372369
-1189753042
-1618789089
148313021
1202941202
-258514348
-107134365
1242084856
-259885962
49948946
327633462
-165146983
599511114
2133724684
91018446
-2098709032
-478363845
1839924249
-43068893
1605487581
715312615
-692589237
-1894672739
1060999522
536100017
-1920307668
-2109151474
-1352464746
-2046267692
1752838474
-2052829214
1212292164
-832588102
-114925834
-1601356908
1674511156
1564152718
1611943239
-1683260317
-297237039
2075767823
1513794661
-1784922811
-846735349
1741378215
73184003
-1670214116
312672638
1927528124
-1404235987
-667418841
-2058795565
1380788036
191405891
-1156120646
-1663881370
-1682179425
1544894276
-532679631
242622505
-274698336
1443952208
238368546
1151700167
-438367252
1864560743
-214337071
1202341388
1650113415
-7982986
509556712
1830450307
1246776747
-1753983340
-730910105
23276128
-2094241060
-305834360
1221010904
-1505841248
-595437512
451811982
-2035208249
1359015022
-899998701
402656858
-1161324687
1314231752
947509187
-1024993699
1157623227
-56491934
-341087561
-2008434874
-164382619
-1258897974
-654003506
-1673629237
1990990975
-1432655924
626261477
-1239705944
563690523
352402967
-2042658638
748590823
-1430963389
1435466272
-69998896
931271778
-488759251
-1266254522
434327578
-436652410
-1787755859
-463127242
-1111077061
-284883111
635715306
2081329808
1276493189
223616189
-1564106924
-1415426614
-1274185726
-862121483
-65228331
1624782420
414538184
-26700440
-293553082
199841789
1408173969
-263713115
-1254816732
267797140
-1839439734
-1312677721
1536515459
1470046162
570140779
2098105433
1816671554
1651295095
-1517044025
-1353762980
306875007
-1476912718
903608228
-1282647290
-2009232563
1152358341
1676699982
597041070
-458962780
1341166312
2019345256
-78763994
423572888
-433806994
-334167229
-1577070200
-141269554
703687206
-967534222
1519790901
-1871528149
931890691
-388901731
988474138
-1766681907
321083391
473736597
2086265397
173887806
-110297285
-287502167
-260524713
1201098214
-2051881110
-812195785
-863314389
1201522114
-571229328
-1243779963
1095121014
152182099
1770405445
-1535406895
1660723104
2061928920
-1949250017
1187055014
1954766962
701471166
-517384752
1055393904
1836679968
1180782679
-1576161172
-1097164717
-1894108790
1228261578
250495790
145287223
-1982284354
-1645833142
921555355
847185447
1574440129
-461289590
-1937248280
637102043
153577871
-961352848
-1371424872
-1776472941
-859110305
1231897864
-1784765847
2083661861
1698079274
1485056187
768454512
1141508953
-666550162
-420459328
-1272891774
522272116
1243656494
-146256175
1755712982
-335856878
-1070042306
-1143480030
324330984
-1293578696
1972849340
2009617038
-190644321
946451369
-891593247
307029523
2095423665
1902608760
1443682809
1157148032
-548541882
1918296798
-808754001
-829760660
1769534939
-1949762227
-1005920882
651804778
-1041605527
-953281851
-115592252
1448339322
2089126854
-1855539867
1749505064
-15596095
645697098
-1711529916
-1543015555
2112598396
963717300
1598343553
1632319736
-1431563214
-1443925425
1987543448
254708991
-157086679
-1103672496
-603933705
-2084827085
-73240294
-373533310
-778920752
-1868530000
1916694567
-702917852
1839368240
546997139
-1474088180
-172617711
-1064145328
1645592764
230770325
-987678431
-1478000341
-1794634028
548762703
-1327905329
887324496
-1374406255
-1654127742
-1016866789
719314937
124107832
2041222493
1179072177
405220443
1827488355
584781939
1030210891
184162879
-1646399228
-142258330
-1715298477
-650953775
-859325527
233080545
-1794131765
1691703479
715868673
1497405131
1700931953
-1744976795
1411920286
-416105800
1289717277
-260749905
-1028749317
-1365226077
-2008486802
598696863
-1431760703
-1410231078
1033282725
-2135872632
-215643067
1677051449
-460227120
1800782938
-137041323
1883553178
-1268561878
1559782200
1402299700
805442955
214569409
-688884409
341100770
-705915070
506464601
1288049353
20540063
-1142934067
-341562480
1003622249
1575261362
-2086664051
852368962
-44155944
696871526
807467236
-2101748178
-997217128
-624981931
283449133
1761485529
598612502
698934504
1300417260
-678781774
838381054
2104931613
-915254714
-627478154
1567216074
-254715509
1525630131
672242389
1339085468
-966551645
1113787633
-1503786154
1572957774
1141482295
-39285189
-1969767049
1430691270
-1272398784
-87529286
1260327191
1665609870
968647899
64000316
782441240
778046883
-252546156
677457955
1851509568
1306602892
-1006664217
1152646047
-1893331873
1490526638
1852413699
1619165471
-25214281
-320848674
1755234001
-41741820
139447447
337883448
780819763
75188119
-1488295608
1184249646
1446720912
2086818365
1839245869
564269539
-875479408
939296745
489345573
-1408924487
-569234908
2130503121
1864615732
924978728
1869605320
-1353680540
-629147039
1686371281
-96685300
1694688378
-688887327
-1824085038
1216104528
-764776243
-2012143244
-1637150885
-260404786
977102503
-363537138
-663010687
1129026268
-1994810660
1882567098
456084818
1373235058
-1490917381
-2075336517
1886675497
-1268025878
-2081913152
175257844
-1099354814
-1882296057
168982988
-786060663
1064765840
-420788679
-59539305
-477368123
-1055314227
529085469
1453999525
-311331267
1541418195
31933770
-1220559881
-464201930
-906934230
-1398557878
-607002684
212641347
-744059935
-2054687258
-2007151000
1068652338
-1741839199
745538214
-1133254244
909538344
1188092158
-1276673897
-1151469080
513835275
996586256
-1149242290
-1173978027
427766047
1125789506
-1769002963
-2039822491
1999885043
260473961
255153380
-347073721
-192014722
-633415400
-176239046
528642374
1507561860
-745833934
-311609331
487706243
172009022
-508860737
-2131720297
573218275
1718005817
998393091
-1936173838
-444455606
-1343906947
-1484254004
-1555414819
-1289885176
143477234
1330721547
-153980224
-423563117
-1944753409
-1369800026
-319851795
918602614
-1845450380
-1053897076
-1966414552
1471116681
988435369
767015177
-807082135
2120684386
1178853863
668847195
2106595551
-1378469877
771358470
-1413447548
1836617016
129284341
-221317290
-1308079519
-795856865
776117547
1219670466
6424571
-1939907322
1218630602
-1136748750
2035572252
-2023706843
1048993200
1811811377
2023021349
1778077121
166977138
1603428560
353104670
153041073
-1975334765
-565486903
-1659623153
-38053603
-2128570125
1153154534
1836185997
-2122491255
1961481605
1063483043
1430739607
1908903953
839369541
1711229714
438232226
-976655883
-627112088
-2119682562
-1135085327
141246296
-1612011564
1038798931
-956401366
-1165594556
-698212654
882994364
61727782
1643062257
2088793601
-1545483890
885582856
1986340679
518888589
1190755556
726391184
450211744
1395289249
-1115521270
1796296881
1739589073
-1896672231
1212905246
767969888
111893866
-1517104004
-244994572
-1690085458
-1854120899
-1734390231
493144890
2060354072
-539159011
239127247
368754908
86662430
-1909292825
-1215284446
199002281
1082924305
558277830
1156242379
-310208458
-421804239
1698630833
1873196447
-64868606
289328887
-496288968
-812487405
1584063194
589214894
1778329472
173937903
-748286337
-404588217
-74840436
-1028523966
-1114896763
-760546450
1245308093
261328789
-788711299
1808765400
1795216283
839390563
-301229994
1708750558
716746709
1776774600
-316473344
-1735272113
-240204922
-624339593
283469137
1436526209
818989241
1109527537
1362758188
-1670422103
541659183
524479731
-61011232
-1544512404
535810143
-532239057
602861261
-715529035
-1680613187
-1556599233
-1176887476
-1797440567
-1031969473
1279139286
232679632
1363438231
867249692
-1216031688
-688854456
453887828
-1381773354
-79485461
228660936
471285831
2146940795
1255021742
1822010727
1802420193
-1882079450
-1837446230
1818151786
-222544368
587466444
1145877223
1574468769
220926676
-1576594124
-1436391935
-431264239
-1476567535
1970636103
83454490
1968678611
-2075289433
71222153
-1979875566
1689217851
-1523604801
1477025767
1252444149
-1212764613
1722016615
-980961358
65898165
-111299319
1977896289
587660267
-674144488
1989136639
1136418104
413063105
-86158093
632902595
991585427
791329623
305199512
1853235623
1243199181
-1105457463
-1779794804
-643004846
933923524
1078579568
1096061821
-2140262497
-51010064
-41653915
-654938766
20148933
1692869816
773351236
903030084
1705197495
-1624443904
-1630322126
671704908
-379820340
598396934
-2083958752
-388284835
307958946
825154670
910982736
942750708
1071622208
-1420875366
1937214999
321613742
1533691770
17414975
-1129719323
327541241
-223292007
-851057612
1720444546
-776108530
-676646854
-722531443
-571128678
557700894
-1087646090
21901032
-1466923397
766416075
-449225149
-1446463994
-1583198692
-1778625831
-759210983
1937795997
639940448
-1003630555
812884184
-658919573
246981276
1271089365
2033644008
-89508466
-33381546
-629393456
419864481
933488402
924948304
-1003275408
1996922349
1924446156
-1370936892
-515436170
-679345364
1913488741
-1519728912
50519614
1480200535
-200322119
-58997804
-907594957
1413098855
1761573473
-2138063303
30967940
-1360434953
-967272562
1391098101
-1756422633
913867304
-508077032
-644040595
-1175488579
-162169404
-1178630954
846455643
1135732903
-784580699
742823215
2134666193
590537241
-1844591273
-942201103
-2083306370
1798109533
957212412
-1267145887
1669522990
330881273
717341296
2044098962
132950423
721326371
-56150867
-1600379398
411531601
-1647903883
2090861935
-1753309375
-490135514
1276323292
-1334728422
-1157399460
681555852
1707800790
-2056995621
253847514
1093991022
519277788
-1155686130
-463489922
390955058
1827726108
-495331873
-595450099
1697784823
1717433706
-1747714509
910625127
-1473111010
-129937032
432712904
-242558244
-105871860
1293136709
281304986
-830066248
-1583846867
-1888398637
2049789320
-921722337
1782479931
-1431971556
-888018377
-183189984
-1603789889
-1982975930
981681206
1494909699
530798808
-901078251
-614424221
-272185371
-1147928262
1122959264
-2131493492
-1887862393
-292161159
2114302279
8736601
1612050274
-1521129849
-602536476
98744168
1619592701
-1174312069
-2018700737
-1877344839
2023467651
-1329168493
1651239367
411173195
-1250651249
1183424636
1217731967
385416711
-1323900086
-1565662000
1300149814
-450442019
879218360
-2126368033
938286587
769688108
-518592946
2089623473
-1934709554
-4387225
-227945529
130628171
-686371686
146851060
-760897225
-2126231759
-982325150
1593830743
-1680024224
-1808256980
-1165845829
-713637233
1871393091
-1965249459
-140521606
660047040
-2049164550
194831409
-992293715
351633681
-1526414908
1766626949
2014926542
-562154537
1743951713
1374453964
-511220683
-1205868301
-83314016
1782976607
362484686
-481329545
853708597
-1297965131
1658116876
-271241841
-1519239472
1516422116
1182801693
1331854750
-1770285206
-1585549721
-1488474785
1307690407
-2035418399
1212081953
1907672849
-1169039378
1303720903
-753933662
-790186931
189199326
885146486
307574952
-1069805002
-1328317907
898268519
822542055
679891053
80404285
-1832090685
1353583628
1743983048
335636421
-2008024774
-92854529
1046373445
1216560048
-95552492
2075354728
192676924
-8996027
1417526917
1954579573
-126542124
-655588729
1088540740
1237068505
-1636087881
1193393886
1797778782
-334398697
-2035771895
-1545618698
540436038
488658687
948968597
401458406
-1885375183
1840393593
-1553911479
-2009541995
-1486613344
82333569
1689466852
-928610216
-1493882050
-2071195279
-1623792659
-1413511712
1710956779
1114193030
-974838298
1924603219
56176920
-2044750692
1964193729
1360320695
-228389291
2120250940
1565949075
2091282839
-1399805145
1817825496
-1952831609
-744022304
1181039646
-664796844
1500765716
-629973749
-1275345113
66867400
-672937614
1844352128
771544094
-1013048444
411028297
1781678649
937824935
1099490388
-858732117
-193689946
-1379530434
880400388
-190560700
2106474192
-1222958709
-484211418
-511462192
-1100543040
-676944390
-96023534
-2103032628
1393552417
-1158052725
572279597
-2134306192
-1967436764
-41293082
1093782382
665121499
-62148701
-1417801806
454258974
-495431792
1327520393
-1823883994
542160094
1301202209
-262562960
-704548641
-1075222290
-1491633879
-2075878261
1511990516
-936423765
154557310
1413013189
1285690951
-1695743911
223069863
-1322269910
-1590420451
1584083746
-1204735093
-721369466
1234461937
1727632735
1071707243
-1380756661
-2144293756
-751776491
-135648494
-905884233
785596216
-2072552767
-1972277686
1379122742
-237150562
95118424
1519506066
926236164
267049805
-1620071288
972638733
290195990
-1640695819
1555708484
1775669180
849862714
-254285389
1864856703
-1914826257
1175325308
-192968282
-1854097866
-628191240
565198028
-1976235071
1408343732
1697996578
-673109795
-279916830
-913858031
1337821921
1025764431
1882233379
-1137992197
1129595978
859946255
2105793392
1188394680
-1365224251
-840730626
-284902566
-1516896149
-571373568
2095248848
344857129
-473712491
-794279642
-1654502858
-856962505
1148916702
-1503350960
1391808831
1640209275
1236231189
1401967931
671887099
1724583012
-699032971
-1496590277
1720952161
1768338408
1359112746
1660308080
967468146
1242413275
-370569454
-1692244938
-1248282467
-1549997436
1103379655
-1709088543
-1104528539
-2090185108
-218039843
1704096426
861891136
-794609799
-1140888728
-2015297053
-1150859326
1468807740
-734079808
-594859150
1026517755
1323012742
-410103929
-240307588
-1696915172
-2372031
632946667
2019940703
1297646944
-1232219780
723568936
-1368205850
609530665
1390315463
1666336336
-1784425289
-29460888
1618335424
311233358
-726286320
-853991870
-186014226
-638488024
-670089806
-1797827088
1165561805
1019050115
49453084
1225795558
-887025623
522875244
-1169651972
-128020682
1461535663
567119700
-1133868318
-1646380233
-268661568
451447388
2089472054
859728225
161132936
1109911251
801295724
1376647547
1439516495
790667260
1957761141
1467097079
1235451662
-675857644
1075965816
-1263838564
-1728207035
-709458286
952504514
-421360795
-2126874869
1920764336
1421147642
-1544397399
1090877030
554199082
1017722520
-1367385733
-1607264292
35405381
1170634135
-1410119341
-733194422
-405653230
1116872296
1494668781
1446310387
-1372295437
-1177483990
-800162704
-1334539301
156974174
1836910104
-584170797
-849586603
-2020726560
1748508738
-697708932
-1916269605
589273189
-607516800
1331478825
1037194525
-1938043722
43016610
1874952211
-238949540
1164442434
1872306924
-1863661232
-1544156169
-1292469472
-123617855
909556600
-1712451259
-1333702828
-777184867
-927452277
-1141816154
-1421045424
-426932920
108897554
362364372
1753644990
-891348920
-1834299261
651322238
-697092740
1069692822
-418579479
1510695191
2045660391
-949145195
1478988228
1183163882
2068640604
-1264114369
1412516397
440811889
491729148
-1230133087
1381515838
-280514329
-1636341586
-467017079
2082842032
276984348
-2062855063
-2131686532
1296027332
-2039779449
7471539
630688237
-1336672153
887396769
64393828
-56812116
1625235088
-2020785808
-1372600913
-1704210788
320801004
304416865
1732808034
-1563782487
2079095741
-1299351205
1080439660
1124065016
1406638847
102997776
-705899616
1122998367
-908096564
1441541013
1579888055
-2075977962
482328576
1101137204
1015223195
-1671351889
-1269573600
1113607297
1471412194
1743225667
-1321386121
-945934422
1516331160
330653933
2114184834
-171696365
-1236843967
-475254148
480100237
-2113456350
-919959779
-1320148381
1004462493
1957753686
1857308333
-1615898380
1007580560
-1094287714
-263556746
900019917
1056625027
459551976
-69143292
116540050
-525769101
223816183
-1326801871
1459142108
-664443866
1741146489
121712550
-394717840
1085945675
-2107251624
-1152345438
732471475
-1105902112
1605877584
1833506810
-1833933731
-241398317
-600639807
-354899104
1531497581
1048447468
-1075885115
1546414823
503484764
-1378483991
-542069115
-1174512442
-266584939
-561470742
-1865999928
58518875
-1899560925
1028495631
-1952967732
-601538189
-1984637525
-202216609
418310233
-881203000
-1846208355
-272441109
1810755602
1326691530
1086590886
1280622130
1678539021
1394784162
-616228504
1004963271
1840391334
-1034834061
-1016696723
-145285328
-1060516208
-2074189342
-1767327144
1068926993
263409964
115190744
276026973
-657591414
-1482900707
-439727738
-230318350
285211612
-1295988196
1441372841
-1080126778
-1110980014
1989263112
-234756338
-2124703502
120084830
414506816
-1584273576
-211069842
1305163009
1327773493
-1536059903
465615557
1772117360
-686722502
-826241890
-380902900
1472671732
746445726
-1677299354
-388154864
950172177
-1624711941
-1414645516
-1687771954
-1468523798
-105411120
743260236
2018583079
404674275
-1022547891
-1296858341
248840916
-834453112
150304622
1976726082
632149654
-1091116627
1270846027
761015957
-1201501774
-322243627
-847742803
651504607
-2014485092
-1360367913
1247438052
401506345
-652809998
146615998
603907799
-710974661
1485941419
1675127281
-886104997
970498659
-753615728
43963539
-972121400
-32174988
294994154
-1691019732
-149758519
1136007697
1050093436
-845843064
-1107144844
-1941154261
2090354099
-824713505
2085830042
1742686919
-166183397
1299294261
-755740577
-2042563068
-1863128299
-2138916861
1309496844
-826995876
1743405255
-1384386025
-320833501
-688618199
1234688595
2110066360
635514291
2082097771
986555978
-272220147
1654095598
1972235464
-1896847774
-702789186
-113545736
-1211252013
-1169295769
-352063781
-60974847
592044688
-333672849
-680273411
-1062245995
-829046728
-1896909743
-349543510
927884594
-1018268360
-1975463849
124181245
-2061798630
242217855
-42493646
-1352911738
-18863253
-541873927
-674510034
-1176157330
-1550744724
876042070
1205493414
-1914642209
-1558156504
1196631055
1423815097
-1742821982
-1640091583
494019753
-778675907
489363977
1266924029
-802100421
960204019
617906190
-1647840604
1966724910
1485415164
-550528068
-2023558642
848244292
192433804
225844685
-69157513
1064255963
-360081956
311334036
-427839339
-1593891727
-868371611
-509081827
-855383060
-1716735126
1061639754
-78537071
-1255529376
973142289
199161365
-1659305505
1687834636
-978834724
-984928858
-1421850727
283257937
-1341863949
463425895
1237754395
1006569776
-1795712013
1094852
-1878185487
-1953643044
-1931564562
-1890168102
-485266822
2048789130
-1704377418
-863121810
-740453176
2090781580
1174393178
1868299552
-1940882230
-1767413347
425856241
-1062309409
-353516371
-255720578
-284772715
-840516961
530373246
957402305
-2014051150
563037513
2136189971
-504267292
-1200073600
-297459725
339490091
-2132856416
-1667309875
-612300720
1243761620
50611075
-1867221760
-811762070
-1111011571
1509098428
1290570329
2115948174
1332714411
-216705995
762776957
-1206040954
-271062144
1557168871
-698624463
2113997325
1627325112
509343080
2088282981
1354906239
605179782
1997256
-414505612
-455645744
-1047371776
-347123554
-100667222
-47746882
1521373768
-1915403171
1104491526
670265418
1092854507
338649579
-1267326912
1577068131
266468749
1675110004
-1093539059
344856036
814281668
911029882
-732906848
1479172545
-892355004
-2064453072
1802323316
-1605244036
423980093
-1314096376
1474439752
-1920768803
-52812544
1685454474
-1744419733
-202094367
1015570408
-321365401
1390641209
-270012430
578762359
602566094
323482597
887567192
2057123007
-234509315
1774796920
-99986449
1495092227
798540826
2024701720
1785600026
1783483293
601649730
1899314829
621303031
-415005663
1138478562
1844073729
1503614675
368670914
2038606150
303532551
1693113568
-2022718732
1786369647
-422355746
1528601637
174230610
1254253864
324037365
-780567115
-1621343550
1820208731
199113393
-57930717
561277655
912605344
1910861422
604750900
-264326026
-1974664682
725984196
-1222886186
-1182517829
371137398
-1055161589
1581406801
-1231359971
149651556
827966240
597491900
-674364465
1151478024
1678255464
-1059980879
-1567935127
1219907805
-2136494572
-604569276
187738567
-1279897912
309042342
885665328
-1952449487
-1493149076
-1494554444
-1458820781
-1033235780
1903022780
-1025095956
1828841564
1169773807
1632885201
1476065879
-1286938686
794175656
1154570749
-2066024991
1351868407
-2038703808
240109599
1277628953
729682397
-1091416851
-73582792
210787124
-1298872712
1564683368
89887038
464632663
1218711013
-1540923185
-605419216
-1268546283
-160609909
1504971723
1001069162
-178347467
-2032783985
-241410571
1843046714
2115857081
58844557
525332341
-1303570254
440690715
-896839548
1158905580
2057923007
800950489
-703428592
-827573613
-1908557958
1565820980
1790912223
353630116
-1347509059
-11825613
243008093
1596914680
1488424697
-2125771794
734546866
1206009329
-851797433
1635915784
457526253
-1099743591
-1287853380
872009596
-471388287
-653729269
-1436770559
2003074716
-39676689
1287055889
1269793
-1843653033
-640167228
-118229234
-1611556188
1192341946
861415622
401879838
489403613
-1825755207
-319795094
1080101755
513005184
1684415790
69673096
159947810
1420825975
2028694304
1033254993
1202041269
1279663093
-297874104
1278076288
344688035
330472394
1652464849
1544862159
806262917
-2014043399
-848352417
-538541140
1429622475
-860478073
1869771347
-81945044
1943614359
-1709027179
-222533044
-777204673
-67107352
-1458865487
1928779504
-1031859419
-1618349061
728155496
-378565909
871778336
-783374099
1362936863
337143863
634930539
1839272101
-762987486
1951441054
1856371306
417330672
570511869
1541601916
307677986
468705004
-1387579382
320675273
-517606678
-1639199830
-1737248181
513813847
-574169502
-1206863089
8127353
1053503575
1446031524
-1102964230
-1652287652
1638141985
545286074
-1899790165
-864551331
-483643853
-1049340849
1382441570
-1646195111
-614869382
184211624
-533687482
-1654145865
482349520
-629562668
2146093192
147883452
-276652858
1460786722
2035578568
521106717
-1983117662
1803081683
-1957907785
-441244715
366492843
742699792
-652871684
631324473
-1912207965
-1777973219
-36373925
-1389630135
1837511060
763017935
365487380
-299326905
-1066958385
-490679237
-1682068343
2015771533
1546292529
1846954927
-836807134
1382642587
1526277288
-1402197274
-467707276
-466353297
2068904949
996196726
248219040
-1924397799
-324429134
1512102797
369621497
-1040290930
-1013327465
2123968476
1012152553
-164584517
-1115590664
-411289390
6116884
-1077759267
-654355055
-80745203
-1092765507
-893098481
1304820870
1828326157
879562601
-954898652
-1746229340
-738661334
1676237249
-1204729162
417161452
-1243475257
-1924387652
-1301943425
-2029300654
-1856051256
676173053
1438885607
1292210882
1953717056
1617443705
1409044189
-1641905821
1507941487
1659416668
744416489
2033219870
1345805547
367788077
-2056555902
-432776607
761746204
382727983
928748188
1251416351
-576262163
1507440394
464617605
-741243621
-1154417729
-1979874645
78168049
1406521958
-1987375455
-1862474649
696300115
-529881562
-646834242
465474150
-1152733843
2141432728
-1513920490
-1089096386
-295016662
-740297385
-1126222736
-1134267170
1485884075
1098297053
274514575
-1780486227
786860703
1673454154
-843598429
1442447346
1704789207
-827894172
1629564418
-153652362
1987136281
1239402718
1595322391
-335570585
1075209523
-1427830563
621545114
-874755458
-231137197
-1202342473
-1667984383
913297252
-769589355
-1693604355
1917568822
-1122481839
672604638
484588219
-1182554231
42893558
1056256231
-1581636866
180071399
-188203108
-892621412
2053067669
-867086004
-1304127859
-1699730010
17970972
1442784374
-741689166
1371102790
986798646
-942263590
-922072451
1027072100
1572411417
-1213655333
873876489
-946318873
1091767118
-1281420487
-1818099330
-1588848569
115689145
689500615
-1736868422
2027667551
760060631
-1686595232
-1641696467
169805703
401959751
-1980264677
1933979396
-943463966
1001314443
-1379412291
-634854775
1527714292
-1609285105
-847387025
2143985353
1901471094
-519084951
-1485200976
217130614
-1503925395
1019058145
99585932
79297039
-71977096
1299903284
-74268658
1543979581
-118421910
-1674160491
1391662322
-1209631616
-610904040
1221370612
464183710
-1801269750
-761310605
759800193
-491645357
-437313302
465797592
1909546867
-438539617
414347117
-1956623706
-639827451
-1997849834
1925374400
-151658479
-995993920
-2081223103
847421914
-1619241931
170763263
-362810155
1109100952
-512682643
1898544560
-152880857
-297464023
2108583142
1455989335
-565702177
-1722674261
-182201746
1996629080
550783979
2130343958
-73455215
1066427253
1924472759
372153433
-1874576410
807901844
1598530970
-1568592702
105972902
-161413691
-200303213
-392830558
1000513917
-266083196
-1373209036
1858737456
2102918308
-869934022
1930952413
389436333
-1691581393
565214985
-608136915
1886800329
1760985763
393345737
-2011857482
-1181305531
1079635147
-654625716
-1929013265
157236184
-461784885
2079183593
2099035502
1009273943
-1283517835
-1526661064
-1333554090
-1949602289
661586139
1378607130
-1667744499
-180444555
-298036956
-2035219205
-2047612110
-1521369855
294443683
-1883872166
477927886
-1945184938
-830050267
1489604489
-1889448248
1252865957
2120815241
-144165711
30581150
-182945965
-1090439018
-1616827367
-1741653678
2080606170
1867923464
-1973250649
1669412257
295305196
-291087380
-1404187994
2106963834
-413144355
-889023443
707930057
-1501496146
1374866497
-151868819
987493231
-1958657309
-1520125484
196212761
485811240
-1461459506
353677210
-1122788937
931662711
239889568
175473223
-1238533247
-1399641895
1415215809
-513338400
-1345381577
590063877
934385595
-858018143
-591260879
1784534390
-1138687368
-37901791
1092600499
-1554974682
-2032598096
-1901609293
1122543492
-1197246565
-1115786340
1665444624
-1614857023
647900966
-1140562193
810618930
-277777682
470714218
356464390
2072291202
1108940109
713757467
-1046259363
794179380
474787955
2128524295
-2770363
-1612715790
-916468201
-1684894630
316313299
-1168120137
2085263917
5193757
-989146597
-634691075
549340467
-44938497
-456662626
313026843
-1066616887
582774360
57142528
-129683737
-2116064377
-2075493526
-1085461251
1219078306
530742538
727317993
717559198
-1630886379
893799248
254773949
1097594791
1616103415
1695234117
1317844741
1487193427
-1454376815
2049990301
-100664481
-2072252862
1867401892
-1307094812
-734460058
-1270380878
-793025910
-17025582
424692091
-255447571
1443220890
-1289562652
-1214730552
2074175490
1118170064
-1202819545
-931209342
1565482679
1250447277
2120440918
1718188909
765148605
-1897678756
-1301350361
-641590619
64658981
-1972237802
-1237111327
730273434
-1589005038
311814342
-1382502862
1665294172
695155120
795662575
-779892930
-2126388968
1694774884
-764933427
-214615301
-659407391
1525365061
1342452666
-1665030469
319412
1938134986
-2015684141
-683716598
-1659459914
-999507517
1288680923
573795001
-568543297
679518093
2143293278
-968545222
1018244891
2040272768
1748383513
633225262
-38683762
1632786092
-901512295
-1782222276
-885103208
2082531525
-1924434911
1287233828
1447495419
-507761829
657448400
165695251
1996109434
-322189235
2022328067
-637770952
525380578
1741677439
188585208
680980630
1025269837
457109450
1265463219
-1609755108
-2118979931
1433886516
363135012
1264626
-792790937
387949152
-232199031
1821356565
-1103326551
2034379591
1329739537
-88984539
828440413
-48601304
-1459232062
-1186294147
-1485949225
1264772029
-1762164069
-1194737532
578225548
2034504623
1562580732
-530786238
86032924
-419010998
-1322459834
-1385823434
-1313087599
-543054220
-1701055042
1786765413
-119742487
594466011
-1970338890
1752567734
1043557073
-891227795
945302510
1332632189
-1040872269
1937532941
1617958199
-1910288043
-32415246
1754010755
-133836967
701133618
1354216052
-1651633741
-1419000778
-129158731
-705281696
2034354193
-553642194
1897752258
-264186584
-253497516
-617539899
1684213583
1882471369
-1833142423
589603971
-976593026
-288436399
1491963050
747878171
1561756654
-418496863
1622289231
618224335
1007592526
-1801806220
-1842481628
625398802
-996148430
19072671
2027373692
365217902
1550391081
-376422502
-811623580
-1964797529
-2121295602
-210353090
-712112612
-1711595743
1090716574
-1032479792
1388446146
-48428674
1432645707
-657862595
839708752
-408830837
-789299889
1314030759
-742701368
-1253844132
-781973245
-1841762272
1376119469
-1488239947
-1686335888
-450117452
439841461
1333480875
-1284753626
-1857574228
-1239925061
495861898
1049392716
694364177
-756049158
-331219463
-1313259272
534260847
1570202232
-191337892
-1791543360
-1521561382
-2130520897
1798316409
-505784943
381172789
-42954030
1388339805
602421182
-287749199
1703606111
-99789440
1951290204
-1749500012
-2093400528
-916975321
1500883916
54325307
1528245991
-1247805431
1937956504
1283542881
-760201494
222400053
1164613763
-47433311
-302621029
-1546108878
-1842362406
-544089031
1799087564
1493735527
1428299792
2147037968
1836798834
-516395331
-632765815
-517709062
170841240
-830300542
-2104614731
848163897
1302644373
1973235344
989817697
232829254
1843243137
741824430
549659465
1833446866
-204263452
-423162571
-1987076367
-107726329
349140144
-1324094474
463706548
-838220270
-193566607
1229435739
-2049957859
1952446949
865275074
388672715
289697141
-1106213575
-623043326
1119135059
-658403684
-1659999278
587407176
612457858
618978844
359059974
-812642157
708940691
-795497094
2005110143
939728965
1865419729
-862736433
-268468673
-723308846
925121335
-756483688
175698916
1291781044
-1739425706
601598409
2026808109
-593072478
1986254459
455643175
2079846332
1152894976
1871580944
2131846359
-411988451
-1390377832
334896450
1616799025
1615053318
1965478026
657354724
337406425
758627552
1723688321
1565250962
1792920080
1931862149
948047911
-15038695
-1898602425
-694228405
2132449498
-978389994
2005550069
1070484033
-643103841
-1826343460
1347751081
1989421752
828070742
521424027
-2085440926
-809899003
-1332577233
1198820029
-372711650
-1995695996
-1225879204
742576787
1102759344
1431377118
-1973732856
605456944
481284566
449056911
389056903
-1418565227
-2079537782
-349177182
1749374670
-824015090
1267783576
-1405190465
-7172316
-87800358
1628284784
-313831833
934051865
961284881
-813032899
-1236518275
-516797257
-2110333758
806188342
627237127
1688404471
97800027
407980339
-290131146
-2079654282
553084237
-999423102
7624611
267624808
-1625078545
-713082885
-338645797
1529509068
-164435805
-109447087
1193275421
1083459297
2030644535
-1455371094
237259873
680781528
-3612019
-1230626446
1597068700
-1613530934
-102055299
231161452
-1487719358
-356870933
864121337
288824073
-255949556
785032704
425324657
672244733
771223803
-1598145778
-374793863
361055758
-443629157
-354467757
-690152279
1005179438
-298453620
768824186
-1439428668
257494732
498833726
-2040748279
1244069660
1445890662
253126651
-2021578467
-1345642444
-568753310
-524420822
829481305
876677799
-1950025442
-184418863
1704966684
-1100735673
-20497851
106517083
-283760399
-1486199416
-590642076
32106651
-566269365
1028118303
2063435964
253152784
414401649
-1850904090
1692920409
1945227882
-1293646409
-559431678
-646706845
-398290356
-2105757202
-1267866042
46837683
-1414731181
-1748987107
-2128283430
-2118487383
-476244393
702587248
-646875625
172088892
1933574384
1758688880
1642793909
-1037517487
2134017852
1988607860
-467334616
-445312175
-134564642
337535831
675293766
-868377867
-167101367
-575352982
-1272936148
-1020993949
137998141
-78471252
-844300702
-1998242690
916470673
655169080
-1406455747
-1861783687
-811339725
-1297738242
-400684411
459434157
-933573011
-1458334539
390232918
-1969449555
-1139463319
1303885840
1705024075
1188291222
1567499766
-1830743505
-1822057000
-1777136214
1841771660
-559042216
1537032951
-1349509088
1256198029
-1075644698
539462406
-2112282571
-1785955379
1727490432
632419311
517034118
-459425452
-1582631282
1833537161
-122515295
1814927970
1012750057
-1299343555
-2073316648
-942307661
-2095478063
-1948224276
-1536304295
-29626621
-800546525
-2022751728
1871199355
1913058515
-949142069
851854368
-1768766374
-538228115
-630418569
-1255475911
480087973
528125734
-822033268
1566213114
1982084533
-54219805
591126365
-1277825617
69288418
-803998755
-624825958
701699760
1624206866
524553640
-1915506938
-595819253
179008146
2108680304
-1632942228
-2103467680
-1339916504
2092122502
-1941534765
42181132
277262696
58752538
852153072
1285653642
111418438
164879690
-596575013
-2137540331
-1545194260
-233224613
-1180748283
-1975884656
564574414
-1658177723
1187131753
-414491478
104620282
-1877108876
1641413122
561201725
-302975308
-335842611
463612796
1573346807
-1972658879
-1815944978
1622442542
-1178721477
1184195843
1062247610
1465906758
-1355907767
-1899267130
-1248260076
565564997
1947486875
-1768714664
1452333033
-1479437138
-241784174
-79941794
424346740
791100665
376635730
1327257445
1300535740
168805326
-1380330007
952259127
-1387719583
1187882607
-1577521482
-980177553
-2083260776
1509395829
1891651592
224721999
244294004
-1528961346
824574213
-1784052527
1951530598
-128210267
-1144603956
-1538774533
838581511
-825114508
1778378206
354690935
581380372
-1609583082
1459718585
1329427042
283106488
249806608
-971173179
-1070214300
1177342737
-1657327950
681579124
1011158528
-624255251
1614537097
1893227939
-965236436
-1593062957
-578663913
-774820538
1857629476
-1162764470
-1021897531
-2110839483
165931642
49277013
-1153263848
2123064736
-920805775
301095740
-814514653
-351532584
-227964788
1323484049
-125734852
-2030388591
-640826015
668673649
-469002766
2113942899
1911751346
2082432778
444743230
-1145704622
1778573501
-1330761890
2125074935
497890446
1979356370
-235855546
962235019
2015194043
-2081644250
995136440
572563435
1080123011
-855263769
-823173044
1653203399
-528110389
-1042935920
-1994947333
-1385467909
-1498886636
933357181
-1540841942
-524581304
68109603
1032897474
258309350
785092422
1490348516
-172175561
-317825679
370930329
-196186741
1688234711
1728676349
216142435
-1111720708
-1569607862
355743159
434908153
1193551213
1256234431
965901318
-686420008
-482975928
-1717167361
758378516
-180558631
-513088683
-761329729
1359517837
768567972
-552554984
1947208245
-2008501339
771452770
1532548471
644078829
-893468832
-95392586
-2054777696
1602172636
1551057421
1253736429
-910577111
-1914527563
305010450
-1657261709
-1871272840
981715835
658064367
484491144
962730084
-1664271274
890083708
-772284364
-1193558500
1674338730
156345717
-366530952
-1266778041
394487142
1444395064
-993741115
843745644
517296281
-2083519796
26302129
1000323988
-1361554358
-2144333531
1070654440
1853193774
1220758408
27337893
-481735072
-1230567887
-513226049
-539282714
-472567344
217676935
-645705651
1617595574
-435582366
-2081184087
-432313772
1966764386
389382311
1643443590
1451877841
1008669239
805208266
-160162135
-2119869715
-1526871483
-1236659960
204186522
-305419629
416976486
-330687649
-981668989
179126594
-1426204290
-1768448379
-1447505130
1758016291
-1495885565
-510461413
730257070
-1268349603
-714089025
-1644148190
-661505356
-2000144216
1149916372
-246839891
859231811
1677650208
-1679438591
-2043194152
1448961039
-1500244133
-1824043997
-1836264968
2085715330
-109547843
428636413
1677830675
1096393767
-1587569398
1793416507
249122962
-1803813557
-162951364
777634739
-1324533195
845194209
1101146006
-1185958162
569070406
-638798682
-631389960
-1893932057
-429316847
641693829
906630005
-486218478
-1585488238
-1066577604
1697664546
1487059359
-1394035600
-219526082
-1176602064
165407999
-52802518
995131355
637238077
1314927270
1207641743
1397528221
-982892314
933263891
-1220330125
20786421
1798700448
-917192947
650266783
1790436631
1649047240
-900195794
2077842953
1492210977
-1361526281
-2145987163
1987174724
-13421694
1589248923
-1472034250
208631353
543057305
304546499
-1120106363
675408663
-1876110180
607430201
-1310256492
408374663
-910086981
1492299477
1301424522
477994788
-581899644
-418692336
-1597967434
-79241942
479681161
429334487
1808858834
192499564
1736863551
-1111260511
22864523
2143376011
-1567321816
-2078007101
868747072
1417220452
-195769036
1885126658
1073321226
61727178
-889649820
947078249
-1289171204
298989685
573835185
-120305827
-822255957
-922326983
-118771925
539069422
-2106960912
-1328439174
-1433832604
-1081940881
1188224236
-808984865
-474346994
648502600
-327943604
-751777723
72548066
-1758609143
-16862259
1368300790
-367041085
-150419005
268603650
1864612890
-1195177181
1575261075
142629460
-628594068
1005962917
-1680333698
301557322
-95825871
-514927612
-251191932
-1580206325
111567462
133322290
-75175697
1813081120
-351589576
-185505596
-737412629
889932925
490251705
760177548
-1338969765
-1617400639
53289168
1084568711
-2099069975
-1323059780
543022448
1267069945
-1484391073
405950258
-1515758581
626398934
-368353995
-1759563042
1760595273
1819861860
1279625322
-691115079
-251405835
2077101085
-407044969
1690207611
-1831061961
-273443623
-1198723008
-1857884063
1993585672
1298032172
179694701
505044273
1359235297
-811715828
-1794643080
1329616251
805485237
1715967159
-57732823
-1744202720
-1155078110
-741769005
-695513089
831447576
-1122770974
622951894
648843216
-849183889
-882541689
-978044505
-2133710444
-53985136
412119399
1355179653
707120252
-110544955
207426004
1202455080
-229171127
889135869
-1590418544
-1400739035
-1270957860
1778200016
-336030849
2141972630
42217224
336000960
-929043554
2022279161
306999983
-61374782
-1033452237
1650095448
1756539404
1749921276
-1029854650
183906730
-1457573300
-9661234
1608391247
210324345
2008388964
1987676694
1212065328
869432772
491489566
-951926864
-552052891
1138252070
921193331
1279068731
-513878407
753785655
-1964183520
-1798315742
-1917844293
-379676623
1190884211
-1894589734
777452849
1820416726
-1531206043
-1775228568
-154554163
-478519663
-839235603
-1244407002
1525125598
-807106597
-208674926
-1421351995
2142438089
-970244384
-616420030
-933678699
983989240
970248289
-1196670366
1260540675
-1855873775
1268218075
1365678118
882667619
-1904632469
-300843543
644462369
1587518960
-50606147
-2137064986
1765491743
84396560
-1712837352
-1437712938
-1138850254
625200091
617945878
1671294342
1316928010
-941074978
2118967635
-1161938447
-1822767478
1094242587
1988657692
-1782522396
736044695
-1003199404
-919410074
247054565
1439964210
-673862776
-300241662
-1450417071
961773768
-1407720515
1114094861
-1606385980
1687865032
1279037184
-1387406420
-1954911812
84082806
-638004054
1300999417
1465533824
1920073726
2044862948
764520504
2077161278
1010099404
1223020140
573265741
-258448013
1952819738
2098186648
909678962
319198863
-1358787894
-442461285
-1263805148
1413060056
1425493621
129173254
-1948416674
-729791859
650499011
-1984514414
1771302409
967994703
1199336444
-116661476
1092797362
-448469060
-327296033
-296071696
-1812225411
-375625123
-225962574
1863084873
-1405800359
-1760660287
-1985740646
686602520
1328359028
1850575849
-377888468
-797229564
1203568113
-1712293146
1663776579
-814910286
2059416536
-1986364991
378283283
1596663621
824596558
-784048486
1269019518
-1220608216
2142919941
1418018067
-939817050
-1176908534
-1989421323
-88401938
247258562
1559481642
209594187
-2082830092
203545909
1434938324
-1194541151
-1867087080
1168087516
1746226730
613610864
-352349476
-375499097
1582932775
2031687874
-1823719180
2027609451
1779892449
-1198538197
-59606232
-907739147
-1604627955
-1786934279
764684158
-1310943647
-337143864
2041752234
-1245756009
500141741
279675796
-2114381666
2133082713
590406024
433204640
-1007728371
-1695850034
-586579856
1340959563
1206294074
735863627
2080477435
-509507093
1216208616
597279700
40995187
118190537
-935065843
-1235008834
-795868504
590837104
-1707782203
1114213526
-1865788670
1335841063
-6178167
334966849
-1096595755
-1475731782
-600183904
2102477412
-61568519
1905344896
-891076651
1517572869
-1708878184
-231108966
-1697969815
1677236594
254557513
532690296
-1489229749
-474842527
-77325730
-1741738847
1161392518
257084504
2139327609
96806578
185768442
-1013154225
-37748635
-839298137
-682583986
-1141144429
2014619170
-383552935
1085387300
-123523092
-626531519
-237701561
-4413298
2132300546
1147475570
-663206504
519419841
1349376508
1379303515
1838633824
2016894472
-1950304151
733242794
-478471646
-1755570693
-1796583069
2145107565
48872085
1401270256
2100215281
1185941152
-1629404501
-736012624
941528493
1322320903
-1534500658
-1131394195
-1606804058
-985230018
1198950252
-1940491021
1599996295
-1085153778
1392329909
18931230
1155529464
-1422629631
-1342385501
1192796043
-524022973
-1831668169
259269434
-905039726
-1227281605
-2094833798
1168436497
-2108402829
-2146003623
-1028564592
-608404464
299962574
-1702818265
-377998639
1597131386
348026456
2054278880
1511263992
-360143315
-1036251956
294581848
421974077
-1155799512
-1376962274
979346457
-386269790
-1754205106
-544211722
962863566
-702006643
-1992544407
180013660
-532889883
-877780074
2053499248
-773366097
1257259631
711697570
-1662908916
1331419355
621614921
-283370448
-293307048
-1462599990
-496068991
1801248754
1817495272
-69999078
2233329
-1883310433
-1333890803
801010705
-1149398736
-413525241
1394436182
447834317
1647590059
-1373348761
-855067816
1195436479
2085819150
1806888958
614901426
-1657028774
1255305448
-1723988000
-201206453
1059240454
17773197
-1928674551
2097561821
1400697435
2001259582
-67401036
1765969591
-600614773
-160459641
1027109101
1711359166
-1848555746
-329190680
1357276261
944394932
1278151909
2036683959
-1023586939
-694326340
1625727528
-1499591612
2075814085
70906909
-1992164063
-548438467
-1725074883
1272022854
139835822
-824819372
-1909164421
-909223407
-1779300287
-1059318754
337861783
958856523
-549513190
-347353794
1787919749
760038516
-1988529992
-539907646
-308749142
1482577090
-1852445044
-1482187316
192402865
2056659051
-1680058641
-2042393739
4150174
-278343132
1946335062
-126385171
-1236998878
1372122340
1078133700
-1947044122
-1917763023
-62315539
327657599
-1861094350
1106843345
389361420
-480050426
1155261354
1654073141
-693297378
-380570047
-587114670
-365158134
-1585252650
318836218
976870330
236563983
1062374334
-27597428
-262608218
-617374741
1296561019
-1428830759
-1250597903
721104186
92864852
1440198273
747974829
-1071257624
-1854236683
576667215
-758287217
1777497282
1667421039
679423735
-1444286070
606299210
1819627394
1047091198
129270201
-1507791670
-244904417
1446145273
-819999871
1630533035
-2055486937
945220345
-953773066
-843185146
-1697217927
-157488827
-463252611
799464571
-1426839253
-462044855
880406707
-766382527
1272308502
-1665285681
-676870771
-1529685122
1774629783
2145870188
-1553182016
622441177
722399380
-1266506692
-612416157
-1795903924
-694879555
-1779914543
-93408559
2104396606
278574612
1558089832
59420372
-634269744
1169917614
-612223395
-361652225
-934637193
-1807297094
1141271264
-2082277798
-148533046
-1689296190
-135551767
1437870148
692371100
2106058033
1455251304
-1021437547
-384926131
277463572
-282356287
760697090
-425838243
-1750410716
-2032462985
13737925
-1026418623
-934038524
1270778662
-2085085315
-214240135
-317225274
-2005555018
-323704238
-682567710
1357113523
860787405
-1882050212
-1969251000
884352587
676958085
751015237
-825981377
1017152906
1237696607
-466819796
-61941198
-859178644
-910612106
2064066508
2286268
1354172851
-1522173961
706024157
1428150582
-153947417
-1405207600
-1243523910
-859924080
1679573662
483166375
1210405955
241708644
675836925
-689491443
-134116604
-1985967544
-303673218
-359262477
-111223402
1276314211
742332659
-413519780
-1889364411
-1219273150
1848818378
-226797740
-2141919758
2080346348
-2108975727
-1869089248
1962151739
-434409677
1359647932
-69068618
1345101784
1514207052
-550198874
1194889327
-1194238905
-1445659230
-1493782059
-704504070
997441963
1998148326
-196741758
1956371603
824721905
1844623210
322300503
-1400156811
-149971404
1556754351
-1437182342
-1917330803
-1674509470
-816411076
-1681428534
-906583697
-2050568929
1553221297
-841829529
-1787900019
1339691753
1593761307
-1682230921
-1542718299
1864852348
-612332408
-1050652377
-443074437
-2079763849
1438770142
-193310480
1449574344
2060172351
-1328771096
753403675
-1793094542
1049945122
-829324367
-1090935162
-1643956996
121622719
-921425899
-954430552
1962397503
-363492698
-1845403756
705189329
2017882
-100064965
-896371863
1204670646
1756034022
-1393255969
1527332314
-416517587
99949678
-1265423024
-401332783
1234923572
-757985507
-1588103344
-1036140628
-2084588745
1579405497
1879211140
1769285456
1641556114
-389326384
919251615
-1443272828
1346255187
1136607280
-533711169
-1312587141
-38770363
73335707
391020054
456126386
66675241
-1033768517
72371405
-1268669700
-1545212090
1966855507
564604708
-1707814
530623780
1304487095
-1711001379
-608050160
313684371
-411720835
907194074
226941044
760393714
-1433490571
-1109647612
1570074377
1369660845
795840725
-825888145
2123575115
1630018311
1438078392
-494340677
-645371444
931177497
786178249
-1617701955
-262066177
-915747303
1849633595
1849728605
-387615405
345019615
-1849878020
-1033928255
-689328765
837483685
-1521600983
-65600086
-155550676
701156366
1435318467
1211924766
2111523231
438592105
-550330973
1968022599
1364775160
1439444534
1744679339
1633565851
2070805359
-1574598680
-10235842
-186935492
-414540563
-392301332
770802673
-1338432096
-827267614
510334697
-791642494
-1380956044
-1961386411
-543044791
1856019464
-965253955
-1605599684
388054776
453076332
-630020288
-361548019
-483067284
-234043881
1017322020
-1041038700
-746771996
-1143281428
331280597
-1632777465
1071425011
489844856
1336421930
-1778827177
908099647
218594920
1210386633
-578588984
-1123215226
-107004357
1905242570
-36590909
-1682375198
-212539592
-144088678
1520559594
-1545723827
1633184161
-988360927
1264828781
-1588717978
-1248969945
1087010087
-612372069
-2143388812
2067461793
235096563
-159791429
871279019
530367224
-900936395
-664801507
662197422
1329575270
978817061
79611499
263243861
-2047237409
-2058380309
1184351812
1461243823
-45280050
1254644289
-1475941366
-533362614
-189115132
-622074794
1366829051
-812866127
209765613
185981941
-1814288002
-1994200779
885126148
-656395546
1483545791
637784560
1545283976
-1121287020
-259445379
-1186608890
1491162479
-1911888401
36823842
-1452388818
2054593691
-1809756269
-1625511405
-816977808
871363659
-474675671
-1775100343
-1633427664
-1984659244
-1634360051
-1222710496
1129709418
1881648015
-416305359
376591471
-938938050
1695163413
-1981887936
-1007436584
1017766319
-11714391
-1517942778
-979780256
-1522367321
1826058741
2048451086
1294115393
-1216564418
1114619385
1900399500
-570990338
399190587
988902976
220036477
-1577100360
-1568592678
-1756848812
-1465884404
1067222464
561713103
-2083868813
-2134000585
-1234387603
-1466568566
-259603838
-664369998
-991531218
1112874173
-1805438655
-548406005
464770530
-285741542
-1114749505
1721794574
-1106154394
-1825890719
808097552
102964842
-978754449
-324216935
-1384706498
-976948588
-844155238
451609757
222152316
1462324971
1503371201
-1541954087
-934003551
-1882183140
18522000
78065237
-794132012
-452170297
969034839
-202822413
-250714749
-826406046
-1992126431
1286325748
933415576
-157418659
1563108100
1759428800
559586286
640191111
-379169094
858992102
231347201
-820733521
1230800752
-167712416
-1734849563
-2012433522
-895662626
1133215004
-1408875143
-1018618652
807964311
1028925367
-979376932
-1661451552
-465329503
113183627
-25260770
-967496764
1231705416
-1624389141
-355707846
237096393
-1834556626
-1995305299
2075263556
-1036685249
-39344473
446615528
1523142622
1848474360
-963953341
-1310243330
164632560
1129404390
1540420267
631693276
-1276088169
-1818211581
-245070672
232634240
-1967333539
940205168
-1583770463
136399547
-1354818389
-700190495
1935432156
322534455
-1435821445
-944436169
1394764199
-258072388
-282115503
-956482962
-645945280
417963182
-1770643861
-1902302536
2079373106
-291940902
-1174609353
-1479079702
-340953879
817692017
2032502276
-554172137
946561416
969012819
-1306367492
541317498
589364474
-711435375
-314264495
15058584
-1806142905
-1304204499
1863704247
1742200230
-1548671960
-423667421
595076881
-840644313
538242780
1380109996
1334892398
1744675801
991900476
-1182623295
486185270
1851268561
1535180557
1560432861
-34781280
593973221
990832277
585428743
854324583
1912856905
987390832
1952230415
-429844036
138306428
998362275
990483735
479991933
-157218716
-1761657871
1636477269
1310890407
-1336666441
-185600915
1149075222
-897883127
300597405
1339235920
1248113925
-775966918
-120307565
1784146956
-1850887252
-1231347507
1053253778
1153465504
1083343675
-802035518
1228722032
-1931473106
2065480072
-1092112065
527362181
210787274
-1805990825
-1351002753
1469829520
1541612948
2032735194
948343817
-2135878948
-2095949304
419752314
-154652635
-1235874402
1166168468
1014419160
-1358809461
750580897
-665909910
-1795229426
-242656931
-34067676
890654359
810425401
-1389521064
-972280318
-901873068
-331779269
-305421755
1943300883
1310326684
713097149
15317172
-1789678894
389906942
795559538
802940652
-1536233409
-882356812
749341603
641131293
-274992378
79333619
-1624255514
1679292631
-2030397471
-605596028
47590704
-381962305
-1679619270
181765522
-567213042
-1354475137
1701339667
-1627723066
1005291823
-634645762
1776936234
1391179408
30370597
2096022737
-221549993
-1806148409
1885300844
-516309264
-32546759
-1136008843
-319128150
-760771668
-1340903407
-334127381
202191928
469300704
-1336223251
-2021730022
1697305825
1042005606
-44044536
621654565
-666860824
820163789
1058557552
-1643621327
-1649376433
1801070408
-59914263
1358193791
1396978774
1893653992
-5764847
-1454107715
-1983415999
265098509
-1226737468
649289624
2064162398
1912613658
711189697
-783328875
572782918
498267495
-781195891
-991262943
280152418
1239150715
-658760553
134131430
-286712655
589283194
1931980956
-1481791649
-2094613305
824684252
1324198988
1020787374
-1824823272
1322331743
-295886034
-572951635
-1629561994
629569086
888422592
-1344739262
-874418216
-731919453
653960673
-73804554
-643674020
296753241
1956231283
-510419512
1319406734
1352059333
-1472739012
-1594128321
-1863546134
526134038
-1933233140
1252770494
1013161887
1576840891
-638001627
-1398600421
-635974763
429579029
1282127574
444454513
1678370737
-1059664274
-866574743
1543693365
-1818443689
830836264
298080062
-1175791993
1759241520
1899074873
-1641978569
-1414849078
1056518444
175199702
-593363113
-1266535050
-87273782
1354211950
-1725073499
1133262892
-888161130
-1374866983
-1122714282
-142335734
-1278536205
-1990085935
-1107174102
474435136
-552426470
-334093664
1773446165
192288995
-650085534
1766415131
-1642837982
-739928575
1716234433
-1265955890
322452372
172217588
891696018
254317176
310939214
1502686971
357758872
780822201
-583499404
-1725531130
1987091266
1649413385
-1822150319
824787152
1636247088
-1455176468
-1102808710
449587763
213515253
-1608620445
-1317374156
281766327
-338149602
128393893
-341422574
-1552300181
1063379059
1078074383
2073236194
61635832
-1338515844
-222557864
1601962185
-165597710
1418885446
273700872
1703763117
-1898278543
1665162855
-238386646
2047191762
-156917536
-119664322
779782976
-1635640633
-1916641260
1206195071
-2101356426
961236355
-1966566752
-1134128658
-93530085
-1591354934
-1651379610
1866307946
1886989388
75248341
-663176335
1723930668
715082993
804115761
-137191166
-994169008
-270674707
-1834361369
763199464
386373781
-207360367
-591826980
-1915461100
-2123422624
2146669392
113281914
-1581734036
-1580559354
-1774480711
-1308476272
264529887
-1594534838
609653921
-186695050
-1300733255
1658117156
-1204057441
-1848338827
1267273527
-1149389884
1421821116
-1485736859
-1433165218
-990681131
-1550967445
1695730070
-121823736
937291014
-411045706
-1532219917
-1471496897
372455365
-438840646
1136970596
-1738255923
561777741
1344551253
659609460
1999005459
-616084765
-762606307
1433830196
-2009907687
231685211
-962833005
-136870562
1095694054
-1190616351
410481816
1189520060
-897287406
1703645941
1318987039
-714942262
1360395673
927094967
-216747741
-662172006
1297425393
365620580
572920539
1746890743
-1196676003
339460384
2133062956
932697805
-1411209853
633658613
-1253980321
-1997478201
-1153594564
-1666014949
1633736723
-1983267014
2143542443
-303586439
1687071605
-2071042239
1072562064
-2143849877
1029046445
1372411944
1469547742
-1251721274
-485082469
-495924723
1819288202
-434259944
1906057154
422422212
1386346149
1266649651
-1485691516
573851387
-1037015124
460481260
772651663
441277854
838088222
-902143712
-345881449
-732973700
-1102146737
246040055
1069139269
2072093994
1760973180
270722412
1279154798
1833131303
165642526
-235234548
-576778872
177042497
1483673475
-1486829827
-1108498855
882988598
-1120847207
-913467583
1484420336
1308588189
1751313932
-1068588740
1296975577
-1148093946
369843604
1594167155
-818807925
808750944
644116615
-1640863850
573991973
1488118683
1176883893
268250304
-257516967
2113981837
-416301452
1424417276
1283021480
1098711065
-1404054535
830550283
1660349903
-247392114
-1414819351
-24626845
714751360
-75354292
-536788177
1319390075
-1619218347
-2049487187
849966607
-1602907067
-1542010623
171308065
1951420539
1555070204
-233896760
1708326810
838817189
-818298081
74689840
-266816213
1015378133
463310012
-783052551
-808930069
-1428924036
-1054016271
-9119671
-731181793
700949640
1036127407
-181901269
-124138857
775624441
-404640831
1244367162
1623894872
-1902441037
-1645187572
1735443865
271505275
-1334636906
1487816984
1069822501
-1269119916
-1305749813
-1083038258
1255053038
1055303125
980122208
1155943043
1010707170
-1671818700
580872471
261284149
974313162
-1480868916
1650551930
-2104222189
-1300810886
-1672977088
585495347
-458372542
-227625148
962753509
-172802663
-1362741538
-2043361619
-1308769183
-439992434
49208382
1907334243
1591846287
-1488761977
-1027528324
-569033619
743775654
85842667
-2093332429
-787487068
1852300697
-419166303
229169290
1955773537
1565296319
-913339676
1424746865
-328823433
190785206
1082611033
1685238058
1786904675
1790774661
1679430754
929090059
1421838786
-1895734784
-1079297868
36894593
-1061755133
51124336
810635814
-193153192
614928476
-252760206
-474098484
51847992
-373762559
1165514527
1932761924
-643963278
196189331
-1752471955
-1699562929
-1667281924
1471212758
-1075559724
-808093277
-391075654
1309330087
-300081612
-1757182466
904439295
-2047080660
-29348107
-664948610
-11194286
-2078997940
-1661319568
370528047
1260064372
-1056272543
-906630771
-1223978267
1044997281
-1654394580
-969093204
-817863092
-1756649450
-629661431
-503845944
-398349763
1334363859
161207651
-1211866151
1657398098
1483114402
176487273
-1504306566
1674489020
-975935913
-251684863
428256972
133858387
-1594789800
2069578749
-327543143
1626260462
-1265310369
364361612
-1116719429
-1466213388
-1816551298
1573525746
-210952769
364847923
-884437661
1310458491
-598227772
-629354512
364817885
-228559956
969505449
1881009726
-1276152930
-2020990532
-1178182297
1524524947
-85167550
-1525556414
-918977094
-886018153
807906703
-393022673
1586874630
-929961409
-227145730
885974781
1705391481
302620442
1961596282
-125258712
1487383660
1525927402
2145637991
-474246947
-260620530
-1792345994
-1859903771
-1447560207
876032323
1024652702
505851477
-672311276
981911241
366584239
1065433883
-1026193851
-1316536676
94486520
1111619237
668677000
1907007644
797041053
1615482284
1802161623
-1880145556
2106221994
1398728890
-1997974443
1358241948
1419961963
2081992939
-1907657015
629703945
-2009028614
-698688265
968538185
1024424835
167566360
481184367
1549633845
-520217679
-1976905920
-81615034
-1926067097
-2142259407
-402959623
2103062418
2034138024
1094801155
448526700
1919746964
1850695525
-328455386
798357045
278747637
1116671393
-987443069
689551485
-223997358
1347036205
1106153738
1830916680
-1660851206
837808663
-752877030
-77135605
454943990
1101202528
-540498650
-1194628223
1062438217
-1862710800
-1614975339
-1710331714
1959533176
1141244622
1739347688
-1581718397
1958029132
-1783173493
-1485481439
1235596500
674925525
-1640927745
906594659
-1241156408
1798646194
-2056025033
1727468245
-1354450785
-1603729264
-1740102995
-959224884
-417796327
1004715760
-1428386631
-1692219095
