2003716
-896733215
-1782465037
-634456921
470969375
781961440
1176559193
1806480379
406159021
933638026
2045606959
-1418504933
-866609634
-676592488
1464661559
-1990804616
-899763418
-2081590005
-446099591
-1248008541
-48589173
-1217819024
-63297485
-2110559689
-738613953
-1376038044
1913098765
1172963319
326138289
2123699290
1696363408
-1983801294
-57756065
1020399771
1159917273
-1351512977
-966464081
-955079794
-1736540279
1580914757
-482299137
1322746425
840549375
-499417975
527444218
827641095
-492100151
955412655
-1065377491
377354699
-1732831913
-708393367
-1342627623
-2124948988
1137560817
829088660
-992551158
-2056371870
-991047958
287241812
408358888
1998524553
1322488597
-1654388867
1055953228
1866770452
412227448
-52211916
1376603286
-354023461
1649887295
1046720469
472408509
-1120723335
-218467597
367098647
-331649113
-914879224
1143093483
-612702866
-1471705670
1679450926
498251010
-1994011728
-1904489806
-379611299
-284440439
1011461883
-1438366540
-1360249003
-2136292481
1017318101
-1549128029
1440730349
-767435777
1485007251
488527539
392745747
59451641
-908862721
55378491
-1729489135
-666627036
-176836299
-852282674
1468592657
-853969101
2046273485
-845502325
-1048459549
1260116038
-648816322
329463220
-1775792132
-2066318941
-439540095
1934964605
1614793153
312160421
843642100
-1029552090
-1849934586
-700434444
1961649793
267812427
2011721168
-659787530
-846041089
382586234
1949872738
945932420
-1692241449
-773432314
1816475255
1459401440
1092957930
719446554
-1956942133
-409275673
1550876082
699754000
1303691488
1888166018
949972903
-60298749
2030658302
315204194
1385212643
-560603486
2082650234
-1058599189
-1400323576
-1992790201
-1887392197
2017405040
690116193
-208864441
-2141594759
-98113375
-383569849
-286633845
-176788792
304828225
1205860805
2115402591
652349269
-1042159589
-263291009
-1098301559
-562984338
-43566026
746625999
741641885
1541178695
-1128881593
-264228816
-399667313
-1678458118
2026512998
-936980257
1025903498
59764431
522739973
1058145983
-1152429057
-1941337411
-1234057955
243223420
490534400
261538352
1776111017
-1989598221
2045693645
-201448179
1000917591
-957285167
-1433446993
1558286066
-293115011
-1464357511
-437506300
-1620525374
-1219175095
-1702836949
1702648987
2063557216
1510105660
-472185246
19439425
-1044276551
-1978228519
1263187068
1967119771
1499347976
-948954983
857249696
-229989322
-408531371
-1232768479
-55387429
1980633820
-76180930
-815915338
2126194828
-1589654743
-82309639
-1825506576
1974446338
2071049309
-1056119144
-1656887123
-1244477597
668313714
1195837839
1666356296
1355800783
-1897505167
-2079298957
1421465867
148455876
-1543232000
582801668
-296191775
534648259
938035264
-911887507
-139388080
-1975702221
1388519893
1723332809
1236584357
-1555841658
1207585349
-2005762071
-1931194768
-183140454
461724806
583685716
1268405810
1468911713
977745105
-1840804978
2124218197
1618982851
-575490116
202173597
-2003741861
-977995326
-201623929
-2086571064
131724122
879400415
-491010891
-8752991
1359853991
889936060
-1754393890
934390854
231359185
-892378110
-794778941
-1891430941
-546205231
-1745760124
1772611746
601981818
-224312449
-962867548
1510288844
-81055002
-903543482
-826873611
2130462836
-1442760932
-972209381
1338920225
-1305707320
608660916
-659668822
-1505673459
11393861
1687492775
-1227157038
310843962
2088087623
78075994
-1913444781
1248298350
1658443999
-1393376805
-795845434
353352851
-2009853720
-205417111
353292492
1041765598
-819753380
522213689
-553199478
924524339
721190371
-2001544073
-1050352300
1303514311
1574581421
-1415059830
-917357656
1925200390
1958882176
1000478364
-35867043
1513227191
1955796756
-607078567
-730134245
-974042530
-899894882
-2389258
1517172237
1309951969
-965604950
1223742324
98052821
24222574
-1403950547
-260760795
1651161280
118402971
-6672422
-339181201
1276206138
-1735663922
-1862656076
-779251761
153847684
-2113668642
444666596
-719725792
756311203
-217377542
-1033696308
-1736903395
-972012901
550682313
-1155659685
351171108
1988567517
-1321728557
561653154
1701578556
-336129027
1944186911
-1322260313
305988697
-713006425
-941799140
-1989558151
1501081310
1670951379
-1953699388
-267184764
1491157090
1234276663
1486085886
1329101350
2079165878
-1284361987
2010190403
-538849151
-266888665
510340534
-1327867772
50887058
1919589119
723953549
1189022539
-388439678
-1611714734
1990596799
-390557664
697302332
658296822
461545290
-2056162771
2134543679
677624786
2038148580
804385316
497367476
-1714232229
1066096686
-32821152
-1020666941
1360109148
-461984215
-150448822
-1426618335
-44229899
-565978392
914316286
-46649619
-457839387
426179207
-946773203
1011868860
-102097397
-1206789285
-177952700
-576771854
535599401
-1071505814
-845115187
-1460486829
1553132523
-2048103651
-346659306
1767957209
-690051800
-1160074700
-901273841
-973271097
-1014508698
-1413579783
1982141560
-305630467
-1714264157
2065194424
1701829435
-506013554
-619675566
-1029229970
1448640790
671400847
1825562787
-1130683713
-1685227652
957665586
-1865345017
-889059283
430274749
198686994
986390003
1253234567
1374688100
1164148431
988177891
694206110
-281475105
965978333
151433121
-1143609026
-223257499
-2141876071
279648198
216080732
-1795470572
1088495517
329264257
-25117045
1334079065
-718303660
2067270294
-2138531660
254529427
1124530128
1752745642
698872326
-253248518
-2046109990
-1276008771
881822763
-436632643
1689174090
1240199158
1111973051
1702594410
-1175851367
-541832026
-3762955
-1225246829
-1000377676
-1626993018
-1898450772
461302445
1117265426
1433522499
880771198
43363643
1479047688
-80920260
-1598659764
-860524501
1785618523
122817162
665068261
1072707967
708249879
1399731264
1925490692
-1959314641
-1017667170
363359219
-1276839556
1806758989
-380649213
1272907132
-607110479
200130666
28200344
1800450812
371825994
2026600760
-1486444603
600455456
445069860
-507572624
-422760933
-482040923
1001194889
1145386997
-305172824
-1416380898
1879462561
-89545159
544053644
-545467147
2104465960
-278506273
62916812
1535771311
-1790347167
-699210846
-886247067
1768852851
-806807991
-839509644
1629458852
-1760225076
1460236816
-1681263126
-137137996
-323440723
-1591461180
1751446742
-858029192
1677060789
-892325041
1786865717
741755547
1557247668
-89239389
1812335691
-1824703004
1636269934
1598949171
12663308
1506744526
516473502
293796
-977642562
-1778787241
-1741402307
-2126935356
403933147
761436696
1617671427
-1922507590
-1917884869
-1258922859
-846092242
-1388021889
-1502755982
-330252074
-1637589631
-1907784564
-585927049
872027446
1708335759
-1896923691
-1994883963
1298665850
-81873351
-1650248203
551644997
1321827364
2139628916
994406314
-57165524
-598322935
-1333120945
-1509295998
-14275550
576929057
-489325772
-1379075370
-1424630172
-2146401378
1460146285
-2109637897
1851879850
1868144703
-1851984406
1832006567
152250507
-1379124507
-199697600
311379403
820276768
2122465382
1111827445
-1535463587
777761768
-1419496288
-1013263878
-701448793
-2142254613
-1636429359
-753724296
214494893
1468405025
88230182
1990950607
-610339350
1469270035
1167833233
-800576550
-1157965761
-1032027710
86551007
863916408
-980790488
1947268808
-508154103
2071332936
1135412016
-1496151875
-2005635127
-105231437
-1246233178
-658116645
-1020150672
1589278254
-1351822959
-1595319579
229865974
791723456
707470304
1486530883
1604926290
1523938498
1747147493
86287217
849845260
16716517
1011092740
1866257818
1549643791
1263225465
-1610406233
917631104
621878467
-177361428
1019149172
2049234078
1855598427
-805000816
-1316833598
1269083023
-1176861589
-2095196768
1522327368
900248496
624825532
-2011241340
-1624382953
-26697212
-142623901
-1034374828
-549463862
1010744920
468158735
232665754
693632763
718085543
-506824541
1435587931
-1983542536
676437695
-310879996
1341391960
-419897930
-617968349
1044250675
1986781073
-974569979
-481817037
2028936093
2022402058
1849594629
946125962
-640929359
-1394891824
-986197544
-1633544793
-1328633677
1858960958
-526511464
-2050253362
-1850874160
371878012
60784779
-296886736
982376305
600833608
493656469
-1340300983
41460179
1241166584
1613066477
2106986889
-1731609385
1210043071
1967909139
-584671690
1238076438
-610851793
-1093986047
-498349424
2016657976
-1151756802
-135049056
-674084043
-1204960122
773907724
466448509
604902855
-59331652
58889892
1562347708
714163915
-1443365341
-764468479
329773900
-1479474733
-1752467745
1578322964
414408027
947236831
-10260859
-307127164
646280204
1376141313
188266736
-1998171402
1632839783
-1418441153
-719844268
942161294
1762180753
-603368260
-1313454701
897403316
-804971460
479415065
802430415
-75379686
-409531808
-1951311848
263136576
894289150
-962568661
-251168382
1191647046
414426284
-1131528907
-1238743477
-14951487
-771206074
-99290889
92417779
-75904608
-2057533753
-1122960003
-1183326162
2007957176
1896584773
1423339354
-416175162
-799153962
-519802506
-1420651299
1648630720
382606359
-1787470476
-453798271
137761725
1851699830
-1161064508
277652137
98247843
240185509
-1870404460
-1331388276
-1819478404
1368218657
-530959036
1007197805
-227087203
243330688
-1271327961
458911504
1119184906
-1002294771
-1759253879
1743202920
977030169
353571734
-1468935692
-57113196
-577853100
-1303544445
-246445649
-1349569012
1200337571
-938078166
-1763479673
-1457269737
-617389910
823233378
-2015991087
1458499712
461858672
688831830
1051792558
-162508408
-254582208
-765457766
-1012096880
-587691234
-1846453804
-105061501
-1534375683
-1367906739
969803951
-113984846
-2012986221
1996803061
-2017295927
557994226
9144139
81864381
177151345
1890019908
2147341313
-570068921
1277022319
-1113178058
-1086463437
1454005670
1844466024
1991198075
-1973969912
-911122676
1434497158
1391398584
-410339180
-311335225
-1021229737
1167160475
-1108461990
286567278
-816638219
-1236516046
-76383726
-2016159401
-262659481
-401274246
1243616683
724461387
909714247
-385162187
1976400786
587661949
617398948
-841596161
107356724
-1249491529
-473411543
340663971
1535237058
-535482411
851470718
642978218
-592222669
-1176236681
478295022
1002847285
-220104818
-427177487
546573385
-2104819700
1517144681
-1483547770
-315174645
182446582
-1742606676
-711573802
-1372640579
-1639162806
-1676549478
1473918356
-416254309
1428541125
-769607662
-1409696645
842610550
2072557470
2010368529
9890946
-1798623013
2144235992
1055213178
238402381
1625788533
726316246
1137643545
-1424109849
1381616047
263221556
-1416413979
2044287150
1147275165
-1188616493
-728255355
-1596839026
293230876
68618293
-1346456811
1139638641
-318768329
-1354531060
1497248809
1109009398
1866229196
2083579405
1884588561
936111200
635436654
-1840542712
-1978096290
-409284912
1874498957
1645433917
-1031221083
1256907959
-929295916
-2047834137
937616514
-1058657659
604630482
2072751389
-1015203873
560456870
555510748
63665882
-1459105674
520413102
2040570928
1312367194
496080787
240844754
818598237
800904615
1529190174
1015403418
1956019938
-1180118158
-1601142056
-767746604
-2035778027
-568092634
-1356918300
1610451659
543212870
124662842
-2044072823
-1729428296
-804741852
-779782202
-1102302666
689920889
-1796489122
1987167065
-1200759866
-1609616512
1005670797
243438089
396066308
-203788275
-2009871536
-202370870
-1271320464
2113703071
1231376056
1714312963
1807129667
-2145085017
113243111
-907864994
767981488
943968383
-1625816845
-2144876577
1065087340
2019357338
396372751
-2016422857
1909772400
948824059
424560108
-1089796774
-1805693955
57692394
1120994652
1345477455
-1709776928
-1249575195
1357755704
1393962566
377725175
1261013205
723979140
33685487
266065395
1423339137
2096920784
-1340371447
-929048482
-1034453177
-1356621088
1795684920
-2077982241
-1567131640
-1240222321
1696275227
1442884029
28511332
1314215408
-855487843
2023126689
2039926567
1367770037
85804427
725190815
1169075714
-484039468
-2066943897
-1325449353
-1620773763
1077901159
1781077371
911646999
-224785876
456705491
-1878298576
1767482467
-1508024288
462862636
477075871
-1214127047
130236832
2058874328
51161704
-125370705
-1657111527
-794644879
285648323
-598924130
360714834
557381872
1038287316
-1674666652
972975843
-1463471609
1154277698
-191675676
491309543
-116118835
-722808311
-2039137839
-415582736
-998810464
-246340209
-148739540
-1102116805
1951694662
-1371982347
-360809462
-1686073308
-74064555
987180208
-1411294054
876237275
2090928853
-894624169
-1326805146
1812215896
2091901475
1070829501
1214369753
-118197620
-977147113
-1902331838
-1312700671
-1849888808
1931120745
1668879718
-2137925228
1303359426
1151518544
593044382
-847228360
-41166618
1909132651
-2043588501
243166206
-1970222294
653582564
-1207797337
53739823
-1485594315
1597576914
-1608872415
2084102731
-676932320
1238545375
-43637908
-1377953458
2083191918
617360170
-622521100
-1959682763
-585445575
-670619794
903970897
1737177536
731115182
1922384483
-643190049
-325472392
197205691
1792691812
-1753031538
-1395437581
568452870
2119636561
1452514293
513645141
1517735712
-1031424074
-1948076115
1068735514
-1535596038
-1021379796
-1619552036
713759251
-1208703849
-307081473
-1905304817
1962198446
1657670659
1827686417
-1011710643
-1338768774
-66978173
-2120102659
119849064
193921001
-891782131
1245990782
1994989206
589310806
-701396486
1457895442
-2064988097
-373408183
399793657
-748623910
-981261800
1583377658
328320071
415626436
672383087
532183315
1634350364
365396971
-1191461944
-1139495750
-1745138328
-675748291
-491439447
-600309298
-394289474
406772573
-211729230
-1376323217
-1830352240
-1181802805
1909797616
-1823742012
2117934237
-1707531454
446583153
1820178423
-889841498
-734748575
-1750759909
1948281988
689090407
-409414003
-1520037703
-1301880909
1452641989
975809813
742897750
1857128546
449134915
-669643114
1021180366
-1564588280
-1150807878
1108682656
265489313
1989770998
-1580277687
-137991271
1868483338
-407830562
962539913
487752673
-443095472
1684898713
-6567675
1149865270
-504965029
-792738780
-105994775
-509786278
-975992439
-749048341
-194101000
-497280270
-2028492350
-1222479286
-184334653
1262229937
-1067247671
-1661764016
1626554647
-1496097611
-1546065451
929995205
-1482169418
-1857198800
537717599
560280174
-1798180790
1648583499
-1829067715
-539814002
360834454
-510163130
-612549392
1585326512
-1061163538
1532084451
1248908345
-897924444
856670441
1031704836
-2045044239
-197125690
-1981518764
-2013867629
-1644018918
1005070469
-2083309463
-1291741279
1614195504
-1712663773
-342615232
-1389390895
478459589
-983803463
-1580109948
752981239
-615920820
850613630
1806688874
-1260252933
771780660
-1684355513
1829948639
1603524611
71626040
-1516702639
623930368
934696401
-900400651
-895735234
-716395313
-1428028056
-886943044
-670397603
1403551522
1860565750
-1187428695
-1358788050
-1960909858
576301037
205099764
-1353858268
-641193371
-2143011470
-844030074
-1503641684
1770983756
1357730043
-1794281265
-925211282
-1272267183
1560323890
-128851242
933500370
330023308
-1234613984
462291345
-1373912635
1761187811
971392903
1559270006
222066108
360800450
1872613518
1141449553
-1538645512
1278065420
-31884381
-778882472
-87842036
-758448820
-194973796
1598243708
-582070628
-545637073
-476690657
1304393473
-263780250
-1324819914
1489622852
2138207568
-1159650426
-1406566489
-353289096
-629095413
763073525
904319428
155701668
-535439262
156841042
-1267254721
-1306724979
-2067826012
1064379364
1176274924
-1955151235
1642286873
-1814527777
20010424
-1271522269
-1396467698
1402405606
1278307545
1741895607
155551024
936131025
-542534074
-157810079
-822303715
857961647
-774992023
45091291
52708920
-1443850994
457315859
-1380201644
-1956057156
-902802823
25706416
-720401257
-1326373869
1934275138
-585199685
1923359596
1110844264
1981724544
-1706458765
675434302
-1573753478
1221234523
-473663281
936872189
359996851
1997782406
415977134
829254981
788952185
-997782259
1941171282
1261118656
-2131025469
-929019568
1052879375
744124103
-1671879442
-1278868658
-1186765505
1474310735
46814672
1441130278
-1431797384
-550323966
1338370829
-1589484069
1397246208
-1965688660
2140901801
-171264169
-430284671
-1022849320
-1637881378
-10323790
1700151800
-1328393542
677608752
-603034957
769323763
-414211761
786071997
1515197590
-543200773
1696778179
-1494417703
877809423
855594830
-2002309102
-1127471398
1176828815
-1581300527
756560880
1088617007
1818651589
1306411332
1033353709
1208321975
1369259367
-1124431177
-1424031532
1910726224
1265479217
-583930820
-1910096556
1614218157
570534957
1639826141
-361370142
913671276
1403725365
353754576
-983627555
1247703399
20734134
-211505688
583362802
-486678967
352998070
499808335
-835052607
850867556
-1823912169
1419018354
957970112
-351734590
112492060
795368764
-142928289
2066131065
477424428
-1112347259
-1308611731
1854387779
910502614
1252892620
-1938900294
2069810765
-1105535723
1447297316
-1093750020
-1143532209
-1687187500
1246676844
1252523254
-1255056420
1406584243
1496894147
-1907430954
917305083
656876811
1266000442
-551640098
-1798500875
660149039
-1015490614
257393991
1027895664
-1247985675
-682104953
-1085179551
1373589436
-2058230412
1798340117
-502215682
-1235002772
-492453874
-888165797
-447870191
1809068328
1512309424
-441584010
1256709777
-334289471
1616169816
-1239442447
801110691
-2001818234
1632754647
-791197902
-1737322505
942085077
-672687400
1263345206
1768545905
858997236
517382432
-326959488
-1815753204
-789991391
-1924507882
-1967511986
1168749051
308204519
-841128314
-281166578
1090558480
-1249140814
-171113311
2137583376
-236267935
-1184634970
-1400350648
692490363
1812828456
1395507115
853115017
-980190331
908567275
480782028
-1866858647
-674488866
1004340444
-56585279
-373519133
-1837045396
-2133031550
226244298
2115147313
-2118869954
1285137303
-1204616003
1104407881
-1581083719
-1525763276
-611852446
160656554
-696606953
-1617317589
942305022
-357330089
1057162514
-2092406605
1613005101
-1281729245
1323872475
101633866
197001460
-334243025
-1630487983
1353497303
1159715862
86462641
1052622191
-1984539122
934242726
-1449469962
-603015931
-1316686057
1302406621
698209193
495209642
-1123271566
1859835693
-187518891
989126128
1726583828
-987074410
-227231192
-1943630631
-893218602
341329207
1071581945
-976603254
-513232369
-34578137
-1366961013
67710270
-1837137537
168303493
63146770
-222109572
-1530123410
-184404531
49263607
733415564
522450196
262478957
894262488
-978590169
190919995
-939778921
-4489518
-2073583763
1226617634
531997528
871485954
-884021477
-1587310684
-1522673174
-21441209
-2098568452
1702894745
-923389115
-164360627
1605862816
57558652
1155514107
2000799175
767610699
2029679694
-65579707
1466156027
-339432912
-451673671
-975179688
-707210877
158422495
-2083866761
652789501
1388773457
699373050
-1493113356
4324448
-1831665421
1935480879
575800882
-1085540057
-1467938793
192071009
-1371011860
-98909754
931137618
-1969065432
-336094210
-1853366767
-523746276
-1858428293
-2135007741
851617298
-1115522017
1842762924
-1335666625
1054345244
-499302992
-1186330733
-2071630145
-458744801
-1203104355
-476155890
-246360386
1515264062
1484041000
-1241738840
589779787
863795870
81921875
2071342743
-1115875289
2071231617
-133788578
-1043283220
-85559565
2041914002
1350918542
-752320763
1601223306
1863155330
1169446703
1017378117
-1155345237
-1919224365
-1565817126
-188190969
690536923
1748083186
-428329989
948575439
1123469193
-480109173
998158477
-1338862142
65007730
-1266789607
-1500558809
1072388695
-1687327929
-419159877
-2081520836
1784761935
1366994828
-1186482
1439767710
-372154910
1895075010
-975811913
-2133806268
471712314
458721224
-1512185472
1340470860
-997287644
-1041487235
622223782
918665538
551011332
-2138691158
-434068304
120481442
975782410
-1837791969
-270029565
-1330145637
95320483
-744028645
372526708
829279765
1429480753
-1746681872
2088389663
-411522571
-1074538755
-554338585
267976566
1166670495
-1208006548
-126873248
-984163172
-1670868036
-1850414992
1396602685
813721587
-772680643
-1421189823
1846772609
1493725427
1448946334
1779494221
2093345843
852534845
-746776209
-454884499
1437090952
-274802961
325943311
-1100397992
-144933568
330593593
-1663620166
-1982276772
1974765392
1254305328
-286460730
-1330373558
1093139648
-185423134
247917609
-80648015
-1837042730
576245418
-284926658
-696511921
-1176477580
-1484323132
-639260728
793101508
928819134
1692696355
1771779638
458651785
-763147777
498487425
1117197352
-1254874849
1999685325
3406776
-192747214
148540043
-272621718
-2028485040
1750359007
51321345
-926573716
-1140863912
-1592385289
895706590
-945900640
1106107257
1637628676
1521801435
-1923397844
1837198151
1472081427
-1171860353
-786268429
510150362
-1776669769
1685587669
1115161404
-264782947
-2079294638
1483401055
-1293129835
-1448517275
-1596546409
-1710977206
-636620555
-581709883
-428469686
1692688610
2082282016
1470682272
-1400743094
-1087753657
911899215
-259522562
1284452305
-1484263583
-654708209
1817024803
-1406225159
-243865840
1361134185
1714639069
633661569
492320680
1662415426
1968784670
184884945
1254821532
673490437
1680026057
1706745147
-252006536
-1559999106
-87344
1842320515
-1370393068
587058185
-1419420802
-359465056
236800006
1472986859
-163723503
-379311420
444934488
1219905023
1726248587
-1456118118
1794566266
514847380
-1184956471
-1589269554
-969992839
1170555029
-406294060
906900177
-2106804111
-1543750165
-1608011146
436945885
1636137792
-179157986
-2049597168
-588020937
-2136589700
467986498
-123596118
-1419690573
265761190
-622885616
-1488716980
1596291453
1394226847
-525024430
244471947
1706348309
292337754
-1145191292
684241254
-1701163365
610170066
-1177627720
15941458
1876751692
-1601627586
1374404794
-70511470
-771197108
-884717692
2101627251
1645466572
1498571173
934584298
-465357422
-704262951
157341839
1544283667
1946224744
-1221553444
499676657
1388007976
1779789075
989421461
-290780120
1505269588
651215070
-308160521
-1623633658
-1089909642
-1030135833
-49478153
326481180
-53498862
12490754
-990274650
733408060
-1152458873
1926063581
-1858808959
-817044423
-1542698617
-2121179036
-22380024
1016283888
2039907266
1320056423
896281740
-1536885
-892206108
-1855561095
-586008243
-55469820
305568706
1827076377
-143160124
329704
-798471985
-458443497
486615100
1276296541
-1723267372
-967367120
514366886
-1709724826
1917360608
1174611451
504982702
-420582556
-745372804
-317130999
1486789897
1884384223
453613347
163230278
1604266512
250328710
-83631632
1491183269
1312625554
1335988852
246471065
-453013764
-795596827
-1790277964
507446939
-522010068
-212673730
665485575
209034678
-521485948
-1288126398
1829774564
-372654948
495765862
-122980900
-304445761
893271524
670976043
-45343151
-58140786
349722692
-1764401341
1166324624
-2045066104
-446530305
-87174495
799395022
1034981167
1054484892
-706540971
1117956434
-406445680
-1216569128
785779321
-1727884147
1565827785
-969818404
-1421834927
243005293
433737676
357784754
952396718
-652301582
-251618207
63108853
1022992274
1731747840
1301602417
-1826190392
-374231783
1115107447
201856384
1648419849
-1169969770
880520576
1391356027
-790053947
-1257195268
1783430954
1950327731
-77234707
-460093057
540469556
-559565527
-1003518134
-1957415558
-809318100
-147401461
-1065540434
-129817710
-1694899784
-1647505282
484753515
327982364
70289203
1761950878
-1225788663
-517430597
-42008197
-552888894
-301831374
1417733965
671495944
637308676
2092097777
297866504
913012033
-1375431168
-488404965
-1409040161
-522720758
147967706
466269708
-976179158
-1736596831
-1718154106
284405399
1233605765
644686762
-1492154045
793431095
-207969801
-358355321
31925095
-456689783
1060217686
1710065645
1306731106
2138677758
-1324191510
-793390156
-1218197508
-1058555957
-1561105071
-2088445459
-1449709087
-2046477019
1554574497
13191481
-398831778
-1546024278
660842963
874007128
978120557
-1099866846
1805037150
2120120576
-706073874
-1842533274
174166050
31921647
-1194938569
1110015391
1506158983
1104922179
-1863668530
-1868716876
901722086
271610889
1448439412
-220157699
-641774553
1209279507
76864614
-1316273860
-193554006
1530451213
1396404190
1630083788
221687658
47299538
-238855457
408608794
-1389652128
-1018662661
-1089083342
-1334988204
1092769829
-2002852935
316299179
-595326367
-1459882790
-1434638876
1461697200
-189319920
1651902283
-1354275501
-2010540805
1700257427
199252050
1317643885
1583302046
-370712274
585702009
1909199872
-673547193
785042218
-903894301
1354496081
-65978683
1867763728
-1889010581
-1614630029
1088176842
-422897389
-1802039027
266683100
618831858
-437606195
-1408031356
-648270284
-595583484
2045658670
1809347381
-1862472336
1405854582
1783308976
-2081575861
1217076255
246908982
-176214065
-933128670
-1265037820
1604178087
-411314248
-56793624
1560582372
287741161
473369920
208520065
1620453280
-1969809315
707323671
-1461807445
236284549
-109292184
707476029
1109656163
378026210
-2121531018
1871964084
-963825018
-897222694
2009288001
-1950756490
-14426182
684661372
1618666834
1721739945
-1889161842
1275301648
-1382287673
981407504
-1531787553
1634217395
-90555305
1017236933
98524286
-120357850
-342665325
178107172
436988431
1993824994
-1808532882
451157514
1908565299
1538813807
-704142081
1910750271
-1936409879
482435061
-186647676
1828702768
-765771983
2136323090
1867315370
966169057
-1208487183
-686723346
955219978
1669096737
-1502755812
-1484802419
-922479369
451905278
-1234621423
-138142620
287029622
1767684219
-1941319616
-130589906
-1428866675
2106809472
1603471635
1488035327
801728192
-1367120111
1721987850
390702233
1359022040
1854835650
-890114520
1945196797
2071167206
2082037610
-451891315
-1160926651
-2122745978
1839227158
-1600304796
1991295152
1041168232
-1017110976
-1991324417
1677385470
-1703617780
-572594623
-2118030529
-879262466
-243696436
983154947
-2068760775
991012708
-374541281
-1107452678
-129241323
1662193888
2034590491
1727064148
324792121
508575851
-1883498437
-876541586
193770407
-1323083549
-1837856670
629828234
1294699427
2066609626
1867146528
1567165631
-842177639
-243074646
32789299
-1591028176
-1100166852
1985390796
738002255
186388352
-182350350
-1002133911
-1829978335
622445701
2093329262
1008772657
156861585
-1180894149
-672051554
-1639979156
1177844039
-382927878
-688771896
276221262
-1911606159
-1227486741
-201292049
-639162226
746327234
-970628424
808877947
-630127047
744005821
1610765954
2096408088
1851856835
1157766962
-1127759592
313056733
1964312670
-731442168
947933540
1302004145
1946112910
1659026749
1566266408
95742698
66679037
1107962923
1872164330
-42877386
-1502844533
-1957447924
1752707117
1081778878
-406509143
184909504
-1833445919
-902477944
103490791
2002783437
1968141083
-504702180
-1278927158
-272216666
-1861749752
2071222634
-1807667998
-470521041
81217311
-222080022
-1290648036
-1268036736
1144614549
1684838405
-467209388
592361449
746894614
399267763
553776430
-732925899
1778383281
783399012
-380177626
-215830989
-293779693
-2063995868
903514084
-1232020111
1487546871
643905785
-149537068
-217740470
1751808733
1951568527
-1912187146
-1506749661
-1062629639
1457826326
1649434354
921881329
1029244014
498964587
1061092975
-1260276739
2081660347
-444299659
-1767866204
1509684203
38658165
-283445295
610989102
-611182088
-999986378
-1118987343
-1193151452
628454530
8074965
-1907963903
-2044236184
540801741
638858967
-838139190
585235263
1496485635
1396641060
15351259
1262000676
1151523964
817153277
-698963803
487385048
1638028864
1129695533
809253991
1230643645
-2047600183
834898302
-285055350
1009814116
-790644212
-1008041106
-518818483
606733156
1098593978
1062707746
-732190044
-1297223571
1074176962
560933275
585898333
1697101724
-421772005
2001379623
940290181
-1246465264
-698342721
1164341529
717429001
486647740
2089179386
-1633736772
1016482207
-799009410
339192036
1837734276
-1997998874
1806365809
525339947
1009799302
-1715915316
-1613417602
-1486137579
-671875287
-1423040977
-1041003463
1383077828
-520885731
-819065914
-55345174
612796
-1321304692
-1492457662
-1935896088
-1455165790
-1889959536
965783984
125457197
327963974
-2068536860
1503986720
1042486055
1352039395
445660381
-747870837
-424130100
1032381093
-1978815078
97819377
1505431280
1096344170
-440564358
-357476926
1193292506
1960713164
1867737294
-1165302658
926206996
1929335391
-1569815857
420792735
-690139519
482031670
-1461664558
-163816266
-1262059595
938732972
-1932630855
1545460179
113302656
-1861469856
-459125076
774931241
-252427316
181517441
728464905
1071692018
1428355752
773826379
-117280360
450440080
1947229604
2002366928
-946524413
-1381331980
1200673630
-73966341
-1960081020
-325886397
-435301283
1985200081
-1432576032
371184310
27401245
1391879418
-1282816621
-697055039
-1969268886
-2016543616
-1417524404
1552900215
412083185
-765598251
448191131
-1358905812
1121744147
325834266
-1076209432
528213083
-597249540
-1404363106
1681491367
-1057241142
-1058594572
448223140
301057993
-1197604373
-789711884
-311921816
1069735541
1218233733
-280262020
363232612
-1786877705
-1797195373
2040446115
-1581020721
617839096
-2082431380
1259619183
-439969434
862169583
1394336035
-314322330
-621120147
-1879941929
-1362263760
348960357
683657208
1817587490
1854499919
-551744081
2033316966
-1814053395
-1093749592
-907285176
-685607890
-1050132876
406865199
-325056636
1088863197
-1267885881
847902797
1298245594
145812575
1221130685
1227748544
137369597
938202236
1273499689
-707758914
-2092973523
-342423899
-1807718069
72768352
-899177271
2082998001
792174729
-343065538
-390468823
2017580385
1983010398
928627030
1288486826
-958113685
-534306158
-908895439
-554325239
801729462
1093793195
-1518123192
-234154764
-1749182687
1618451875
-1771210589
-194725410
1058976265
-714055206
-807248190
688728594
-1836386613
-1549014450
2089879233
1973659146
-1250997625
781182472
-617598282
-913380351
-204751577
-1330240295
1721172829
-199832889
410092959
732305478
176429047
570658259
527302261
-1074729024
14436462
1035966110
-2054527356
-92879848
-2078777924
803780398
905996796
84837937
-1926534002
1996759536
-1157646420
-432954122
-1147029980
-991886645
1285629571
1609014926
-665701510
-1537010319
-660066477
1228730574
201010860
-1943024393
1547419352
-497804049
1975815830
-145891161
1674290169
148288128
-1071073094
-42970603
1021845069
-193489507
1064250726
-1633468305
505762016
1352070241
166871574
1252138265
175938870
-466903144
-98853354
-1333521031
-1942345073
991738553
714693995
1088734734
530914668
-680397038
-385352205
8161991
-1686813871
-1267741115
1617656523
-461569902
1829844685
1830318066
227817968
1513851954
-1262731337
702633653
36876328
1241315925
1384870841
-772229037
-903422174
-1504539419
-1402086638
-1972026065
-1882779172
-810940002
1208720791
-1266816254
-1582597308
-206070304
1828486138
-1306620214
1698863906
1668918213
-1793713842
1264185859
-682848972
1040438390
-308881206
-1722271980
748267162
-213920838
217732044
-1751860980
-1001716364
229114063
43035681
-1981470067
530183881
2112391293
1187135107
626995208
-736799062
-1131301785
-646088350
683731242
-1433252201
2111230884
266656743
-766239339
956306976
1056610445
2133811509
1552613586
103061967
-1916600360
-384967695
-1961836154
-1774048187
-849603355
-1576270332
-151562268
-318462558
984754007
881608863
-2058401949
236361002
-1312733721
-546733953
-1894955088
-1465554652
-287239564
1580876401
921503972
1562751237
-940489891
1323656216
692029177
1310121422
-1027840493
-1393570578
763797626
-292019023
-181684503
-1427647608
564585594
714500090
-901766610
-1647138019
-174863418
511003181
-109985155
1774495048
1273614685
227790698
643330130
-1575662580
1932336672
841953561
-2120927520
1462540313
1671084997
1412220866
-1155677662
-671692979
1776648977
-377606340
1317542448
-1042245763
-1223214778
1482754313
-318357549
-535434892
1952551129
-336723712
-1683587493
500764731
1848770919
746649644
812025519
1080643738
1469491946
-1044481548
-1426806876
257119454
-315508697
1503190907
-2015643758
-563177251
1893463146
2029634889
-2088008924
796332599
-1678866315
-1378175190
1199101296
-94201634
-113831243
-1847445930
2074963271
2139476951
-937914697
105414098
-1814989875
-1114329535
-74530854
1343858965
490555467
1808177302
1894847300
1696669933
490452291
-567862736
648883481
405041827
1351738052
1939830543
-1979673366
-1798179491
-1998349824
315518425
389821803
321511875
2128588315
143610401
-1449942167
225361893
-762732987
291636971
1361403898
-317436068
-1967995638
-101081745
654871029
-789426770
-1291409176
-1689281507
-486559068
594722551
305349153
-805948959
1681377720
2026478788
-1058059821
-1421616728
-1720363908
96341826
1814947397
-879283679
1551983693
-1117023081
-1846523774
798625223
-1144324023
971225743
907743020
-547946721
-1689717177
1459572347
-1665236343
-580590274
-2047654138
1379411797
379452898
-694141810
1793761704
877850152
-55305716
-1876805679
-136863136
-1003321170
-1925812922
262268260
1685244010
-1415247302
-2123041722
1517020360
482432827
1502891736
1159624845
-1629392802
-2019387654
1996661938
-1506506750
-466108559
-1593038802
131999668
1720635839
1883047034
-1442095433
71021427
628554789
-210203746
1737283586
-197882038
-823965643
-45105798
1531625592
-558876474
-546859486
70388259
-749372362
1276506179
-312893663
2104098920
1404151555
-1082659882
-1306625916
-1521347239
-1514037378
-2054925202
1063564294
126869516
568332695
514224437
-1267748504
-404697698
-1544276928
-1954241221
214824252
-80768648
320843363
-156359850
-48391936
-1906715181
-1305389291
1444248643
287254638
679604349
1099384076
-920425712
-1048018927
-767516708
-1229070002
1862239166
890143003
-1647897549
1244721451
-631068639
540388981
-2042509020
1630456685
-283023605
1474758424
-1294929035
1829579981
131770793
1556591003
326338326
-430809177
-1843834068
1848069388
-393340574
-1088640271
-1828866389
-1404962046
1351033765
-602063767
-1737619641
-405768462
1988520414
-1491402227
-1189402993
-240005439
2046659013
-1538971952
1385788710
1713344667
-327420401
333719178
-157054557
-191462910
-1565466129
1064545583
1503064504
1168847913
581034208
-1155615421
1654219157
-1415378558
-867877215
-163931763
-1411975794
1730117781
-820292735
905252362
-1523553798
800249875
2001885404
3421220
532311390
-300785621
2075427300
15154724
-1428328245
-871625445
-480748380
888755684
-554198396
1655316233
1124581186
989838023
1532542691
1783165715
1725023620
-573093139
-393575556
-1072672349
-1333747051
2146757539
1247088770
1233309192
1072974599
-227572455
-384633751
2129333058
1525627675
1610712406
-1913840179
-1986528740
-17638080
1705713263
331485074
-1739168640
1436374233
-948063242
-1526090933
-1800971770
852668739
-1414779983
137981407
-753380915
1612172566
528684428
-1639818647
-635759218
1378180521
1286004431
1006489440
1778960878
-786565413
270894227
2113573368
-1612929006
-247855343
734820722
-799056954
1072184440
-1788276870
-1811238275
951948970
-410239227
932682905
615649138
939094760
1646155865
1061012228
2087359022
1964686232
-2032834454
785523817
-992143008
-1859384000
-1860492720
268026065
-1681747329
-1367059777
-1690627747
-183691224
845141757
623946860
-497788048
420438012
-1933203268
1089676670
1928647818
364695941
-1011908159
229432237
1427716001
237065189
1918053159
1532001561
-575170380
1266222767
1746816853
-1662762901
1622565919
640708781
478051187
-722945223
-1719435472
-1242409251
-1012710375
-957597009
396647929
1980596157
-1242463927
1751679594
953229927
526182088
-874916449
1954747815
2025461907
-2105465793
2083779782
-450466148
1891116120
1155665196
-949789394
1517078565
-325192668
1692127139
211908859
2109431203
921242899
904597323
-871081408
-1435024095
-1158740935
-1059076580
2132313708
2032879543
2022996287
-967381655
999785732
-1249354701
2011211312
-147377375
-559143534
841000949
2090440852
-1074970799
1232122077
1616325145
138569662
1944604140
-1880983207
2113696987
882244706
-140500786
1216970464
515053879
-550617750
-1267102210
-615900766
1270655184
-642730487
-1418777037
1504829530
58356242
-2049505009
-1514672231
577781186
-1996793190
859489663
-1778544428
398354760
1436711892
1395748958
1162954821
1015133954
562587109
-830548019
-181593205
154039006
83045580
1987117914
129280843
388021021
1012900803
1079661970
1498445620
-226226687
1264085739
479441626
1592450621
-13009212
-1359105241
1115275646
1925603121
-1615346228
-1041572793
-2039113974
-480715412
-455106531
-27963031
525493976
1007676902
1584542223
856835995
1512506858
194932848
-2072092352
719798981
1764972537
-827066050
771054027
2103674053
1467939277
352505509
-1629113671
-205600037
1778891983
-377389276
-1663048265
-316932793
-584857636
-1172221016
1358827017
844412209
312766811
-1358749173
1748247230
-1940079416
1485055633
-1714928675
724377637
1872424364
1908077619
1798681959
843895935
210178448
-797277124
-1136942868
-541768715
-659379941
-473193215
1070848562
329897932
358399247
932490626
2035158592
1050266838
1208950188
1051808514
1858644840
1522439467
-121260970
406438872
503432583
-1127079655
772197237
882908039
-1701086581
-1960033448
73232540
2049475596
346266421
-204102526
-1038789396
196188279
-1125737441
-1877870143
-332804166
-1777869635
-23981312
1573548745
206563183
-1873256757
-1020574673
542937865
337478832
151246046
589464677
299952668
80622526
-631976687
-1164676410
-2025824379
-800581602
-1078934985
-749318366
1806042523
1024063100
352659947
863694967
1581688770
232093899
-1129394204
-430825542
1465288667
1165430961
-47508851
230447830
1234763517
960437282
885511380
1053377524
1954346340
1205219402
796932417
792150269
1920230825
-1605325136
931232331
1573850972
1600413491
486803608
-1263242266
-1107406840
1324235757
14832808
1079882336
1673547713
959053113
2068257485
1890523757
1477742489
1098187811
1869249119
-1706852736
-2076782155
-176711463
-1201795454
1009628507
1791274581
-1112083109
1120482512
1942619625
-566692591
204523374
13670964
2031746123
1004887652
-338141738
1022308888
-530580432
-568897170
-325258045
-733676606
-483318679
1872544245
908318091
-1170064901
-947300420
-894801236
-153600615
215744753
936804087
-713758792
-929152859
1273052766
-257075128
-471698065
-812312027
-1244291096
288057292
265508706
-852975102
-1020658742
-282141339
-2066011235
-1720133490
2080382900
-104430641
958770732
437894582
1596074480
-1345778443
266711265
-23271565
-1867263803
1336168321
39144277
477727622
2124823584
-848672335
121276203
-67178396
1851610479
103480689
-430699365
38304110
-192958000
-1593345627
-1723493586
266977892
198736491
-1201953595
-153871674
-1937998309
-591071461
891395247
331231457
-1012855698
-1306681517
-980762697
1987888670
2073951090
-1658530497
-487083261
620582911
-2015762451
-704401623
1681521174
-315723025
1026453767
-1946193122
1688138665
-1891381113
-2100677822
236497104
-1343402047
-1557686772
1531117223
-1804671554
-1803857155
-169707716
1037614145
2060629906
-1206551760
2015150409
855422671
262230217
-405645009
-1200188891
406338228
-1113859176
2137633771
-610942976
-1580678862
-165243122
-277722943
1689007374
49748695
-377871755
-1404388080
1143063437
-1399698122
2115214078
-827878132
590919174
1380849626
-1370067044
1678328785
-483090478
-1622125449
891096879
-1510299461
-1459670561
1597482595
1579406565
1814662644
2076121012
-963039933
-1475619107
1685060685
-1584324430
1268395785
1365867276
905869393
835991964
-1339691747
-1288898972
1329888407
1014823512
2056198362
-1628366286
-365574824
-504509450
-764437701
-1449192505
-715112128
-2095256847
898671573
278659674
-483411064
245483957
-1764740344
-1684043988
-252079292
1624741729
-2036821135
-1113541651
1178342393
-1143279923
80836258
641268574
1864516466
-737873458
-2038847211
-1196226505
-1793705773
-1629072200
-1198288547
1626709578
-231124754
-1846993372
1040051869
-824645145
574280661
-488104206
1635093054
-1334386302
1769660335
-2072549743
-1080831780
1777180051
1274064079
1636382589
-1050048896
2132069053
86540034
-321961975
1318324756
1209375282
1126094888
-1745872034
144628755
518444117
1677967365
-1582997821
1080712319
-542838368
-330681000
-799623394
1953231896
1658346951
-736814035
-720708934
-1020584758
-180729571
441728367
-254848183
1268907366
-827675593
100215744
155477037
-597717867
537944526
-69918323
537563378
-1380684024
-1744405783
2133732444
1621329951
-1038940940
-1228394181
355154280
-114264530
761158333
352263113
1830541166
1083442391
661319921
-450000433
-1969634871
1478396564
-626028681
-1633081372
936347836
1414475361
894670855
2042123100
-820974834
-543358012
866880476
1621540845
1487320284
1474781964
-1358186328
1338790804
91830186
995951069
1843675336
147545273
-2040418374
-1197633557
832107193
435783313
-2086917471
-942547964
-1363500087
-868667453
1029227286
62047572
-1804664303
-1245771954
-284932595
-1170768668
321851810
-1046867031
130913540
1361566563
819185917
546474027
1567512987
458739497
-613711671
576064685
-1349329302
1411196536
1019882175
-1674683539
-1146740466
-404669948
-1452178456
-1628874444
-1350274683
2126789557
1972221450
-1905783877
2129146555
1902128554
-2053759905
-1799613878
-796290972
-1273641599
216604552
789677218
1310932492
-1423065131
1186290880
-1642243043
-618949781
1438476295
737250388
614910738
-508388866
1726306369
256367442
-1488705922
-1416962094
418231736
1693494400
-959822368
-781442142
-1540133584
-876350320
1836547427
-998494684
-250727483
495429009
-607021502
1780182175
1003495
32824743
264268135
-1336401727
-1955238235
1364511998
1290076246
-322684498
-5109457
-869169413
583491657
531049052
1268850325
212218548
2054382491
-884584163
1809597908
-1902293342
-1950399127
-1215052675
1939758099
-1509753963
-1862483083
-1891854003
826102569
-807632153
1082128974
-250808833
680780899
211127284
2088066989
422676276
1124936579
-1578715959
-315457758
1044588947
1335913994
2025882138
-557622033
-813507364
-852782406
853596793
1781572404
-377924548
-746648235
1802010821
-1139212981
630110178
-1688845653
1898529248
-554023563
-983274543
-1079793453
800901540
1714251957
-1660686344
-79157320
687821590
1768039676
-728552065
-1044283945
42510300
-1919548027
74433891
-2016170682
-1519312148
575947138
-2103954364
250459383
-1722307962
1187143928
1063444349
994712125
-1451698845
1675086823
-420454539
1573914256
49721134
1046259629
1439144756
-540934772
-1988898765
1177462443
-824211143
-1550618817
-1038369706
1326493224
-515659383
1947118243
1214102853
1681159797
-121795317
-2054622103
-1841386511
687573330
817823251
1685767672
-545694407
425673360
7183932
-38897484
2112660968
-1052395785
-1553330822
-2036866685
1112615393
-1778145943
-101061010
-2071224180
-853513576
-827730361
-841131012
-1615517375
1144637636
1488882962
-1668439014
790021791
-647402158
-1377177515
-181642261
-573628492
1069567388
-702116926
759636235
-1819017119
82558682
-1485483877
1292213292
319449697
1135496408
1512486995
245143777
