2064141125
-1693881273
-1303437359
-1640696693
1668164085
-1638759713
1136147670
1398389285
-2092157189
-963494546
688044148
1486290740
949468634
1701194210
322245987
150520139
505092239
1461618940
2034347069
-362110581
1601049130
612450134
-1002380756
1435952969
913923744
-522431833
-326396188
232818926
790182878
-378767546
154795476
-1518706913
-98529247
1482715628
1796888215
1159456285
-616621692
-754298435
-1787414352
-1141493395
1516405466
1415300745
-1456183690
-1852705349
844329406
853219150
-1118807219
1248447738
684515815
672300289
-1182791402
-1482549040
-782409280
-682367603
-663521048
-2072893647
1229390903
-960011493
899760895
384335177
-393471020
5950356
575541748
-269587297
816059150
1955417187
1303160110
-1374857609
-46860839
-1753614721
-1479080296
565854583
199458947
-1523546456
-700913772
-1223514740
1326761920
630975984
-854697682
-1841327602
2040122883
237657724
-602319980
-2023583199
-1477535218
-1469914996
400801990
927069023
-1271160116
-590302280
1544224393
1159746227
1709286494
-647167877
963447713
444961671
1766142579
909352437
2078200894
-1317165791
-2112840740
-1307054100
-1047113290
-1221346742
1048048479
-1571086061
166359412
1041684272
779375050
-157991537
-2068449488
-2111907443
866690379
-925437514
382324320
-1315479801
1727242751
1533145369
2108587757
-1555550759
-1529370680
-254654012
884717865
640222131
2065346914
1752377283
-494392063
-1857491233
-1383227208
186502376
1193484398
980391332
655064180
-1784037172
883718449
-243200017
330724052
-1461617390
-738775617
-468502738
1266791876
1012865522
1361924473
-634548097
-1384872920
636010229
2016161823
1897608458
-1241254792
-501425155
-389927802
1439194282
1789285522
2042261128
2002736777
-342135086
-1281609014
282187573
1382345789
-783041106
-937925562
-1762720890
1582250600
1098272648
1504812169
1763045350
1589153842
-244098451
2006805068
-59324946
1458256413
1211454991
-1981960812
-615572765
-1381779406
611633133
1971772160
549589635
470000508
-214291023
-1227448221
-53908992
180942522
698984920
-1724399982
-1426215092
1910812239
-657828201
1506356350
1041508503
-2134445187
-1330289923
-338962556
47525909
-1469692206
1891065428
-658795261
1614153732
644505057
632313293
-1257432785
-1687328019
-231036875
1302702171
1473513252
-427140055
607891330
-1186810658
1009872446
-2104951642
1283835678
-265042300
-1868805977
1801021419
336772782
-1239882900
-1357197520
688446809
1225231396
-1182506613
1402779236
-1384269389
-1483071256
1062430163
-2146195238
238748895
1281547861
-252923503
-907504949
-441935891
1978424678
-1512807914
-817786141
-207020200
-1186234960
-959871335
-445275045
1914142092
-340463725
-1668501413
575166023
-2091298392
279227820
-1128472308
-1336335316
801941124
-1669391987
-1238729875
-1042857003
-558690827
1171959728
-506062282
1413741670
-392385457
-1625520472
-1060409031
-1843733839
1618606123
1711345048
-546923322
-992454968
363016809
843955689
-963345583
541900498
-124724616
931116087
-377148078
-256738526
-705649964
-1575590773
-1269745812
-321126523
-327767600
-1487348273
1149354705
1044315611
1635973781
1231507582
-377714716
-1360548376
1940888170
-1336816486
919334687
-491241877
1893443125
-1761056029
1062556726
1795539824
-1685306303
-410495675
-317859972
1390753250
163868224
804020881
1725981062
-1131390877
436262804
20920688
209566989
-1502374560
-501910583
-1537724781
-671487208
-1645008289
998138214
1877692975
1839732058
1208431771
294534373
-1333239640
-304561448
1370714833
-469753858
-1228174708
-1070320946
-1252470692
471060779
-1396815934
933560787
-886305409
-1346443416
680897026
-1503298245
1677596929
1978000955
-1545674105
1979992252
456650495
-1673751053
-1845367037
760953427
414519549
-2086855628
-2096258605
951947368
-230364355
1184471218
-1086359180
1699800624
541899604
-1073460677
-135464140
-1848210862
1049152505
-1201242117
-493124308
1130437581
-494593504
572447483
-563164307
-573796072
1246934855
-261905430
-1578797960
-460518006
947944718
367933728
-1839298316
852175100
-2085427699
-790570785
-145118566
-1073050196
-912252959
1523076059
336545395
-1560145821
1139976840
-508611588
572339781
1427810010
1927682286
-498007199
-1294498486
545054809
-2104047929
1607917480
-1718334429
1726661793
1714853791
1533605228
-616245237
2065579276
1558582062
1770192910
1444778319
-415077391
1074950897
1822624184
-1171172099
-1549756851
-1070697227
-1328175201
-922995237
1191150495
-878376971
-1038928249
-1591420773
415135762
1380066471
76929932
-1938104500
27471073
-1908447150
-91730658
2074875922
635726582
-387496796
703178828
747725593
-546231339
2090522817
813880902
814711750
1695442104
2117322655
-158448100
1737969967
-1746673670
1836883856
1400569547
2098461133
-944584520
-1794136288
1463831930
-305312144
880200884
-157998304
-968387584
-1280358286
1155332221
1851222530
-230294614
-171491537
-771116596
1639209063
-1078456262
-891649868
752448561
1146682102
1649248049
-218021451
626930670
1370325359
-1162627247
1407981764
219515683
-5976321
-1710128036
1529444544
1970410794
2139372501
-613432542
1159978635
18127940
2104318964
-579511878
-1377262081
-1799881356
-1313022133
-1886478321
-44910047
1201465003
-1930502398
-519322466
-499936105
-1066347740
-1326830570
-684050051
-1966587817
-176297455
1050243879
221867422
-210807903
866624375
-2049816176
-1786030508
175117614
-1450027178
-50890824
-1771729641
-2014166871
-1450042612
-1094380377
-19921533
-414638498
937398522
747259612
401252262
-1851006415
22515303
-755122596
-1149035910
-576682544
1542765476
-1122550770
-1548146000
1493013036
-1283419535
-64374202
-1626949201
-390427612
-1528078689
740231839
-992046885
-1727137661
-812571402
124714253
-512494310
-1395446996
-139750312
-176593871
-949881197
874599827
-963680986
-1333032209
-1542358856
-2103408529
911592161
1414459197
-1272367482
-1916756819
1568201748
317216318
675497739
79771559
-705424271
-2081714802
-740825560
-944152939
-1058515654
-1648792097
-1996126824
-490713789
1842677730
1696789188
937060912
-163544060
-647084301
-1048216628
-146515608
-929480474
-1775095502
-1975416109
-1123083495
-557721562
-1369584896
1051628435
1906496391
1558552550
-1107029502
818131073
935295394
-64593123
-619698428
-1781116714
-1333596791
-1289842738
-98192870
-1655884821
-52726962
1385927804
-656349944
-1674099255
-2023713280
312221916
841596899
-1550110464
-928467227
337984972
644119543
-1622296137
1288817927
-1640206204
2038644971
-513133052
391649521
914644234
580618275
-731269250
-222441286
1004313579
-706489755
1485486607
1613957186
-499337433
-920349762
168061966
1486707131
369984108
770800038
-1583488116
1213403755
298009223
1521381218
-1309485843
165013423
900618263
-1649015639
-432759110
-837453758
-820027005
1663900298
1691336374
176299455
-61405139
-127272308
776668206
-1564683676
1032383719
2106801174
-264825963
-1925632232
-1145280603
-780329967
1381633871
1676854702
63770228
-1424872757
-626230835
1822907243
1098397611
16675870
276407513
723240901
-1148982433
304252369
155664946
201948013
-237045733
969275453
1481435483
-189860977
-1067376944
2144820531
-595745105
-774005416
-137524726
-234768099
-558700615
-1241256520
438895716
339602019
-1431742270
-933580439
580428350
-1861704945
1869973418
-1807165137
1125438124
416012467
-132161541
260130400
1183321009
-1886073206
1081136186
-1819124826
1001358764
505290204
771049601
-1260956157
1468512786
-104374105
-1091792310
1094169109
-1267361443
613048955
-640835188
891363739
16297027
-1936196699
-316528885
1357698359
348230699
-1052444017
-1304048660
1688804980
818650844
2056372070
1797836423
-531845621
-842047113
-400724483
-1260447616
-1159138718
-414216537
-1107305999
-1279122920
415586900
-1210024938
1075024140
-1283639616
111509559
-1604449502
-1058297874
-356454673
874021146
785049808
-1354289943
-1865157835
1607468110
-707831552
227435821
-670802802
2078390055
1115488482
419706916
1012811259
-994164477
1851810984
-1407685345
1329685326
-1194003573
-1757410180
518889266
934850885
814463801
1735689396
-856683685
1377080026
-1431890919
-2134659772
344497385
276361177
548800210
-1419965324
1623841819
-1357502286
-1915588121
2050758866
984261382
-1025707120
1883644730
-787435927
1245494460
-1108707670
1755940306
1562190642
-963915094
1793799128
655943645
1971105482
-424457150
495491432
-714498824
-1623451291
780141785
48122930
1545109677
-103160318
-958596143
120684265
1128242492
1885498335
-1265081606
787868340
-1854342499
-1246784721
-1862226123
-573489924
879811013
-962909942
766480218
1074204295
38395944
376307365
835906907
516208581
-736495745
1204111298
-1851630167
-1486514582
820962762
-1177883543
-1296981802
-1103259588
1513480600
-2043362856
-138994821
268508973
-1504598394
1263132343
1181182043
1186894508
417254916
896302736
1081436360
835662391
970879071
-795203459
1608021829
-932577996
-1174711814
-751104734
-730816404
1037878273
1788747998
464834525
-264567279
-1038305719
684295798
-1060884676
-1916350296
1923154585
1241452946
1290027183
1019040483
-1282450638
-554025803
-297716866
408306591
23819296
958338188
-1440755972
364589568
-185086325
-783400261
193077245
-756312102
-284727988
1101562079
-1805317756
-1679479214
-974844221
65517520
-1501975360
-2115344188
49194983
596922150
251190329
704330215
1112497309
-490639106
-1067577786
-231569617
698720590
1231242750
532316866
1811738226
303477171
-687968875
690524159
21217742
-400905998
-1264568697
1257392889
653352393
879331054
906189736
1618869966
1575108025
-1625114918
-1665316633
-1874450579
-1230474651
1036905231
-1819530098
-766909554
-1161994516
1735221792
-358721337
-1715596831
-786964507
-1127814870
-1271940767
76975497
450576583
1066020719
-211656236
1090665931
-1321884789
1045446438
-637307006
-1284772606
1439350415
517549964
-717358017
708647638
1701975229
-1733663682
-380551917
-423674451
-270660628
1098968522
-1585911490
-146069664
-1607236219
-1204756606
-275704453
-977436366
-386933399
-1430016364
249606025
-2128440579
318075666
657780311
-350673434
1241172397
846536952
1817050599
-935180323
-1734561550
250431029
-283739405
1312137667
-61844431
333268587
-1168601643
-1967335044
185285307
-531192859
1041588962
-1667575996
-1804373184
-494725124
901211395
805275307
172188293
466177467
1922370948
-1369236511
-1416672939
414196422
506486059
1891911987
-1559710284
-549809545
-909356404
-1744092971
-1318366374
91533129
1353904539
-1541808414
-1610494113
-628339079
-182734718
-216107104
-85408974
89541098
239820213
5162503
312531663
-842302392
1183044418
1199881859
266381872
1914100592
-1981084819
-359708168
-1096161788
226514191
-101291396
-1583010553
1437397918
1041650056
610292174
-1299669105
-801045456
-2018377445
1585139762
-171026314
-756666568
2115032899
253199221
-1348267607
-1750450119
-1233135522
1197735740
-845756320
270543790
-96756333
-947958508
363150758
-2128257221
-411946257
990337479
-534283496
145711397
1040331729
2116707313
-19767316
579826436
1088735624
1237303250
-1566410187
-1245631561
-2082049990
101221476
433434724
62143639
-114514425
1428518319
-1843953903
-45034002
1229252717
1498464348
571264763
-1183228246
1163633645
-725656952
-189225139
-1245482163
1275066863
452402651
-922533853
122511399
-1614577438
-761008424
339818827
-30111033
844325543
-1127774859
3209551
-41648466
681213231
-272323858
2143320243
1656590662
592603490
461373653
-1571947142
1988972818
224627778
-1126324882
-1220900113
591541285
617780816
1938049337
1405946273
-400082472
368842030
-1706849841
-1076794450
2055959479
700775301
-1979406863
307188036
956606907
-1334754520
-1643520291
-2090339995
-222589506
1514147193
-944629021
1394821865
780349994
385803787
-1254384328
-1963925047
-1419462668
1153174408
-883300598
-1054831463
291727304
1977213653
1377834452
-1763961258
-187913595
1447295091
-1409133837
-1569539998
1537905900
1218982952
2126915704
-715935541
-886637933
765272798
-1151152322
-1356498733
-1659356129
-2117567798
407882303
-96772180
-1949285199
463945168
449930019
-1450996350
1188653728
1875582501
1287117849
1227076287
-1244387479
1769408821
-570463510
1503324042
-1167861021
-1078002489
839668043
-1247576177
-1505227338
-890402209
-937449870
-1518873083
-895293683
1832103139
1935058411
-1698081300
138725770
-1160915839
-380659797
1609122455
-639612038
-351056689
-1666407067
781649001
529071690
1536385331
-2090979044
266337763
-502089416
1387651972
-2061270791
-1028051747
739138381
-561317647
-1505110947
1656429587
8140937
-254783199
-1298188742
401402083
-467949984
1626352540
-435183458
873685332
-1866310811
438357865
1488471440
-2050654630
1771935300
-1525589769
1688604959
366460503
2129281014
-872742336
-1053706057
2093229029
785415471
196888875
742190006
197975250
987915033
1058379825
-2118551234
-185346709
-175848633
-1200270013
2132574028
-1111376899
-1551613212
1027308267
-538118391
-1350879080
1938305322
-650436687
1404973664
-1140105962
1379389722
-1128099905
702291664
-841576101
771623529
-1596400441
-1393008254
-1843822627
-341658183
-18216924
-1769693027
632014438
-860882936
-1593234625
-547910183
1261858584
2098028909
813842996
1996457554
-462785103
2107753216
-672432972
503241630
-1111237360
2036854810
1451243820
509286945
-1976952584
7462590
-225571289
-626401121
1770442771
-1676092586
576620016
-346350318
-8897992
-1739537503
-57773958
-1649818947
-170615056
-755008277
611184516
1285115264
-1912031178
1922636159
-216882952
-67656082
1689451902
1414816090
-1267233900
1824538012
-797304072
122860065
2006757835
985034043
-532866795
810642003
-749572371
1910143465
1101002825
-1742056510
763036293
12436547
-1612724974
30130495
978251265
-537919554
-268081095
967332756
584517784
805864119
-1019300008
-601253450
-946246296
-1133771833
-23492197
-1045430213
77899742
-1574938532
685036746
945669129
2029437530
-2063267707
129504902
-1919820721
-1024189679
199281676
916557266
1842548665
813441845
-366918455
738199765
1362798815
-1184338860
-1104442827
1131760349
930184701
-1859868675
-2114889155
-1834332505
139018217
1708424616
1382548312
-810620707
-534297535
1533434583
1455119323
1699909343
-1324007709
893428088
-1830266229
75253190
-174088542
-735520627
1209017459
-580649563
-1326415563
-170212594
411935736
15719697
-888049038
-356548339
-1276838614
-845397789
-1607636292
177413915
675640156
1417507899
-1454391110
80295914
-1043622922
777413832
-1011613111
-1821930445
1413134985
-1498425529
1149626547
-1860717351
-138264029
-1752178615
-1456481248
1537168206
1171519460
-198597320
-213271988
-989830090
1968612049
1071229339
841012346
-2055628727
-556223257
-113038184
770529448
834197373
1326741875
195517114
-648504829
-1726983581
-1856482144
1524062197
272297117
832619984
159049809
1957586406
632227932
-764291904
1730949680
-569267618
-217831627
-2019845000
535951111
-1790485983
200757914
1228072682
-1288761522
-2008069142
-1238395856
-321151140
-646289148
1879259058
2038431173
-772051638
-813444414
-798677455
-13779839
-1279223413
1779557388
-1612262236
1604823898
1221566899
-1652189462
584913105
-2097145651
413932985
-2063243593
-100773560
1615901642
1226300376
-1254422472
-621015574
1849414639
1408063161
296488687
1295686830
-1438805767
917039569
1399264177
2057541282
548560247
36071432
-1455148938
1506478384
-1415571265
-514918245
512812399
1533015971
-1112945626
47013442
-504579234
1298460904
6653802
-90370924
-862111967
1261813144
-2066804621
2125115306
804582030
-1909757387
1762220603
201525763
-1949110650
-2013253197
-2092173559
1651985575
1409053252
1646857274
-1510409756
-1720955506
-748352522
1416816170
-274007225
1006387265
-509770098
227394399
-892193520
-1561799487
-388241191
-233811275
1853024702
307617960
1738265039
1445115342
-66680101
-970787186
-117979603
598180114
-1868279113
-2076405842
668025665
-156878857
-1867692714
-693916728
468101892
2083178882
411225259
829754184
441671021
1895944460
1099850757
-500734042
-35155197
-1510891703
-195819832
919227920
747293876
-628338810
1706055264
1015382087
783609061
2125950257
1778297715
1311965126
1245138378
-1312166498
1005749845
1558980392
1263560950
1558807048
-1582099776
-150702646
-1013324747
-1990425131
-394349884
208859567
1326061465
320212253
-1727544068
-464174172
289366226
1477826412
471538178
-1538920028
1507645379
1317939911
-1959539420
-772711555
-886753199
-1973560595
1386706007
-538223182
595203453
-1098055458
105962347
-897466717
-432887372
-2057361760
894353024
375769579
597612645
158722880
953104312
-607535607
-264227628
682320663
-197667795
-2093682623
831267373
-168052658
2105902117
807127748
271016156
-11939933
1522457220
-1502148338
-37970661
1447228780
-804892799
-2040015217
76862156
1029822172
-125732196
-1448299635
1378982536
860965764
-1641711665
210060360
966177783
1542697756
-121115645
618753630
1995530593
1868295043
1591172293
-1315280783
1377921157
542188292
689229625
-1774542842
1905314985
-1782117669
1909711438
549689776
805606898
558378487
1055250483
1546596205
400701941
-672632832
245842697
-1235496625
-1710589555
1748105370
-1544599335
149531742
388220910
1172246251
1964683975
-326575172
490442490
-1604867749
-279168121
1939277834
575071443
722580890
605999376
-303228662
-1417640271
1667194086
-1176650352
44293509
1932209396
371640462
-1750996065
933285231
-954430340
-1783420239
-1450001994
1210731080
-1410950856
2089226059
-251916062
1976893892
-1078338051
1913928049
1779610292
806508205
-294322792
431853787
-119868805
281146376
-1560104667
-674503773
-1004188235
-1381568906
-1301751902
591822924
483891137
834869213
134245054
-1423119355
804302041
211904839
2037869815
698300717
1713365056
1656923913
-910482205
-1672035815
195598775
-940727513
83507661
128535573
-371337676
1280754167
450069891
1953289897
403210198
245933315
398438253
-1850565860
-549007086
-2127421388
420537569
498335805
-81643726
-300163797
549798582
-843807136
1518102528
-1211477774
756925462
-146280537
1363910334
1840703443
1689569944
1587292290
-1498860456
1297451912
267162510
-1453673352
1127548636
-934680684
1564421786
1957536550
1560503337
1870794735
1149159815
-1691332216
-1351455770
1409445352
246310229
89422711
-1583407946
-729213113
839403669
1615356274
-1258192727
-1729301583
88654583
1156777632
1648012533
2071942224
-811002335
-295187691
-745109275
-1946361422
-2057332799
1568859732
242126864
-1996160015
3629285
846497300
-440794162
-488822508
975380105
622368070
65748968
-155742795
1372837745
-1504350377
-268360050
-83137565
1486207801
664535986
-726739059
1980150857
-767406422
-565695096
535504576
-587221617
-1120368306
-1354218541
-1604549177
-1722853888
239122501
-1604377193
1546474743
2053292908
72039002
-1748744598
-182464623
274578767
525756752
-48660681
2004354869
1687477554
-38189950
-1612273858
264610456
-2017885871
-522866518
205994334
1845384052
-553173635
655253760
-1636398698
-571131968
-2074282429
34192774
1705725641
357210657
1596590670
118250146
1987806401
-659372641
1740254729
-1328884244
688777845
1294590107
1106304392
1606167625
-403791730
-1466563840
-1573943128
83025208
1840294951
263715769
-1120936588
756313963
1641963988
-2007074462
-62008118
711731865
1029111013
-1244231103
-648846019
1334778514
-883431700
-2049988745
-913178563
-2066436205
-749440133
1687732082
-1909179019
-1823961125
-794356686
335475621
-915122060
-1393594754
-1269610248
-546439813
-200645489
2105670520
-1564487545
-578982264
1978620676
895369476
1472519470
-367706111
-675256478
-341769682
1055019474
1745315182
-2132797912
-1721897305
-2010232011
-56404323
-399947348
403095512
1154251130
-425474855
1273108798
-1786866887
1405292008
1260777308
534445709
173544930
436879597
-1973597439
948499784
1871861089
1660925030
162361661
95383816
-770618930
-1724434915
-1124103600
-921088660
1615621405
-818501997
1690805943
-600957819
729740211
-733804546
-192824348
-1406961803
1716156987
524351892
-575326160
-564120238
1484143801
-2129976566
956916240
-140399537
1199712990
-456829865
-1729890682
919691549
124153246
2145082813
179223259
175884430
1800221183
-1866013687
-1267206774
1941897084
480103732
-1951943400
258802303
-980247320
-2071097878
2054054045
-336759167
-642252187
316395232
-1945036510
-722958869
263507638
-1197203779
-1086381748
-1524784478
472864438
1904906525
830949730
-51083966
-501266312
221482220
-1742061297
36705690
-1312629586
-2009486345
2082062695
1594025562
1835743822
1810464704
-80620761
-1153222646
809037938
942952337
-1916160704
65517374
1091283583
2026382291
-443668586
1372940808
-629767543
374125215
-1318117884
1687847085
-1044605450
-861273707
1988566947
-1489437286
-789594016
-1741238036
-813509044
-2135912
-1517969216
-486923318
393450074
513605950
592792776
1376549334
-1570781516
771892391
-1640868209
786075146
1234223370
980736613
1484785779
-2116768051
-607313315
353156277
-714998982
1496515392
1453579205
340307955
-539137414
1210601944
367244142
-1021043376
1603332923
-1637737428
228038115
624469185
1172203738
-162651121
-643811442
-1074496966
1438485551
-1618301471
-393753985
-1799560676
-215289614
-882371550
1035258988
-648576789
-678769318
-1061715897
1978478840
-1435733437
-1264848890
1401674960
-1603572680
-1969333492
-771606496
1515148442
-1562697358
248834796
1212017599
1558246257
-945063385
556368125
156733581
-1718404119
-1870567085
1051518911
-1310840151
538822253
1114922738
-1405592496
-1907358258
-383697512
-211537978
-219458342
669281460
-889304125
1063204183
-652559797
2049897142
531975646
-1761875397
1200458059
-8703052
344842115
737773207
405671530
-2041958854
-2136828856
-2068881179
437662105
491297761
-463572396
1493898999
-900692772
-693638155
-826342860
2035925818
1880033852
372884568
1594296303
-1877425601
-1045175039
424160421
1337669975
-925971337
-1256756704
1512228759
-612137567
-21600194
339362802
-302268756
-1558134216
-1961953254
1196006695
2016756741
1582289101
477751619
415663865
1693109904
-1116695886
-216152474
402722467
-879791000
945306984
950088357
1814738452
1143801723
756802678
-72609566
508249056
-1536829332
1360612476
750607165
94248566
-1357560901
206658439
705195738
-141711720
1351183651
1955117733
1240780775
-1243265785
-1139618493
-1478984516
67611101
1512710013
1011643776
-1230905705
-156332027
-409622305
-2142622167
-260737983
-103333315
-315850574
-1022897445
-1615898730
-1699186181
438261199
440897830
1099901974
-252968046
-1354055598
750972272
1571556348
1748674484
1552303832
1332523545
-451825010
1367255351
1455555304
-994038561
-1470793802
1208605468
-681807
1643929220
29814994
1950913228
-86346251
-353369938
1590250184
-1339360605
-711553979
-538606067
1319088476
-1837987662
-417596818
-2138277694
650663877
1939447232
-1907009229
1286593279
-89721220
-437809006
-1350721733
375352810
2130235991
-1432114836
1048432717
-1288961338
-1231445802
2088620503
2082073530
-780846508
-960373315
-1418986333
-1705390567
1573475958
-1302567454
1554483759
171047481
289276438
-1214616760
-1436144409
1010531667
783496005
-1379264917
-23195123
260661887
-2141221978
-1394251555
48059068
664627561
1394072333
-241945327
-919015126
-2073758652
1606002786
-524992650
1473766957
-935173891
1463477451
573562055
904069888
-675921484
-1990251254
1964024225
-1242911930
-545314713
-214614749
1678309205
2069867342
943585776
-544900543
-1164793345
-1630753129
756546609
1115993817
896910295
592583319
-324070516
-1716742897
-1501541946
1874743736
610001817
2060266329
-1205555908
-1162304862
740083474
679595873
-743635136
-468359233
-1452813550
-1603458256
-520195896
-506586373
121461118
926875784
-1161229238
-1920966197
-1514430781
700989072
716608658
1543722353
-1169443135
-1484239434
133334230
-70087811
1049279750
-60246576
-192664057
1694671510
781311039
1124762244
346312041
-160737414
-1703749398
-1319433750
-1413679003
2079286850
-1981410480
1146878319
-1772359267
-1718961174
1870804146
-1738224388
1011661633
173259793
1772420034
-958262186
-2087650656
1646567164
95935572
-2080822585
155386113
-932303904
-839752107
-1547877122
165121460
855987040
-177756165
34404659
-604955293
-2066649516
-917831874
1073587598
826825389
643376331
-1406398842
1210865865
-850230283
25706835
-1078933339
1453465875
1921505910
-1897335689
-1370503162
-1015814857
716795546
-315667320
1610376487
-685495299
369548684
-459414112
-1646706620
-280005168
-1141255157
-1699277341
-1994575276
-2020471648
-1403622783
2015238664
1268898104
-803181047
-1634947501
-20969961
-61721806
930722741
1353247866
-1315668365
2049113491
825073150
509972818
-1513980645
346409656
-148495146
-1344622158
1324721964
-2065497290
-1887522070
-1837854404
-898304342
-1154070956
-185503995
-6571531
-1907114881
-760488519
1837447090
1208908055
1881292482
1997879398
1487746341
714396966
1897101117
-738877211
-1514855077
-172666560
1759622697
-959995198
-1285306752
2007110073
1293167931
1378800442
879690640
50017767
2078516963
-391057102
1609811775
-612598983
-1323504174
-3370902
-606234339
813268366
1950591165
-688733198
2135451893
-177395517
975220321
-1941144612
-156685194
-803852402
-1122822714
-2104784334
288371477
1893964681
1462470342
-91061462
-928885711
-888026479
1401786064
1220406424
152329079
654929233
571145705
-1689489245
-1631168633
681007897
1151963124
889915323
605204183
-458404108
1661167154
-666546742
440344280
-1530338824
-1619585781
-515279191
-1271133866
706696927
-1910224370
-254634539
339784740
763497174
-1040298443
-1398592158
-1963368713
-1814519915
151906413
-490391505
-1561963630
-951373137
714105942
-1853611174
-1428597725
-603441622
1345962311
-24614154
-378467348
1916190290
-2084811372
432262651
1867015718
-1906353974
-1558695406
274222461
-2004226271
597868771
1968812507
-812422367
1727374255
-1732836048
-1231740338
-1682285877
-1251355965
-820448679
-514072743
284892060
870708564
-597108945
-1915371526
1637985307
956866695
-976816639
-1755394302
1525665201
1652028940
-982173907
21056539
1290341210
-625592633
1766387961
908081421
-129239143
1322933171
-1244604253
-1406732484
-334703188
62839043
1270902966
-430524044
-2144001535
-558436471
-999061346
-242037271
-766595608
-1141034917
1550950782
-694614920
-1229438327
185865907
-385725375
-1994148557
-1783824617
2038160407
-1386162961
-465097956
833021509
-189863239
774819649
-1930135761
-1571270919
-1618439648
-1280681866
-1448611931
-1694553025
-2091916794
-299490713
1374281591
-946839424
-203763836
-1584489511
1034693152
-1989636110
1591478380
1839778322
1811408807
890447442
-1028646667
-1637046354
1309293788
-1366326319
1730463645
1671830706
540013537
-1685617333
-452998325
774169569
-526149397
-1972773954
-1380433997
477425998
782901066
1166927609
1579711486
245247538
-177843546
-374470765
1530146729
-251421185
1318819978
1247845406
-793187924
795295924
1981597222
889658781
-673354273
-1147582861
-282325424
1848512306
-1674150759
749627472
1574783948
-36719333
92139674
-855475605
-807654452
-543766817
268654378
-469136576
-972292935
1146982595
1456170625
-1505549251
-879811277
-990300029
-1043990935
1321762708
-1826584746
-1423435458
383278881
1680328530
-1047964609
2004183729
-1074503036
-892620368
-811461682
693348264
1095893866
1531973289
-537533268
1557292976
191164238
1612257996
1611348111
-697589743
-494117327
-594760877
-1278897988
-1934655494
2097581245
1588168563
-1635254579
408247294
345978028
2057994997
1241017780
-794075969
-14506134
-450351611
-1715472641
-742005528
1427468025
1946496585
1587857501
443212384
-875914988
2124322101
639524192
1053064891
485560471
326813597
239931780
1034543860
877832477
172411531
-1387639185
-1677458855
1527103722
-174388910
-1101604230
-1749049146
1341955339
-1912739614
-1413411985
1964836885
-1360272453
539737182
-105586284
1363222740
-768354039
1762717419
415518440
-520953287
151929270
-1017350453
-820629844
296439122
855445603
-1705122391
-1995525852
47015808
-1567342357
1296280117
-701743202
1346299941
1182500365
1912821491
-1191174989
905022876
371895630
830407248
1641694412
-394769047
1521343773
337122294
1328829159
1220727729
-1058205385
1745949536
-1923125861
1003292140
-188450483
-1490728016
347439193
-1044939560
2029100515
802576576
-1026669324
-174511696
1370713978
-430116490
-1807949470
1739168413
356099057
304841564
291708356
2036765293
-538835417
348549999
238253731
776923010
956865509
2124355638
713789308
519560716
35243515
-69484266
-211498626
920744314
1390657192
-1765253404
615580305
-1564393171
-1911088578
-1253006917
-1533689702
-868019090
-977523194
-341991408
857230589
-1665586782
-1554153120
2097044227
158434403
556123324
-1056592593
-18631689
1516789436
1655353586
-1456386701
-1389516956
-1384221817
503490994
1656482102
1418780907
-911606192
1987305175
2094593196
1421409450
1980573562
-1142290409
1553486229
-1052964399
-405629634
-2082882624
461894118
-1950277003
-1336702733
1081474211
2080014503
1811492004
1445727375
-52677808
1570059550
-923920200
723907693
778700419
574960685
-1423429392
539736400
-1766603043
-1428216840
-25801156
1275096743
-439787050
-240003638
2100495959
294279442
1155731442
-360764871
862332699
-1823348444
-1116851662
-1327721593
-550366448
-1280369046
-754576691
1378802251
-1562258619
-801401172
-680821473
-1383397297
-1394216349
-1010840206
-381067039
604020156
677082366
1479954377
281277594
-1250986892
110723886
182970438
447941461
-615647809
-453535906
-212859061
876581268
300582440
1925662307
1655237512
-1750637180
-1006810199
-1751518000
-772583739
124386929
-770854395
312216967
1464179421
1112774523
2038518133
374640019
-848631027
-536620662
341842822
1236334901
1251630446
770179199
1429467713
-1254945220
1754495168
795908011
-265810548
714524569
838117992
80505220
1710150351
731678258
-2106777413
-655642987
339411673
-754158858
163284348
1832388534
620978693
-1228575183
1887394979
