-1984958494
2137377664
685283353
300155167
806310107
-145823688
-1444928932
465982359
1417535967
-75477033
234726475
1226463934
837706168
924737013
-1542800278
-1538976889
-77240352
-1788225650
-998121259
1449699821
-689695383
-1127607272
-1943415603
-72738265
30568481
1529357270
1891922546
-208457446
437373937
-1381660818
-952513326
363831311
1719789189
-1420931911
1657073186
154867622
155818289
1947182298
288863818
-1046372855
-539081454
1211713425
-1514168922
1609733219
1993563508
442578897
1240293386
-1233510509
-2077379469
1525071247
-128068601
-1631852516
1485598180
-1832212260
-444435860
642082144
1345567861
-1067437515
-2048110065
-1417861106
-1893479150
-1128592358
778345420
1811404759
-249002870
-1577813540
-1790330162
-919414681
-1502284942
-1314226245
-430387955
-501233261
824681545
1706655791
-2038491113
-1091873074
2118330332
-2073961850
-54032878
-1810036255
1735951339
2047893166
-466325760
-371911462
-1328060403
655993428
9843268
1187530565
1481788624
1545978669
41116774
1542038169
-79503068
-1643478382
-1407216366
1219772917
33384952
2124981842
-1603669658
268405003
-515377115
-45573437
1780303469
-1787638180
-277571445
1664176666
1193224165
-884149083
1160503929
-234570500
-90947768
445097881
-890795950
1309849684
-1421080822
2074423247
-1309487508
-1064532890
1863743006
1475547645
348195899
2039486756
751460286
-1057297050
-1530356818
-1314657344
-1913943189
696143249
370334424
-1833895550
-1437873869
-672046277
949494739
-485348389
1274185266
1093916813
1602805473
-1758631495
1145742682
1250309265
890442451
1350298140
1968087158
-1095925278
1749424045
-517170200
1449604459
-1558303581
-1465102454
-1293633795
-852417599
1512197041
709691837
1255131780
-492650911
-578893540
-481889223
-2039358325
-447588960
-849469998
-329924814
-658280748
-433406597
2021561501
-576989437
524844266
-1377078236
-2146613169
-1020045230
1213253492
-1817826115
-629780166
-677928335
933298381
1195623010
382437
-1221907449
849981139
993449837
834466557
1043561967
-899033602
-299719436
2037952138
-471893921
879280564
-1130316138
431516258
-1215674804
1595112924
-189215113
909412833
1538237197
-1384131151
-1136030328
340606681
-1976805826
610266072
-1714258933
644133319
296749543
990822323
2013404758
1454831944
1928584924
1498362871
946127318
-1737124661
-1885641882
31222395
80481878
-2146214266
1658572834
-1937536685
-1178081407
-1861670739
-950030551
1030503709
-217226587
-1893041695
-1935978128
733383834
1831916729
-1490739994
-500648334
1290391936
-756794207
-734169191
-1610102261
-1239815539
1731956143
-469443296
-1995826009
-1536886049
-695427475
-1427746973
260012443
-1514321278
1419296665
-382114886
-978649134
-1642587062
-586530960
2136096486
-1042374484
-850162461
993025327
-1962877883
1133848866
615698214
-2088210218
23139393
-1581172435
2029083053
-45397202
536876553
1829358952
-1797072471
2015498765
1869826179
286473971
429850354
-1835655976
46646913
-1736581733
26572127
755209546
-1846482382
1714522167
-1529372841
-753999757
617585626
1042278228
1001055656
924390402
1473468357
1042099732
441430167
1613757382
500244345
-150370990
-1693032905
398095217
62638634
-1652325110
-744699394
-1326835553
-710121358
-637640712
-1935394412
-318269162
-2141147327
-1868782210
1519960814
-2059460273
-1035952623
-1545945654
1423998875
-1998147787
-1034169250
941786168
-2070273699
244337963
-1243461035
-65821708
1305983995
-1160349356
346251467
-136144157
2044450901
-370066163
1717140592
267028163
581706937
755415230
-868769724
-911466352
565073524
-1575868462
663862088
-1321825751
825823402
292069635
651140473
-1919102413
625730666
-829221158
-798636039
535122493
1195294204
-5677962
126782607
-1894888667
1550472061
248656523
1664168017
-1483381831
1708157101
-783769427
-603191905
1537600928
-1836025
243736270
-552488621
1156322427
318681362
-46312699
859377462
2018073414
1880230903
2059233168
-1845335627
-1735848956
116937298
-254132964
1995176148
1979284891
-1246616244
1308622147
1597693025
-2017897476
-1357174551
669307221
-937622163
1725308550
628182174
583516506
-1334066440
223082668
380602662
1376780119
891151851
-1177808684
-1216993387
1266623184
875802698
-416663166
1112008109
-1471342450
1616249769
296741045
-1249604753
1202506402
497386207
-6993519
-268515851
-1331379031
894278393
-1027128259
1536449406
-837330864
1467656049
-1423204338
-66253622
327812634
2031199648
1073914852
-403327064
200552032
-60085392
387438804
1584565964
-774287719
-633694891
-412495097
1633450726
-378319141
1961205629
-1928649503
-743769873
519414690
-1541415355
1266475109
174918085
473581519
-874460689
-2065347881
-945223942
1588974322
1610764690
1300997794
329543912
-1868550197
675359057
-701745284
127011336
1259583245
2117552079
457565383
-1649028221
985444966
-612612382
-1112203718
334741257
298814395
-1734435962
1745217216
-2018039326
-1331942216
560191763
-702469729
-1435601598
1316573831
-17992782
144162269
-709406752
120248798
-2143111667
-1810908194
1124959433
563234623
77061701
1853819217
-1248369808
1269370747
-1279945176
1361592141
-892857078
1236821111
-144491869
1576881846
1229026072
-1682273742
803841653
1935509221
-639356091
269350918
-1125419995
-1604656505
1721138289
1315097133
-1775572170
-938688827
37107981
223299462
-727380840
1647599781
1856879273
-662667367
-420711840
-1126568785
-1770618166
1229472984
-484051269
1674491091
926893312
395970343
-659270112
-1167327094
2032629304
-90418530
-88129340
531870522
-1034683058
1980561037
2123730771
-2023066402
382064870
957487296
-1934520612
-1843838746
697618044
-336414461
1411487756
1147043675
-1405258056
1221945576
1300653470
1507134534
-1278002426
944520135
-671359470
1129959762
1608259686
-1050594555
1582843036
-2116102736
-2069546112
-834229607
427361631
-1199249350
-2143499782
-1224504884
-1139568422
1621313498
-1221694194
-626312129
15989410
49737261
1910862166
976074546
1291472721
-1599512478
-26177558
1976307458
-1513957954
393816680
1905308844
-201170701
-470503571
-1270060984
381507041
-1904208592
-1208644535
1763181006
1449013508
1674820879
947414416
-1400079249
1831043286
1526731160
-548899826
-2052880538
-329056071
1166267975
554751373
-1455970785
1659982142
615949329
-202074741
2122423513
1431605756
-185016156
1439829293
-554859642
2091271331
341140979
558354036
544449269
440913232
924294641
-1623159122
2109702194
-1662114782
1002509980
1429128238
-281953748
1052675084
-1393176004
-1653085378
-1720738408
629105388
2074531820
-619010476
-738356459
-1300406564
1513539673
1117400452
-1836069999
2029440200
181172937
-1544765130
1888407274
-186407871
331605599
-1294855144
1711526104
-502627185
1433263004
-2016288683
301658121
-1715474676
1616073257
2071075846
-1230519411
1437487791
-1556525357
-1036549911
1367005812
-1529168665
1349428693
-101033136
1528631733
-553434199
1924996445
54842459
-1959795631
1588690124
401323081
1527720809
-1207952969
-986933612
-1051193039
-1249799477
1967814250
1511777675
-1089905239
-794123334
889737952
-1536951401
-2030104121
-2120966773
1278491821
-539648951
362968034
2115167264
-1445657120
-991485326
-2056662883
-1388023391
983557805
-635032836
791195427
526331756
-1251437237
-208103178
712541619
-1373410743
-559908833
-1474214160
307868254
-1584015902
-1852549606
23984520
-1377518577
730977137
254421342
-180787388
-203415604
-1213403205
433518631
-670733917
-1030803910
-1224750020
1335810024
-820073618
1196604774
-134748253
1802469044
-1023645613
737981122
-1265043072
-1320679713
-1188818509
776186221
885773627
-1163474715
652340410
1221867702
1237583943
1021341577
1772420528
1364303586
-1838897256
-1215190463
1608373390
728749101
-1440743342
1619993041
858066644
-76723698
1398087618
583897909
-345529703
701684415
-957782383
1224094915
-668711197
1673833724
1946917686
16370065
1369869624
-426307574
938553260
2117535507
-1377730444
1862702074
-181031323
837759241
2085936349
-1264393682
814711421
-1743908969
2139436404
-722462180
604802867
251175861
1245747853
-541411758
1983662740
1583889865
-1737583198
-2091500103
1188319096
428726929
935562851
-734051043
-1716020558
907274822
-1180898032
1277002988
-753408126
-1303190018
-439579125
1487603517
652992334
1265588049
-2089854296
1741795860
-1167322991
1180579391
575937352
195080676
452190483
-2026454704
171234981
449808468
1774382938
1594307581
-698985874
563921733
-1292986528
-69992626
-515471082
-684548076
-828731771
-2034276156
-424924952
-308535524
-1853175098
600945528
-442077090
-1980150914
344992047
62404483
-1503790157
407485219
1282705294
-61600864
1985763255
1578142466
-719174295
-11066096
-230068767
-1987748962
-1374789583
-1061613123
-1777656406
607785426
581672630
-809848670
1865717528
-262840368
1528856542
-826110871
-1502066024
-1157735834
786489489
-1093551019
-1398242800
-2053792125
392662263
82538338
201324341
1176292090
1281044709
-658012759
539818777
502616709
-1758635116
-1094001655
204407559
-1054086645
-1309046125
29765124
96448146
-535423195
-1487572994
1839641062
-1476551957
2103157470
-1239226384
-783166677
866162547
-69339974
2022134069
-1382568158
123998097
1720424953
791887172
2008954829
-657605180
-1873904356
90221419
-1579081461
1229192187
-2144890456
1167934284
1082194936
-288864988
-2056062935
-556187001
1432233108
803191810
-428089735
1267405240
442656162
-528692413
-2143838142
625128611
-702122286
794440401
-982258752
487033262
-321996511
-1989601688
1044115147
395185295
-976431744
-654778008
569692180
586846277
1741300147
962139115
-1745749842
1841374283
567865212
2065845530
122024400
1384257803
1783179768
-631953732
530373337
-1496983664
442426695
324187663
-1506165869
1769078912
284148850
-1348745765
-738183493
-1929574840
-422159991
1551965635
940073152
939832984
-42408948
1707109085
-1512915253
2017421074
-1416425076
-642867835
51294719
-16336579
1833477264
1430900846
-1622813951
1060514239
-1400822340
966397177
-1276968518
-922296629
1139475247
-362184503
1429482843
1563781592
1007075885
1439824023
1500649633
743796883
1149314814
497464386
-372662694
-1929219819
254637845
1553917993
-1223280089
316413272
1398749555
-896106563
1354094978
-63976985
-495642291
1786770769
1272592642
-65500204
-1084436756
2063291187
-1254338083
1173955055
-1527631148
-181161472
1650105263
-1396427468
1083825960
-303708108
-625793415
-1748435835
-1315306676
-276340992
-1191784213
1727164312
-1866838581
1001439328
272834277
-1127074510
-119664517
2053534316
-700156869
-1800421227
1054474975
-118303763
-654657608
1365725750
1593394892
1290038835
-369712539
1181470642
-1480879282
599724068
-1182384374
167356163
-40850997
-1170536808
782982645
95957230
-923567767
-137427484
-1256259335
-857061697
1770624173
1643550900
491848633
1143340856
-65938076
-9426914
-477920218
1503053510
-1741190459
600502515
1729482565
491538166
-2062750249
-665945513
839570997
1514918182
-2126276592
-439721581
-1760333968
977354879
1164822590
745967401
-769333167
168265506
619659690
418982184
1898490581
1678793377
-738070150
1361630914
265943973
171291568
815072855
-1384699621
-1615653805
-1174989541
-1357685169
-698860189
1260068324
-1613771269
361262843
1421470758
102420366
-1888310492
1030294500
317594082
-1762282046
1384827873
146255650
-2054095655
442656107
-1385656861
-661510074
1663921192
301735800
-738409355
196138361
-1292989415
-64182120
284405492
691915492
1607429044
1668634948
669278846
-773026733
-1951504485
-1679119870
1235262185
-1264501484
-843880937
-383402010
1107044087
260074021
-422231955
690208092
1210213319
-1741761907
1731980662
163765029
-1325171827
-2137337334
889340270
722046367
-976594043
387928555
-374122741
-798737848
2045220132
-1016437697
-317917743
449462660
1816960656
-879760081
38898084
1837326494
-113891758
-262996312
1862893470
324186124
-1935970742
53922364
-809690077
2052899318
2084823523
-1231925942
1177361969
779265273
-2099029114
233839451
-1373518852
-473706713
1185992019
-1514804529
-2024995655
1939158354
-588103410
178636728
-315223110
834409098
-466328745
914690309
1190232250
-796974109
-141357538
223585250
-523597446
2036948091
-103053740
406837599
-952668020
1891980730
245915878
1328167503
1975250286
-1490485285
1159873254
1096158578
184158681
-319990101
-1425018613
2014454742
375586907
-152691055
445866587
1157072761
-251727837
912911821
-258422234
-149819341
853244443
1627063812
-2133340874
2032149202
-685860036
-639254021
-1919527357
-849830266
851204124
2050071459
-127943252
-1962853249
178458059
764284501
-187025308
636397012
-283411488
-978003619
454017578
971686822
-128525362
1162831548
438236924
-1840280187
351705467
-1073391063
-2103734323
320199185
603881747
322341977
539850357
-898755100
-111446504
-96274816
-814177048
854787247
1815480253
-295218666
1195852714
1558507683
2045343348
1969058014
1033026434
1121840145
82640581
-681864925
-241193363
-766113452
2105965921
217985604
-282326059
609791214
-537214857
878456179
-1024609278
1698323952
-1973347771
708646585
-107782448
-47138657
-259716879
1835412028
-1218397790
-1784387756
-1348860008
645024196
1251602582
-1573960285
-751641433
-1024602501
-1920854278
-1900604993
-1305544342
-1095290124
-1326243075
-1338552291
-362430750
-147728018
97349801
-1982642858
100711386
-1192725928
-1394081776
-34395567
-353159108
-435108072
1242161861
431881889
-1659985504
1664806151
839421070
1920179499
723037477
-208526144
1169029975
-1908345077
4276868
-407508582
767879784
-1218275145
-1029471135
1301673330
-673676070
1862786405
1985907172
-2061222739
2048412487
-1347717974
-1333289592
1499211388
-1901584192
1656495715
922817842
-1622243998
-558910717
364560600
-950134907
1238766579
184267245
-1247724259
-928193932
1083210205
-432633299
649569723
394684184
-940303060
1122342714
422820752
-1302638909
387662793
-1733099386
-900147981
-354173612
-899593917
-1738820109
613192475
-1709677364
813100241
-1625538682
959908289
728808993
912194455
552490074
-1819591422
-1014269102
-1240147160
-275485482
-1111549558
992183995
-1481459637
-1970289630
1091062511
-1568332886
-1241162238
-454001450
-836397990
-656669647
-908592953
-1061757708
1586663276
-554932163
-1826469352
-1887972072
1744696670
-1420387865
15208502
-731494675
2054739562
-1197122807
272672296
537247459
1213686633
1885149204
-1125507066
-1327327970
2065837501
860550177
171665267
-1980323407
1434517872
-1682963899
-1233314710
-702468085
-722027107
-757710808
-588693954
-611631695
1373097742
1717708248
-2146574117
-1455812563
-430231258
-74653990
525300305
1470840389
-1186981631
-325025662
1259033747
-362395536
-1820283175
953209220
-610021509
254950533
2100066731
-48204086
2093653776
-2024447819
-234135271
-945055353
-1477467637
-1825564229
760506769
-1431414133
-1290965864
1340309585
315723439
-1020352807
207995737
1556568549
-42180640
-2053750410
610026159
175794316
-1103805625
973280899
1958590011
-1298971081
49382115
-1612633202
-593042270
78069540
1171949552
1170391332
-2111450224
650108822
-157620082
614496682
853329919
-2085672761
1690053536
-168519316
-207714631
1144889629
-1027447050
1472312310
-126904037
1747760028
-2065622098
-2117707102
-2100258277
-1531243876
636941527
1227137138
1341247371
-285208133
-1472967594
-1126332641
61903774
1951279892
-1096115699
1659742577
-868003157
-1189338192
-1606340295
1020901073
-847175375
1526170428
-445779941
1078891548
1979592218
721048316
920045018
-161335879
-200895165
-546744321
-706006361
-415267091
-1726654916
-1010877292
1741891106
1507390061
536703820
-1715708676
-922558469
-1797103564
-925401929
1129982816
-761678116
554482839
-433714110
-134455547
-861148794
-913679211
1556608246
1445552829
401989178
277140339
1417095972
-373901664
1484354649
648154504
-989878103
65878268
-278115250
-398474155
222941555
-2097902967
-672650837
-35020840
2030574659
1326711265
1564267410
-1593861855
-1332739148
-1974803922
-1512761514
650605093
-261979269
1219021092
-1734946463
-595765551
-2090293777
-253065166
1052778583
-878380190
137160139
1550769395
-540924293
538823667
1050830899
1725545706
-1044644527
1720844631
1972851444
-1074517906
-1371619451
184659752
-1392524528
-1732134685
841862411
296230688
1763387256
-1096524246
-2028163706
965414311
1246626843
670695258
1321088238
-1528259668
1386635551
338096815
-871444884
-239990345
1688300141
414941378
1008603528
-661745601
-886242445
-1517164806
-403044987
79882552
1497912100
1168477506
-1266632949
-938516752
72518723
-1321508100
1778582534
-1939901413
1732736481
1660852020
-420625970
-1086097108
-1021478876
-63692776
-1940086392
1239261925
963719497
1062913448
-1278445877
812742193
-689514773
-1682660439
140035205
2019401009
-1167464572
982669022
2118824992
255162772
838332468
-1207481990
125688544
-751761365
-47486271
1597100752
1551987086
-1853953605
1166538719
230235724
2007163482
1802347797
81361328
634260902
175689981
-2061601180
118215309
18582099
106168606
-1463468091
-17216506
-1394214337
-1502757130
-39948515
285862439
-815739975
-1912492490
2063396133
324939517
456936623
-419749081
459237833
-1511779752
-941801190
-843290093
1386060210
1163735505
-170726213
772317411
305346849
-146178802
2134344711
-629209335
-256382978
35250756
1844590687
-1784617057
1659908912
-113066243
-1651420285
-683048496
2127912751
-536995558
249960008
-703491210
1891026902
873063451
1072909961
663644676
-1452217987
-1011951970
-1101342629
-1359569498
937649991
2082509861
-461013372
2109004454
-1466916169
386936604
-1249645012
1326669073
-236537719
878069529
-2141277740
-575602022
995817151
-14006427
-193566840
286987965
-562159623
-1045395014
-1393252784
-369803993
-1665069047
-2046729906
-1268693269
-976544172
1074173383
627528208
-763952193
-1757562246
1620612641
2108880944
-2003983350
-1376221531
-706491275
1164403685
-744544674
-1309099997
-104940510
2053762410
827366987
963863073
-986339492
1208796488
113162589
1984776597
1662951231
-1594112805
-1621549240
-1713269921
-313130714
-1945681138
924262753
-637357910
112522557
809562472
1224961360
989015448
450413141
832243020
12826372
231360030
-2031416585
-1686490756
-1097036314
999449899
1762150331
-558943266
415289681
699265551
2145587929
-1001063549
1572829248
368119835
1729632512
1667017444
-103178168
-291163004
-1349532826
1667299950
523638729
-1097484660
1132982048
686735168
-24717472
93502947
884032947
-167208398
-1106764129
-1530252471
1433471722
-511175911
654845952
707565432
-1106152471
-1721850808
-509499371
688776257
-659039358
-1025672614
-1438479356
1049680885
-1801885754
290647087
-2009355469
1349348102
-1755581217
-1296502989
-148021186
1518927852
1679448349
-601879578
-1443873487
-1243480756
-2023729586
808883863
-69710093
-2017613225
-2015114159
-1711001486
-266034176
-48609936
436601069
1894634685
1582565978
39656721
1770066142
1100412510
1748187329
1414451951
374529585
494432672
-754460895
-2081018533
825757649
-1857137098
1266621003
-452715798
1579087456
1426705791
-482482457
1418316888
-1591514549
-284909301
1381740457
1843136681
-366872808
604513629
1173390019
-1676337264
1963059201
1855032562
-1972241766
-1579606508
-1631909434
1708779394
1679951292
-1256838799
169162175
147345797
1418574352
1404380220
1483536944
509155320
-1052137650
248316361
1672082400
611112032
16538801
-433230896
-1270305556
-1281440498
-945875477
-2076467634
-635235112
1928455589
2095563609
-194601560
-1514150426
353930201
-414260872
-349820138
-475886677
-887976839
-1504259178
-1479926978
-526754082
-921031506
249673164
76935967
1856588403
462971780
666753579
-1157697744
2064068071
240988074
1113613620
-425666360
944279773
-924777099
793296269
-1142927936
-251364374
-1155491542
2113848050
1836539478
1623100076
-940275332
-246874007
-1198283436
-543716575
1205513811
542592441
1073430128
1117273653
-1841360946
-1468951524
639647478
1670319516
2142161291
-813585869
2053149860
968018658
-1656791515
-1312130247
2032824020
80333759
-1525072130
730721659
530290144
-1732905041
1505528893
1971731463
-1682680639
2084281026
1971540250
-1473333341
144496889
-2065559120
-564871080
153297665
621161651
1881842480
1521562899
-1768153552
647900967
-783607159
1232534459
-628992684
-81776829
2002712424
1161570144
-1074174311
-1811805049
1004226292
-1759906001
1054782308
-816315856
1363048992
529174588
-272133941
495419544
-1615409857
516034433
1942850375
-1174161188
1175393501
-2064107482
1965994408
-1546338625
-908393525
782778882
2075335496
324297933
265895547
1830849633
-249029245
-207997245
-1642934386
1091844359
1112859750
-1983760851
-2119904853
-948112523
-1093442907
2026913105
597320338
423323754
-1586246446
1621896267
1611281264
-1748422228
-494922804
2144420985
-502510988
-1388889593
815272564
-1274194408
-2091791967
-2105962
-1288281433
-1923963857
-1334718746
585386560
1182338407
-1737907541
1755038059
-939465595
1640532571
-1266814261
-1181704147
1304212602
900383353
-262913602
-859167284
1655971601
397871617
-1196626551
30397859
201289630
-1719974484
-617507794
-920173031
498726294
-1485721819
915009802
743324726
-1716077927
2066345144
-1290359682
788687993
767300785
-1363185592
110559697
-1778125593
1886361820
853692806
-1444389035
-1933777817
-2035273273
-1688791200
-1990368057
520708941
-1833672996
723854518
941351931
1543590195
-14753922
955432019
-1815623752
593325071
849104531
411619354
-1178925856
1444893826
281047618
1332219775
1080621524
902103918
2063746045
-889460423
-930226154
-792361782
-1524501311
1586459701
11613231
681446328
-483102308
2029220813
478951378
1385411543
-1052496784
-1258034375
-413928895
-775978026
-584110859
1211036741
-34057489
1145013577
-1889096189
-167391932
1264605798
-1077869121
-558576879
-486780348
-1631228566
-1069198061
980484600
-1576381054
-1848756642
-935095038
-1110143747
472222496
53197031
140471806
1252776205
1556216853
562133966
-267010751
431135818
-17681308
2072767786
356356132
-1212395322
2057281680
1141269694
-1353908048
279123853
736546382
335833247
171362165
-1340913687
-685079428
-74967014
-55667046
-722850080
237758033
-933633836
334467637
709018369
346363350
-1530666447
-587105828
-910995361
1221003669
-1122655495
1580095356
-1326751522
751995279
-1845822151
1814284136
-1307482963
-1240496270
955999335
1515728309
2117328658
-1444592117
-1440421431
1996319940
605690732
1997079545
-1674009834
-2058358497
-402870666
-169861725
2112116572
-961927543
-496089144
-611460501
485463589
951167567
1380030371
-302753501
838900949
779407076
-155104019
1601392575
-1560301994
-660323156
1499164538
1319539276
358990070
1199438871
1748081292
-1810787040
-1221745009
-591686414
-1441539171
-1664852397
-1225977113
-2044203271
813971803
-1864787347
470623322
-945508432
163391219
-428554144
-714059082
-22949518
-1550489710
1893904568
1364060261
513183690
1690314280
384670736
-1830196783
-1087617791
-728742546
1989803208
-196178173
-691991305
1448225834
-1634238476
-375344243
535904566
-1530949199
-1442989673
-1424564054
2083791427
-2142957907
-525672432
-2136222301
-913751497
269055520
688802515
152810099
-1963359089
908278440
781166684
-1556141907
2089273151
-77044732
-312533151
-1485941091
274368780
1930025174
411684679
1284747438
-710336229
1106444458
2096194518
2084150539
-1349755964
-839712202
-2105757649
-261905017
1669042347
-45800989
-675117828
1471046593
-1841527279
610403468
986658282
-432043133
1671279975
240900740
-155680172
1321318250
-1565014748
-6048035
-927279808
608033740
1726761943
-1137273113
1540755598
-966884395
-1432014721
1293213175
-963684498
1137130739
-315016166
-707835543
-2032104430
-1007889293
-1768968069
-568287001
1672836260
-1585362068
-1033504672
624666346
-1662928006
575710427
733463747
1223232896
-1720041848
-946212337
-2013582480
705262416
875520534
1287799111
-219702569
785099995
887970482
938824345
1603778339
19389956
31629926
723662612
-129796981
-1573640239
391908654
436223529
466682599
418377331
417935524
-39135930
1162894981
1634663299
-164424963
1177107907
-1235314115
-803340146
-2045094600
2178305
-1481951550
-529646125
1917930643
-1488835888
195763002
1724797258
1475985217
-823655919
1814692625
-1481477656
-1776994214
-263432292
86275338
-1194419423
-1944967405
-1298834589
862033814
1657367726
-1464910546
863061975
1826977385
282509968
-284049229
686744458
-372667063
353716564
-863845152
-47580907
-1634554840
75141783
-1206747555
1013770555
989366389
1338863052
228599475
886487886
713330606
-1327068868
-1967643905
2108116945
-1934438599
-261382322
1554080226
709466462
1234765172
-524700664
-1760680773
-1135738934
-1413140470
-487119147
1903405080
-435859066
-1320801400
-1685152632
-1051762839
-275847353
-639223761
-1612708448
-1193822218
137551337
-255297525
1610958029
385980178
403409552
-652756412
-1587791437
1050871696
1083149584
25569203
-782224403
1510918774
1203774606
-431840072
-663154093
-32784656
-1344951705
503446602
-234450304
365319559
1719555920
1376200782
1045599374
545882770
1365358269
1140280108
477976355
-2064653332
-1143116665
-1946472800
-98373711
2064977383
-501862200
-8823859
-861306120
-1957022849
-1044240887
30482583
958136783
147889618
-1749029473
1043338801
-210932188
680502991
1155538513
690027764
-1052971967
962800430
1652359486
-217317006
-17619888
345679775
1658239229
1741536971
2090186785
-1466927803
1609053957
1141609022
-97136343
-1425811099
-2016697521
1413551107
-1230304563
1004002394
-1643439558
-722745001
647773408
-478929972
665117869
-201890857
-1981027734
-1306260447
1247317634
-2099371503
985028779
-626762446
-1857781982
873866583
124490335
1758819906
-281937812
-1902260009
24107842
1501904171
-462970918
-720992792
-145664042
2024905945
1891169766
-1015131738
1833561443
-607617284
-452239446
1733189568
-1397711298
1417751801
267364038
-1555216753
1399711310
-768193503
561582981
-987660181
1270537163
-1033443036
-647396030
2205242
-357885879
1081624263
-1571017464
-1452982455
226340340
1614373844
-1961963912
-1234027938
-625890019
1631874130
646163183
-1574935539
-2137063947
-496399882
716471015
1796042314
538743447
-1357789223
-1104078435
-1584308929
-2100742837
-465568406
1032505076
1238134112
1243379464
-1967065947
1947673497
-563820869
-1296465350
1870348164
-828093593
-1021603436
-1630153274
-1126010698
-1805012469
-2000273360
1730292810
1486400398
957851115
800203249
-2084301911
965001022
211918147
390435746
-892143418
743588164
-125980271
320037140
531868558
-508273885
1356197171
-1815467031
-1697013956
-1306837162
-1731309747
1857219503
-1943704872
2031581569
768387568
1578031920
663506432
-156922391
1021165176
953575175
338476522
-1454400474
-249217996
1314910582
-1515176280
1757018390
419202380
-1819377801
-283439954
-1207241707
1530813919
9806608
-1859233135
-772981910
-1384388245
-782158101
-1651890415
-2014342141
-524707214
1417985829
-553128103
-604252059
-2095515559
-1367375002
-1885879932
-1748340003
-608280686
-564152783
8221539
1658242811
-1450172419
1721777532
56885629
-156484032
1868471691
381808771
1167678038
178973718
1054562084
2027577048
455416308
-1898054400
163510218
-1755351874
26278302
1886217489
-740502018
-65498952
39974886
-1126727262
-1545304734
-1768759716
-273842966
-759782850
-1720164705
1610615404
-1708785962
-492720927
407511432
558081062
-1146164564
1073107298
-547547777
1466220506
-1941973689
-1957789652
731859991
1205776061
1020999836
776607796
-1811813893
1923407869
-706920125
-1116667866
760388109
-1873068267
-416583627
-528408863
597069522
-1585077407
-770304809
1321133862
1741272588
-2071583500
843637559
588671627
1240138408
1835756201
-1925698924
1715873717
-228003622
554517880
978087971
-1154742331
697280646
1040657674
-1310297584
-572506350
-640917023
1057321358
-1435380030
1490093337
1085272152
1674786509
-1319302045
-556968015
-53176400
-823882628
372317343
-48480894
-1570140306
-184993840
-529762133
-392086601
1869142136
-517340584
1097859464
-1947864334
832719099
-1032084986
587059336
1827411840
-1374621041
103779982
2092794897
-1339410227
2023638681
-860071949
1748112544
1296632858
1875418353
-2082712995
650737168
1365126764
517537987
-1480938704
-1452373732
-725839417
1840146362
1026833243
-1735778014
-1757279844
-320686246
815966957
1458053673
948742783
175127725
-318916115
1036122917
-520490724
-1002145247
-813186454
478150777
1207755883
1570205616
-2114467888
1607953084
595044130
-273891007
1097115517
-1308426817
-1248318357
-921280690
5914259
892378063
-629210153
-1243179578
-1883596529
-98678474
1341288593
-373709517
1234861594
461726728
382681046
677202463
1818881439
194712603
-1827925340
1700714164
-1867619555
2144941910
993726129
-1137786206
-1583484483
-525119954
918629022
-736963259
239570342
-619762578
-1447458452
1527664133
-1494870384
1351709238
-1041327825
-1015435520
-1111427177
1447694661
-122033920
1064963558
-1244237743
-1488100742
-1254692297
-1641935067
-2001151198
512397207
1212420314
503639877
-372669234
-1460120248
-1819211953
312884884
1284565327
725442915
-173020839
-742968571
261974504
210358641
-368395711
1891415125
-1840328583
1068209517
1006471763
264734318
-880397291
-2084586805
2070478732
1419392528
-1500048687
998171579
1175991696
892251054
-1538280226
893611694
-544200479
-481851243
-54776614
1657541145
-678551218
-19418541
1420331362
648409208
970837928
-859000746
1830554603
576022677
-142142788
1198440402
2085648594
1946494473
618567548
1129562600
-330967888
-118016509
-117192577
-1273993212
1816404723
1533813831
-1794522965
413483654
-845022807
-1687133062
-760203985
-413428316
1379925663
306219932
1064078007
1033902222
-2120834646
469310932
-137197093
1353188050
2033494084
323941491
74409687
-242283519
73555546
-614891470
-887025535
-1587330669
-1383694237
340290494
-98633097
159241991
-534302028
1299341942
1401476759
1893094478
355637778
432209779
-190647885
-638597527
-1176508024
661268680
305080197
-1663707568
-181208709
823089930
-691232288
2006575637
-566641669
1643096338
-1204299992
-2078362551
-289660325
796226561
-2014872572
906155422
680282115
-1773854844
35282001
1298232525
942536323
1990870616
657805145
-2060848966
-345385236
-1593494768
764394308
205394133
919725147
647012630
-121611314
-1852287038
931263445
567544303
1449345082
-1145938885
-1480563366
1419182786
-1838336890
1417497653
-87010764
1668181530
-2052060705
-1279459775
931646607
-649820694
58094166
330839349
-145619890
1942553041
1716872148
1983314443
24012059
80141727
196884043
-1410191352
2109407680
-1204714472
1621881134
1831192352
-261496651
328425975
-74351582
1630089368
770047481
363078965
1455793909
2064120301
1696994852
-1939002230
2146516175
1548661236
-1141338435
-641275084
1505924774
199130178
-709554231
-916306698
1917149431
1859909325
-562715997
-314759581
2013563058
-1410050605
1422027282
-846078628
-1104575627
796776954
381175704
2084894166
860579581
128386232
258212360
835559136
-1831631912
87699188
-91176613
785439716
1157920607
-1649318419
-639503422
1650984492
1628170467
1085321818
50196478
1032807080
374760998
1538993619
-720377617
-1597911059
-1713368307
-178681233
-1455618453
764596353
-1196154734
-751898451
252819281
996701525
-1116193025
-555526249
-928411427
-1064637294
989888344
-1298613468
-1012576452
936884376
213604376
1091753182
-785921181
-1279077566
-292765408
-1240515900
-1991509477
959463791
464165612
1522927728
1393772640
1012193982
-1904487161
1332311676
1240262892
-948614760
-1784739903
-1224932318
-756291827
-884570254
1129608478
-582805726
1590366911
992172371
-1076714224
1628059112
-1606739466
-2004971372
734793961
1712406509
-1998036166
2033325030
-1444965878
-1018410915
-1603568263
533132441
1796507616
1925838585
-936363752
1540559899
-2028017391
-1038904514
-1685275062
-280158786
-1137265679
-757064249
1157837989
478140605
1594978874
1989483503
-1640116238
1666324096
826524668
-912918086
-1728162236
1411957022
507258322
-938662412
1899459403
1325190692
342320726
1659391130
-988320535
781654420
337805014
57889657
-63894266
1585474864
-668679353
1955855637
208196768
1045706744
373857657
2086819275
-1491481563
1393080816
-1555544180
502812473
-1136229116
-156784603
-748209758
873803229
1910513793
-1793159950
1280851669
1876405500
-1552519224
830367871
1564173675
2107374788
-2008972987
-831105654
-2020721080
1127808692
-1683607758
1330460265
-1835262045
-1733663685
-1940094095
-1470452145
-1583128836
753636255
293078171
1866459853
-557861299
1184986912
-1342226344
-2145058404
1626949759
-378561955
-389994768
-163060071
-1243940577
1874278901
-101970910
-545898992
-1914041519
-1824183952
1943232820
467373884
1384397828
140358496
-1047626677
-903767282
843631463
1944311747
1978401020
2071517997
2055481754
-1991537493
-2133148126
2147183934
-681755991
1172104480
1377965297
-1170411931
2097046965
1992835653
-1722729141
620628746
-387718285
1290400440
-1720845486
673367775
790364122
-1507990466
-1906271683
-562642654
-354598120
-1091941472
597966959
-457508577
1738651077
710043343
-2069892923
1479333624
1597355098
-1760510642
-1065497297
2003729576
1562117604
327844560
-1969525118
1354015557
261106164
314834976
1460102539
-73496443
1435177433
1991779904
1294809446
-1067405182
-289556208
-973885483
-82675952
-114065471
1236816123
-2055834430
1587324475
1786966384
-324275247
1793315857
427898721
-1033048593
2040533718
-667592678
620609308
753927569
-422308917
1336998110
1569198771
-1207659614
1922617766
1863753907
-645195273
771132844
1450505350
-1978738906
1514039888
620135158
-1289595680
1478407708
-1074528494
490508365
2099371518
-402420422
1427677973
2072005638
-343497814
1536874374
-505880701
406122050
-1754259674
-358521010
-953842701
-1658242701
-709441698
-1981879224
670047159
1730078495
214792288
-167692294
1277748337
2145754340
-1039311349
129819740
-1618142740
868330939
-1429645818
1207910586
-1074943192
-223925376
1105263860
22522079
411282614
-1890186063
-1185228059
897362543
996744262
2079091317
-871341297
1026792596
211929470
-1722803488
485341885
-1540911651
2089383948
1294019445
-755860602
1671867490
-281440514
1559953388
-901782334
-1257534421
80341328
232921396
-2041302982
-1324748846
-1737122874
135841978
-2024145378
443348838
-471481348
-764062741
1735265339
1934547346
2104603835
1895320568
1412213868
-1582265603
-1253764211
-385212968
-402936239
1708783604
-883836014
2125667986
-593711041
273790022
-805537388
1234278332
-1998648458
-1195031185
1221653849
-360343490
84397977
-1859556616
175791161
1547865435
1341751642
1391200541
386113775
-42801166
-108228492
-1786275409
-1136958285
2065322496
-131811106
-1469954244
121953671
1638348904
664716093
1004607084
-652194351
183282934
-243967847
1362739629
1099620649
-615914335
817028435
68430610
457114228
1221907984
590448470
1723238520
1671135025
-1062093729
873079693
-679105046
826870802
-249986526
1680162452
-1890248122
383450830
1445812393
-991320911
832088608
-790539979
-1261043835
-918655739
-1941695259
1471103364
-976125877
-2117729282
-2092787645
1568351226
200958615
1033562383
221476296
1320237483
1207934035
-2010246237
-1027725623
-1919115117
1366606393
1383215950
-1986303355
-1457082131
899038357
-260161723
1990103689
429808581
1066763343
-662370032
-522407595
-746692916
687713320
329696893
1908772671
138568043
-754927037
-1610823977
-1931703913
1439190810
125998567
-1668364456
-469909493
-1631812879
1388219779
-1360749861
1157510221
-681273218
-927942415
1306400981
1497087986
1392899545
-1136870401
1504085894
161219741
-60661002
362786090
-197659286
-1077429668
1620460090
441656492
-331991562
-1302200239
1682521680
1717811128
875591040
-1814981740
-925138628
1587373059
-36464514
1143738456
-1891186513
404008838
-1031349774
-583950004
-1710494819
750485634
479157541
-2058763965
1408935180
303886788
477013650
-1034423530
1344976943
-1488214230
955985957
-2125884472
-581254733
-171809179
82939045
296495851
89803351
-1230047233
498060909
-273818301
-580260158
2132513951
-474733214
1222632872
-271208304
1911251596
1234364448
-1154664400
-1095056211
-1293760657
-1599636362
1341502348
1563128550
1245483612
-1224289516
962626738
603511485
-1327939054
-1083086206
1409196220
-208424580
1512434562
1970146644
-50300656
-235778676
-2035514227
1284882331
-338670144
-2089053434
-1055418606
2108460958
-1894464974
1977324938
730832935
-1515569718
-147482621
480248655
1157144485
-711921690
-977882072
-154686085
-520446998
1159685002
2002506326
1800520117
-1960305191
-380677167
-515274077
646875383
-1857951451
-2123889075
-176255635
-1682128984
449279183
-42454213
323631482
1939593961
1761077228
-1635140361
-351014816
575459118
39820971
-1089148238
-1810313945
845163537
-733316202
-1470096799
83599660
-779509406
1798539544
1121197560
-144876728
-228703870
1036955455
1260173271
158481712
-1761340175
-1663991359
930081412
15368990
403624740
1751935556
1187909531
-1630838351
305058971
-206196007
-1430787582
-700482031
34902579
39597257
704063328
791954518
-113490504
370126740
-2081880881
185319465
-1787134018
459869238
-1232991537
-1409229908
-379861328
1107103916
-1052961666
-1319753577
167154473
2095597493
-1281944059
21338019
-789561982
-389340963
-1713613227
1210696234
879407275
2115603638
-165474285
-1598051825
-1684408770
-351168152
-526733872
501879771
1528688593
-740240532
420877693
-1454514392
690868619
-1313313132
1730852637
2108752193
-731368967
118258510
-1247456580
-696515062
-504118494
272280616
-1397708385
-916964579
1305086168
-1332121705
-350646596
-1847400138
1808179280
1421369843
-706803092
1947221968
-1632965387
1470585797
-1393261218
912185103
485441144
715759685
-939053361
-1415124000
2000143403
-787550179
-1653141001
-748766626
-892018289
-45841293
1137151686
1625266807
287029291
1288451622
835856848
-2066890033
2078079647
1458066774
121759620
1233049060
1158503671
-777063126
2089592484
-1034314382
1427387972
1394585548
1392717296
1760270359
225060713
-1006426440
1105715492
-552125126
-713368782
-1727282378
-1475915483
-1501029591
-1957022806
941849380
-380822666
1355297665
302938285
2085264889
948096240
-81511982
422992827
1042804230
1980611506
1010997378
787145999
-760575491
1348209749
-919904271
-768958993
136473271
-251636124
851280862
-1021539259
-985892559
-310469621
91228936
1011798895
-929333033
-1815836403
33821976
771624530
1670873605
-613274373
-256451906
1873786549
1799432394
-1783126878
-137294823
641412555
140471278
-388012347
1147351387
704789009
-705062858
-1310447605
-19598932
-204272038
-1369420827
955025978
-555260849
-1141166553
885794438
1551239845
-1977036797
-676084932
768684264
1167844323
786070699
-1568327569
-279821974
629003969
1513061168
482946498
-108011400
-476705159
-707426394
-347137612
1252159829
-166947805
-1004050003
798567380
1550295834
2064254315
1048213273
963396758
1726443006
-1410170237
1273961685
-490269079
1723146454
-1265825957
726045188
1543619592
1008026335
397059087
230562152
-1206349808
-1258730053
203704481
-1777175289
-298225198
1970176953
-2026039321
-1412141045
-1630166166
-131242407
400717254
-1839095063
1693809936
-1882484466
-668842848
845338054
429797805
-1326842811
-758970869
1189324053
1140736177
1792404646
-2123312446
-1439871868
655274275
-558689639
-408068640
2093530136
-240883207
-1851154933
652244810
-525706346
-1714537559
2096843377
-875970195
-1244913627
-988713217
-611408116
208375337
1117837360
-975180496
-2018500753
1922176780
873845137
2025870640
-1447262146
832144578
-2071577109
-1974365632
-379505609
-1991738932
-514459306
534300618
-212216458
-222555024
975148865
-945707408
626306804
1925028848
-1933846124
442924642
-2060854704
-844542722
1831269909
1148625647
-937777711
-1349453458
-1985327604
1235678046
1452953259
1320972077
-1191740376
-612262658
-1452172415
-95102351
1397480611
-219714948
-1708975317
975673138
1870787493
-1901710220
-762442824
574629336
2070435301
1420642121
992619958
-1126156491
-770967658
-993930695
1813448624
-1705507916
-719452800
-282938453
-807576073
-810524206
1987816556
-2001979701
1869210277
-969191474
2120250052
-436103592
-1582013985
-29956964
-2009986949
424368316
-151589287
1224334366
626962730
-1351165604
1401737758
1927295637
-1313493893
2077528881
-238467183
-39746731
-1456258870
2025324695
-661504338
-2145247560
581979144
177546341
-1366576491
-865399980
-8421661
1178931261
-479964343
-561748368
1409328675
735837220
714901428
1118885811
450143831
-619658412
-1322447890
2118126622
-505213520
1977539152
1375907774
-1357288389
1745641516
-553053639
412678496
444563862
309494262
-2051752608
1700114568
-2036351124
1525867532
-1833301733
283350439
-1282825566
1694783266
-1195400996
-1964324500
40066296
1826924742
-1694175617
2036967565
-1268678786
-719294780
-920679454
685318086
963270726
-499014453
354793914
-965493727
-811272358
1377304655
118026148
94829432
1958678256
-1512563023
813750650
1546297656
-1900797220
1249702301
-1978116632
1437733735
529775429
-1951855180
15944254
-857209881
627805851
284933994
1056792455
-878384645
-2141858104
1453853232
429849817
-464187382
1543194021
1314518484
655823598
2055944611
1524321455
-279392728
-982676237
1695098305
1201974265
-1432667934
2027649696
-665358001
-1223459740
1399604674
1606633352
-1566925331
443099406
1435426042
-1859873871
2011906292
1256590344
-390123575
1696366951
-1370251593
-1997299125
491261800
-826504116
569718284
1898547947
140267050
1351564724
-1594032118
625395084
1329762014
-2101128657
-868915181
719053845
-932960649
1080763494
-1468973036
-1812323420
-1221200914
432501034
-1896139509
1661378753
1174164071
-1452160822
-471234615
-1324344619
-1395029614
-2102640220
552472057
-1862731044
-223846316
358694910
-969490592
-1867607719
1209709989
-1581816042
-1854712987
-540950646
-1297202245
113969015
-1453804844
-951812131
-2121797272
1331666573
-230473250
890438050
-328706624
-1586414725
2066040420
-1947841535
988959230
-71901908
1627319924
-856056787
44492199
-1549525592
-286147821
384496345
-360210193
-1870020952
1775850300
-1559067413
377706844
-1839600789
1819280168
370410351
-387513175
-1785838646
212167632
-1926762803
1464262124
-1225063286
137504432
785017150
821180666
-348397327
-975478324
-1100989316
-1723422710
-1289985637
780515319
1312425656
-1235396712
-1440293747
-580466350
1701364433
1725416587
-73246070
1301895187
-162127934
1446981785
-705102427
-447746681
994466651
1086093546
-2113553129
-1205974183
-837774285
-886820101
-1671329198
-1030607596
599115484
1303196613
800404309
769138149
2051926616
-60431075
-912878014
-760125787
1933959116
1256131933
-1664288211
-204711913
744499571
1992879428
-180248266
-1059031699
177577173
698996762
-1734416423
704922385
1645380663
-626808297
-1410235004
1707785633
962585429
1756348677
-1346059671
420658490
177197902
-1844487388
-2106870123
-1655518984
1195321823
-517439411
-659102143
-2049958211
-1565663277
803592537
-1854484632
1440215858
-1823282502
1932663235
-719242087
-1241633269
-496534056
1854791563
1375236365
1020601998
1999693408
-1236718243
-1552907780
-1262082987
1150252770
-472390926
847278379
1424664658
2093757953
-1790257226
-1856906039
-1841118701
151405672
627932075
-2003085188
1906636102
37498365
-2019417460
488555445
-846695553
1358731863
1200971061
-1316605621
227716665
428675182
-343734975
-647023545
-723679974
-1676885615
1447943925
1327343101
796628091
1308921756
-548080292
-213108389
-1944819673
1010090601
-1493166926
-1893568635
466261601
-75227002
-626063611
-792936032
356124459
1308319528
-1488095463
1412240365
1602022341
267591008
830971276
2057750042
-1408619916
1632231052
465181754
-387255084
1512587908
1641723919
-1636193310
708755616
1088154766
1187292740
-1758101495
-1619087893
-857081090
1117633711
-348027618
1602187871
-1544012081
1689036149
1388567774
1612563319
475100312
-1779031026
-791462663
1533278805
2123136460
-1919709384
1925846005
-1287282478
-476616131
-2086504914
850171986
-1243726889
178984418
-1838357223
901653999
1159849706
800349913
-882049850
-347828820
214144267
2014066606
-1329213030
2118007631
956172993
958929373
-554252862
2042254763
1982457199
796957845
-1926376786
-1462747906
-455326741
-1148963906
670070207
52824987
1978590288
-1287103683
-1592118210
-1546912568
-1232352493
436974198
1286269584
1143791081
-1285306540
-1363162094
-489792857
-835588643
349726838
1492760066
-668357188
1102761639
-1856554767
-468419134
-183313094
946892113
145576550
-1824443166
1713452797
-1039924212
402104051
183777729
1539666107
-2141611364
1531272136
-52967269
1451949762
-651187982
1430761722
1600657606
160145891
-1479819238
-1614646633
-1310881224
398024878
525229399
1981767417
-1806850228
439508958
-204584053
1338404447
-1959526715
1226133015
2004760284
1592985529
421534226
-1266395442
405100180
-1142477118
-246017069
1408225415
-1436659383
2027618132
654545564
-576644538
-1315061955
303565303
780348408
-1693361089
2016669447
-1131059782
-716934225
2132746191
1469304946
627215174
294599499
217117359
828582308
-1032041169
-1984117287
8554854
1534491266
-209157747
-890637332
-1212345089
1444754003
-1012256565
1976675302
-1680687108
-1555489885
510221758
-844168582
-106920310
946217577
96910073
1962600300
72932853
-362424212
-1337663138
651254427
183295837
500456417
540400632
-1912181440
231795114
436372569
-1959453432
749966200
-350949699
-391415335
-425512867
-1937110529
-1047011353
1496980042
-713441560
-1581296579
748744094
-499855085
-1977370737
-1540024697
-1230991763
-358824700
-1922125503
1691209886
-1215921876
-629702539
-1352148406
-738968454
-1875296655
-343378002
826804455
-1837935283
1552846150
1941049737
-843595491
-887534910
1055665947
-1882450346
267207622
-1971329915
-5056770
439855358
666106603
1727601159
-33234936
-2108215702
1770903385
-1522081150
849180442
-611137755
336884590
2075230523
260320201
-1443348673
-3600589
-2071997946
1404312726
168794228
434092463
2131319311
-410176926
-1351904626
377699194
-741203754
-1453777120
1544541703
-1730898288
-660826757
-812313652
1211933938
801255271
-44170181
2085380507
13252122
1409282882
247881786
148863603
2017205867
-30732345
-824941182
-413793124
-162042736
968429519
-1006938293
487716280
-1316201763
586903933
1274011260
-307959568
-953238673
830343569
2089143409
1525163120
-108625262
1301792765
-211761665
1821049364
-1217129630
-1922387527
1893079732
1951575907
-17157452
1007231955
-1954657181
-1467909957
1421460534
-96226359
1155074783
-762637362
1552528852
-318488294
609134597
-2002870964
1293401437
1850739738
1493583871
2078686689
405064806
223602182
1555583431
250063458
1824153198
-1535455657
-1910971414
1450177346
-823917246
1270911322
552489358
1059608394
-1555376221
645348352
-1062999114
697896329
-490297819
-942704398
141138627
1899641480
-53274023
-975099160
-168489923
8553666
1846879278
1089656891
838957267
-18482094
-1946199661
-1449935944
804734624
1974421998
-1234555807
84250294
-51049553
1489525011
1574902392
-1045405590
570930369
2552193
1470381095
-567538055
1173869645
-790301718
-1316498223
-1978649906
-1930535481
-1856819738
1698810316
1769249453
-543993563
-724502231
-667212916
-2145805560
-596829538
-1306387978
1323957504
1355863569
-714102092
-459304746
1425179963
-1774959088
-1122596236
-717794427
1797519191
-599613067
-1437241348
1325015341
208841878
1012231217
-983623874
-1019877930
-1451316023
794184256
687497986
-1643224805
-1723309835
1247700874
-115733967
-580058079
329993266
1363413227
-1880402609
-1405338939
558952150
910662288
-489377719
1920046100
1934374867
-816656508
-651881360
-1968341505
1555048541
-2058246518
985763525
-2022799281
-1468363313
1649829932
-1641126282
-1086233898
-665455153
1421275668
-1759139928
1211501287
-79413073
-2124225639
-1580919177
-495592441
-529172970
731348892
1853476410
-950175773
-123420705
890197909
1483739403
1362672005
-376459456
85529576
-944632954
-689035326
968503342
-807277187
-511143729
2043321079
-1057763584
-1493848945
1365054169
-1988818444
-902220718
1774141635
-1030989082
1176351287
1205271340
-437107077
1015924297
1518014300
-1050589854
494341484
1590365043
1230656980
-26889667
1861743725
616614700
347104469
116628314
281554578
-1782549984
-1586273391
779140050
147408249
-2110771556
1263828393
737060251
1081470179
716045978
-252415260
395815213
126745477
-1605953030
-1549472229
-1257237656
-481780448
-1740292846
1886639992
420668852
-659615281
-702048408
979178975
861891689
-132936033
-1149934915
-632130645
2004834161
582816612
-881564082
680565405
222509356
1008355786
1353574997
-558671088
122523539
-228933206
-405741611
-1972718991
-387794017
1483677342
-1758969705
-522894097
-1229550869
-765064489
-1480004753
1906065006
1054226328
-1910176979
-1911914301
-97005888
-1403518352
2061062263
1980957517
-595413738
-1167602867
-1972452836
661995807
-1556705612
1910131643
-148963862
-732018457
575790308
-1293494308
1426422053
2110680948
-335284692
1816250764
-1043239197
320776568
1137333954
936376772
2087741335
-1881457265
-466746305
-1244795837
1495344618
-1811344768
927398035
-540307094
-1123545903
1216028097
-1441347527
1200079463
1012617947
-1758349760
-1775568982
-926622826
1624151754
-1625960608
-1626688490
1122113827
407546213
-553754559
150659921
-40134157
2138546316
1846442820
1742651147
369962180
627869580
190765517
1856663364
-1003336814
389628084
885907531
-1254074370
668985660
1614048296
1761435253
48827955
752547175
-1337956364
1530236885
1243686921
-1300710750
1356316004
358162569
-1233691581
-1704690997
-572354670
-1265747384
1508418811
1979182512
-1923358913
-990061149
-2083563122
-531986952
2045163494
-264041587
592802774
-151674812
-35612146
759399197
-911641442
46792848
-411060512
1593579409
-1606902958
244662751
811651320
257745557
-1675074314
-1696850921
80860799
-219556155
1031046745
-1403476951
-1234990983
646215280
-1934240375
1582951028
-1289895077
-1437355361
-773204343
-871064725
-1672004384
-946063787
-1613111487
1389004404
116050716
-1547984361
1983645365
-861327597
-2020505392
-727876690
127357817
-1080177593
1120561920
-215427541
1922555236
-2040571340
-315810877
-1030621654
-1072245116
181772801
-1198576039
-261392805
853913425
-1173464061
557842562
-720981954
1537919524
1231015962
-1911497459
510356781
353464809
-1268082597
-1289473106
1579885471
578160659
1923246575
735574548
-69974870
-263021104
1260390458
-1462990277
-955359799
692022398
-721631681
-850750978
95425247
1738400092
-1415955902
-1335891985
1605121147
708587652
-1623259218
1127504235
-188516771
1957339928
-845421767
1284818408
2059176505
-1176824645
291124549
2059672464
-960716102
473322563
-1106772343
1434913043
628531913
-388342868
751493872
-1000834888
1955036430
-412118193
1618902720
-452843338
-541423690
-2077060014
-1954518529
649458881
1331218551
-1850532254
-1196519919
-361126682
357727441
-358599521
1514320293
1149261211
-566074731
1426363864
1182818002
808045842
-1119976278
-556399624
1373144956
2064732621
-1100836850
1659702975
-2106029060
-1877289354
1882977563
-727558732
-261060608
-351891728
2013288715
1655272793
301402542
1962951337
2080054206
-158264416
588158735
203485233
1931933114
1087553438
-583817814
-2010212848
-189468046
-1999333251
83880047
1196373203
915557066
938078135
-887482409
-1692311960
-1961696294
1568627329
1503107144
-755112277
-469862926
-1133386108
-1989696835
1883998528
-124084259
-984062510
-357182554
-1224304478
1965845098
-494860777
1907115020
69995132
688914471
-942364914
81498360
1859679543
-1792172689
-436952009
1309766933
1558237908
-478217049
1946092998
-540223340
431234298
298369732
-1179628322
2064153423
-1280174510
-1713393649
-883339521
-519856847
-1978346222
-922117844
-443362117
-1522382636
22012632
847670360
520089519
1265968235
-828308040
-1488075023
-2046084175
764603617
-1833171304
315744059
-1231388858
510394178
3934394
-1033845152
-210280618
245535834
1377453722
1858684600
1071847970
-1686596965
974342137
-562503093
1924562293
-91350461
-606018247
-442714733
-724661223
700067773
-1581208597
-1306049915
1402570380
1222191176
1310947494
-1086756910
1570720500
318946518
1323063834
244123753
219889743
928245558
-51244700
-1285281984
-1284685586
-443093644
-1298676830
-1452836012
982136867
-220840065
-603541302
-16007186
787244857
462228236
-650378313
-1497021145
-670136924
-688739909
2067468164
-1329232723
1048326265
118246775
-2136633827
678870726
-1070244577
1443008289
-394218478
-2119834732
902415175
-387005584
-2011746898
428559515
929853977
86915602
-1487578808
1139214976
-930151249
-2054698217
-1359064360
611175187
1167534534
1515345551
854435021
-317744241
-1992789326
-2121196943
-243092964
1114770207
-1188586094
-1008401730
764423580
-2054458972
1400622789
1333811173
318452368
-1679466827
-228233828
-449024151
1960497797
-739740441
-1037461424
2076656320
262286430
2146710861
13394742
-338096002
-806592339
1848213314
-1362929872
-1262457934
1076033347
334940261
799859559
613768592
-777221623
-136228635
1084274230
21658959
-220542703
-101263362
-629657239
836575828
-693359641
-1207462718
1085107622
928257168
535225389
-1769965796
1147306283
-2041684187
-1151867546
1572467985
1040842169
-371578545
-1504045551
-837818295
977590735
291879297
74907130
-1084538930
-1894172389
-1273297202
842237387
179210770
2028521517
1578663050
-1187996695
-1681745098
1640275821
-33565647
-2081369475
445698953
757588303
-1115805306
454118096
-378746290
-587102268
335457535
1406501339
13066433
1720259827
2045483104
-1110781410
199328092
-857662680
-1292416603
1950465712
559222614
4575244
2032248868
1034443671
1539230315
1907695382
-154388493
666003289
1245457122
1474359105
644972422
-118429230
-904103476
-770469889
-256203875
-666604472
-78337655
599359853
-134718116
-1112400196
205107856
1589840839
145927867
2144697986
-151160722
-549234147
1683290400
1387090451
-1465484530
-824570810
-1288545719
421269026
-1778722757
-1915784171
-1468501137
526448620
1935368547
-644156981
-211485016
1666226388
-1860974178
135144395
1333057164
-60270802
-2106511379
-623452780
-1752607717
457328730
-213874234
-1548412438
141240030
1655410709
1768600016
2111921238
467667787
-1913593589
-1350820118
-940362287
-117767315
-988155217
-1790802063
1113514171
-1499138620
302383183
-443878206
-325310446
1691735657
-571955870
-139523331
225971679
-1647001995
-2033734876
961054988
-1791630093
894932387
495950692
-867285789
20697555
-306105804
1885219996
-1068619768
340911856
-1505291502
922671938
648802390
-2093330405
901126200
-1433975715
-234571523
1188839735
522181968
-104458918
609456076
-1297966033
-1238328675
-200235745
-1233937742
38437418
176664603
1210616416
308318593
-1922219011
174800612
-961297614
677285877
-1546361375
1339126996
-61390371
-1841396747
-1419924891
1832939120
137163509
-544949224
169892005
-324021501
-45379413
-846505366
-991678020
-2019193079
581424992
-1609388177
1175308662
259608785
-1728319621
357417319
858469962
-1925141667
-69525381
479822803
2055687303
-56622196
1994727759
-588152009
903403724
-1176851590
325949924
270338338
-1232695876
-62992345
455191040
-574882709
307206386
414195030
-897676978
1443561916
263459635
-2032256073
-7760711
1403691092
259506146
-589132473
2003524860
-835883256
-414396488
-355283977
-1114338694
-1326609014
-396649805
2022469259
1915529802
-890638867
238519631
-1378420795
-1594345322
-646958488
-1893694221
238654402
-1226539995
-2141183143
1886648238
12756899
1077741365
-199097971
19317538
-825870482
360182157
1798912190
189656768
-1249753546
1707286483
603010652
2086284597
1407620218
642657306
-298162032
889063715
1236230347
-1460550721
111782269
-1661097708
232328880
1703841397
1978440392
-1482531157
-1033054259
-1802833251
-1406552742
-897878756
1761930049
-411546918
1240142180
1421406941
1214816080
475881700
-727766365
-519814499
1720162626
296567197
-743758620
-1048184971
-1390080118
1909374561
-1463921462
889659484
15895081
-1500893279
-1966141233
-1878008096
1156302164
-67613518
-886763896
-456379117
-591685036
954608866
-413806548
-476365118
-888401235
1431291340
-1772362154
-339981843
1914833282
-808224019
-1304819191
-2100264334
1481047863
-1240034698
-1759030539
-1843452662
344589143
456893283
-850260488
-185242247
-846538568
537481420
-686098458
-1554336767
-107956259
460383866
327344269
1524919831
2002801563
-183915844
1470167539
1274873433
-1470430210
-2029061765
1117280225
1873526718
413875052
1606188172
837247908
-1608837106
132164107
-1950018235
-128694254
-268542571
-39799968
441862994
744856011
-1848742893
-1724507592
-1075620663
-1400455232
-1562327818
840238795
-1391457414
988536825
-1898219830
1226230557
1002791820
977360018
1631291376
2021853607
855521093
1248783622
332060813
-1439555017
-613123032
-92831825
-985813051
695142675
289682756
-301887603
1107257385
1476193380
-1709525302
-1432483258
-1648824467
-1257813038
-773976351
-22125971
-309129890
-1207343509
-769546314
1511754246
-589191662
455353032
-2139457834
69439817
-1492882592
1311233394
-300528193
1637608870
2099032466
1342802305
2099191731
1214426377
-67151015
1574023046
-1079226161
-140961441
-1044049663
780949162
-1248763300
-857305001
-1983236379
-1583262697
1132105829
1303024492
1293113124
1249705110
-1682099063
-202288093
-2094927212
2010666104
290128402
1114521745
-1081021194
-1334191686
-57381051
-1795927008
-91289493
20335715
437772283
-1675874159
-121560026
1653283121
270558576
1598309188
-1719848349
1436699252
-1643108518
1880586935
-1679156840
724181816
-1195390403
-494186420
1805645033
543738025
1983735549
-737269170
791111648
848731571
-322246732
1353407029
225311068
-1408224024
-425402939
897202985
103852490
-1667564377
-1290263247
285357252
-608356205
-1543108231
788392233
-1131043300
763219157
1461887678
-266674717
-1992164096
-1177946796
-1733921400
-111688783
-267158144
-1246547022
742625734
2123794254
340753842
-1573746978
-1604282972
-1756851333
1731205555
310356170
480095026
-1272961078
-69688340
2125591392
1190739011
-1216362312
-1209379434
-1151983434
20021399
2129140993
1838482303
-1314694529
1512983100
-556413904
-143140083
-542290748
1980806192
-1081724299
-782079101
1402482644
154965835
2033384890
323387267
-877724295
428468571
1589774327
-1716548909
1720403308
990538384
-941096251
18657379
-1920903926
1035093274
-460208079
-1545165682
662349382
-185040112
1280402643
1160441760
-2037134879
1148092051
46739230
-2100669288
913457369
714846259
-1897889800
-1793040338
-677775074
6127505
-1691164532
-1728682986
-2075041397
1424030276
1273217375
1871995526
18762003
-1622764288
1175326369
-1107907082
-724239045
-1117889803
547894725
1465336102
-1512678457
-722653324
1126854739
1151734629
716229560
-2133719592
-858888196
41676047
388190581
929837987
219973614
-1647869866
-1564396985
-367902490
-51605654
892127813
929553162
8051430
2068068755
2114650114
446692897
-319828740
1557663367
815631443
1226710186
-1321393219
2090840499
1659953507
2116415218
919395929
1630552418
-1767103804
1960271915
1753338440
-89875561
-1908610121
-1096609444
-2132105950
-788227043
1661121963
730830744
361758926
1620682716
334209795
1171777906
-1901107745
-1716512403
583840284
234794927
333856826
-1725275409
1658559630
771321149
-2006507013
-532416229
-464460112
-1395543452
646793369
288316309
-996351135
-1488335046
826331207
-1793339771
1879224325
1224063324
1004550557
1944361318
-1390908210
-1156572966
-846584457
125099805
1021064508
-1235308429
-588485859
1644716877
1459723494
184063233
1819012259
404934889
974369914
-1493964746
-1379218029
1520195082
373545729
1126697608
-1364660280
-1279547134
-125968537
-292784022
-292234596
1765984944
-35768774
-1265908036
304181317
768940565
-164673614
-1004178813
2128024956
-210596569
-220259855
-198150180
1075654495
-265477403
-819012726
-1615076307
2141395863
721085099
175247943
1806292894
-627177795
-1311245114
-565480922
393521607
1386431737
1100079179
489791653
2111120810
-885190420
332225060
1768319039
167514339
1590809807
1986466155
-835772363
1115714078
609509852
292484346
-859485039
2001160904
-1246381588
2079616578
-530400665
-490686456
997674849
753036636
960273502
-1541296400
1850138437
-2121817507
-1720358034
1325451247
-1032107597
-1604814867
-2126147606
-2010133110
1289489525
1631429402
488052417
1595081291
1251165166
647715945
558954240
290607609
432297530
275420718
542288794
1808785928
-885019501
511624221
669590891
2056435027
-630317322
1973946400
278026618
420173576
2098525701
-435496854
-495652994
-805060382
-79845586
889418443
-834284381
1441460382
-1768247539
1266463045
1001240205
-1136664409
1517628943
-670624800
1734126236
-1863919597
1069886295
-613018694
-1994750606
-412138030
248553956
-191425695
-771316047
-1140876508
1590410227
-1527349147
488783113
-2097161909
-1229528927
-1696794073
-2073278863
83019394
-1218611244
-990408201
1401344179
410582573
388139100
1606121566
-363774418
343429201
863409236
-1396266057
-161770793
1427448901
-744204338
-830178300
634588544
1054003881
324554158
-1619658754
-909602467
1460349591
320937686
-370436243
1018536899
1329370648
811949955
1409201850
-986906063
-189689383
-148029706
-1452361790
-806349676
2130406430
1961168214
49208300
7520198
-1864007945
-433603628
229583741
-1083483049
-1205511760
686734096
1740373546
-1532701296
1398771085
-898180166
2071263470
-1473956684
2069893558
-1157622404
1729467677
1058741385
115372656
-1819781097
-1974041415
-14092010
-1624948850
956287692
483428356
-1362303059
1918856742
2004295164
1497270358
-1475306709
-1504337530
-995175662
222694448
-2086879106
-1113288856
-1367826784
-934651760
1241491303
-1692077211
-322287416
390058886
263140224
1425589671
-1552699427
-1397064697
1380604288
849914083
-94383799
-1932817664
-1692488514
-891960443
-547160912
821006766
-2009415437
2090039340
-266955435
-1970296532
580805699
1774170456
1197802940
397248333
1369830782
-1981303711
795789713
1048284331
-908174686
-2085441622
-1617186360
-2028003328
1279482788
1152022550
1983497989
1340926643
-1295882897
265169339
-1489146307
1431554742
-1409812180
702652373
751612828
77893006
985549764
-769132547
-1938169943
-1926117198
-494413406
-1234791270
-877675865
254042905
-1209470275
485577367
-384556482
135701518
1902084821
509077078
1976292698
743496518
-1348953604
894931940
-220947885
-2053114317
1785166167
1446229613
-1034345650
-680552806
681191461
-1983198479
221533410
-1604944285
286512385
-1947930057
403690238
1692230831
727025507
848567810
1944320009
1530234928
1092740460
-313696894
-379741622
-988441932
-1166994974
-1461322483
1209025417
-917986815
-1128929672
18246926
-1751007498
182749672
-1899622829
1003496509
-460971702
2111415188
1204470985
-439160560
-1045319892
-1864384990
-1447543701
-1916703120
-15186475
149488758
-2094665147
-2101637200
1210591734
1132260428
1631744355
1350662074
-941072168
-1058372979
-851359081
344985483
1614870469
643999971
-515226503
-1999892512
-378151514
-2147477361
199034799
-2006486479
-1539099923
-1530118535
1041025902
-570917666
110375860
-936557432
623625792
-981934424
784080934
-1642406860
464938759
-581530270
363513629
-147022248
466262593
1579637735
1946982157
1760433228
-1619550323
-1540654258
-1025484513
-799949261
888615789
534403932
-1140131168
945662608
-693563060
377003577
-720107364
-1503562977
1287000515
-1603464345
-742669882
1747890914
13658391
-1544163857
1808130714
-536196743
2145044998
926853596
-849178683
907935670
832073922
-1612032787
-833551676
1653039472
-1608230339
-953340283
1802362058
1469702295
-1878119513
1540084454
1863926758
-1363700343
2061471284
1577411998
553594469
-1400557405
280298274
-2016317632
-1215397772
544403737
-691964934
-181312937
1762779146
148747530
-398195947
-673121384
740778756
-844597554
837541985
-1901072042
-1820165232
-1335899246
488515173
-1904040390
2041956047
-134334681
-1253178494
-2137074894
226009526
-1467913962
-1915243653
1522818217
129411124
-521292041
-2032988874
14796537
-1728740711
1985898498
2069539011
-382271971
-1115708106
362194406
-1609506403
-374315861
-578230720
930096857
628898096
-1552982528
-1033105927
-188619536
-1821844069
1058326460
980337937
1160410800
1360353462
1555371632
594249032
1187962084
902605654
883231126
-929599400
-1126704720
-1628415793
365505217
1922314514
1015358694
-140958022
1375833109
157043399
1448022423
1931318519
-1796310536
-1483048215
251951341
-751218187
-605940727
-723316496
-312738248
-863949008
1251869008
-1034919806
-934477755
478370299
-692341833
-1183731251
49662966
-726934401
-560927047
-225553353
1897522191
671197955
-817265320
590657337
1151103565
542163309
-871726252
1395109256
-33016388
-1248193273
344077721
1379548789
-646479286
-1863688570
-1484012040
-1748194923
-616290922
1178927176
902061594
1520664740
-837794547
-2006938403
56296881
1744567206
-482965192
147239369
1732489199
693037902
2025925198
-1480488313
1804151867
-2090472028
-504581616
-711155761
-436146654
-847460127
439650006
-1570760933
-1654726517
912461981
-2076929052
-963586457
-1814644690
372275499
1317839617
-957833159
-245663417
392199491
-1230554294
1386572768
-882563962
-397395486
487528771
-1069580801
-365969591
-2140953491
102470702
2068448589
-622449908
-1866105060
-1787984737
-1204142187
-27361249
-1173901419
-2009366448
-2079495420
-1405821030
-1138762793
-217743567
1988495267
-43192178
1469477209
808795587
-499307231
-544113539
-1417905550
800190630
1313667286
-456335605
-702618117
952311152
-1910155260
99368180
-1263262414
-922243905
-1385385377
-1813334464
715867105
2047052177
-1545455410
-1228863563
437378751
1008165330
-397419405
-1844883571
-1913086955
383474742
1307980265
-187831959
-871101788
1695471433
1841087692
64329093
2119305925
-354646589
1209376637
-1272029396
-1241897518
-2125235168
-433386714
31192685
-1569622076
-2031418512
-455422981
1537569038
-870248675
200295787
-495821373
-1136023872
-225974520
1478108616
1700000918
-903832428
829415357
225500366
-1511766552
1000584109
1322211626
-914610390
-1650631227
-1061318857
1867994063
-1048305917
1210254430
425584023
1967668201
-824307125
1442412483
-1864584989
-366624046
-1509954984
-481853967
1048277652
444885671
1269430450
-1810296049
-1794474374
1907468331
538983726
-1020774412
-1851555601
-1012810006
912881979
-58350355
1254732879
211598241
-434396037
-1831639876
-2125235801
-506056484
782407317
-933258270
-628602708
-491677215
1147599433
1435369504
-2112279827
-1708161076
2013846980
1608696891
2051618380
2032008443
658666549
-1863713792
-335627606
-1771529557
-214115169
-2040349561
1590499041
1233880291
-1972764176
1841659067
496134391
905322640
-1181489069
682719769
-565998193
458821617
-1845298238
-1102764617
1848910498
2024608053
1990341598
1260510599
-19955345
1819714401
421601538
-954501668
1150477232
111449463
2004956821
1217943341
-362272755
-1515854892
-209918305
1655649305
-1719408171
-885684263
-1391697250
-1873044565
-1461657621
-870244915
2033522074
-1796019234
1251849982
-1288076030
-1953617033
1419208803
270654204
-521478603
884324745
-285247071
-482286649
1089178682
-946381715
667113468
299604265
608705240
-1273077994
834905945
-302464507
-770953231
1828372262
1533003490
1832858320
36104934
-1866358146
2002442502
1935527742
-1490332103
-1306062312
247121859
1384477503
-2106339469
-1197994477
-891500249
115603244
-180778681
928599823
1085220883
-1253129411
-1231057929
-423606085
2126009666
-1522620865
-1933387786
375472555
-477133687
-500833406
-1009283378
23499886
-1041540512
-1287345129
-327858621
1156738527
-424710752
1789884219
-676140616
-995255109
-324427379
-1619137011
-422261294
1354450548
1698470935
-1555014009
-1957307813
-1150118588
-1119560612
63236523
1564405352
1773974404
-1369819791
-1135288068
-145890628
134654013
1181200738
-1482291409
-190853522
77326591
-1498406794
-136140766
11039178
-399002383
-1611278153
1869003789
310045557
468225321
400583088
-1656780298
906370003
826433085
-2078062472
383679850
-483829076
1016147738
-560678929
288826217
-374578419
965175571
-493588153
-1836350815
-1536190100
385879356
-1944727354
-358006049
332926991
-954307847
463047369
344807362
-238228051
1134177233
-56677109
-242539855
-288220587
-1549809529
97972263
-26263538
1512461966
1184545643
-1746887333
-1243253845
747184319
1723859949
418155662
2079090813
414125265
-1534800014
1835007635
-744933490
464613906
-493462678
401495983
504883768
1697682268
94725282
581762648
116747151
279815541
1571338198
1589633599
-1852662497
1913935801
-60835958
-1248268400
-311983402
-322845962
1880550169
-2052787592
1975040579
-657399146
-12719347
1759817447
-1395609343
-1403847677
-360759631
1721315479
1844530797
-409167802
-1929380123
-837380276
-1018559330
2067133425
-1502195151
-1337924772
-1047954282
-41416385
1042486811
-1016428943
-262057548
-330459015
-2119415364
444906637
1103466605
-463351142
-1130689136
1762521422
-2145850309
-1745057226
236539022
19576178
-1190010668
-502919529
934830712
-2061891426
1060385439
-1825893080
-1295297677
-1593967782
-646086045
217797910
-277583654
-1979847328
127592513
-421283533
305088334
1951919126
2078853604
1249856542
-543305199
2001401175
584933366
1858618017
-1947242604
874259065
76652245
1046792281
1755284302
420806539
-1205635450
1256288924
-1715392306
-763784482
-320365079
1600486806
282835987
-1101473594
437280046
1602959285
-1749279973
1560459169
-976090233
