136192206
-1608288508
300761978
1925634219
794079963
722817084
-2056049628
1417373423
-1056044133
1596291943
1437077120
1518218018
-1749679788
1770122626
-399179193
-254541672
1659893965
-558929902
-1818911054
-902760185
-337066976
-1559768727
1994434420
347945068
-655942956
93277479
1815745770
-806278353
904068907
786684163
140569488
1115454085
731751607
2013491659
704550583
8217365
1949871155
-304020311
864336500
-24882723
216320143
1736487079
-1245597477
523889495
2100109644
416816244
-1893521811
775676119
2129004042
1832379496
-2027845170
-1524156362
1662699358
1825531077
1573274298
504162741
-641742615
-1037278145
2146034746
1391982618
-1330962267
581722813
-521744878
-1157994721
866604930
-269643679
1699737981
-1666665460
1754865457
749318342
1191357723
306295970
-655748802
-1522176376
-1796869078
1731919931
-1309160604
-2013076728
-2028456716
935872302
308804892
-1301391760
-1502563704
1131822200
2134325879
227048436
-2091891284
1247278488
-228480979
1352773211
-418858735
181396665
1264702708
269349053
2078356680
1793839382
1085494294
-1055803506
-47092492
-2049085031
1045163325
1138998746
846497729
579833285
-388532847
-6264110
-1865421164
-1913534250
-1515215356
-556823674
496598660
-527205593
2102035180
-1109039885
-2060727289
-305644078
-1234229039
-1674288576
-1290899984
-250147683
2099909256
458548036
778273688
526328340
-159961984
1432153931
518711899
-1976831503
170477915
-1751527398
-285288890
-412883516
-2063873088
706337071
-1259027954
1410580431
-1506502290
-1938497716
-712447421
-1194145742
-1274434667
-903470026
145344452
526002247
1633603680
347257530
626802037
-1112795057
195391958
1275307760
-540512977
1372439373
-1712228894
-1509212477
822765560
1541473586
-604795985
574721712
576793971
-241604807
297433657
-872692019
-1878413671
265944724
-115194847
744420364
-2101688407
469766472
-1527696192
1643022784
-2070780579
-2143771308
420489853
-1799651488
-694990498
595418649
1615639139
1665205899
1507205624
-1061729291
-1880569619
692591948
42461457
-2025024976
220550180
-402947938
-1644511657
-733477093
-701388053
552190770
-408047432
1956131446
-1950630503
759925871
1585654551
-1596633582
1476506568
-876592199
-89851845
-2016138057
2097091436
-1726764043
-116387317
-1320801465
-1973631706
-2134690995
179417080
319066146
-831747622
-2145256656
-1516091207
1420295372
686667134
929488028
1185053502
1139987917
-1277017291
383773855
-1698098466
-476068648
-879192420
-1606728422
-1131373870
596883759
2088730210
1552750024
-1889127194
931465797
-1197519842
1001865598
1757587309
-1910529884
2028737884
22481843
1760679540
-1463269103
-179146248
-492725693
1731992635
-241199635
-626963537
1071665007
409482464
1015476957
478712562
1875525672
46379357
-688861523
219016445
1661487756
55256500
57606001
1867886376
-1090154320
728401512
-142555923
-1968194691
956717984
-647927505
240389430
-373484919
26978979
1440619748
-398205032
-1719914889
86635203
1662897346
-954723910
-497583270
2090717835
-468770097
816360192
-1422753591
-1714307566
-1479008875
-288777680
-517500752
567535416
-17363689
-91643561
1467027301
611051055
-968758525
-65430547
-417945351
406054461
948339235
1717535543
111675344
-577676609
-54453991
394974444
1423171700
890601584
1678152779
-180994021
1849910949
1066282731
-1432730853
2096938059
-49315916
-1684816274
-763966373
1747349219
-274315760
-1645672992
-2045448704
-1670118708
-1286819295
869184788
-2018376683
-346728876
-992904108
-121925809
-553415951
-297622699
-708604810
1879001607
207884459
1623033238
-1496348090
-1360129043
-2007414322
284263280
-435330236
-510719955
941243721
625081524
1128257999
1118310900
-289948759
1905107916
1100312942
1957037106
-1376217719
-1194466017
1738230893
-1148720735
-182565560
1899684026
1879559851
-991899388
-841089028
1216535084
1108089266
1383307700
1814389159
-1255259472
1262007816
-501185448
-1962858328
943178129
2029190596
-82539533
1534047348
275898058
2034113635
145148707
-263177339
1858745324
594786268
256930214
-533009262
1091848004
1320523505
1139805729
438136575
1459909948
-559753017
-648990692
389707414
-1935307775
879792568
-1342331311
333602423
1025113446
1412358504
-118629083
1663434573
572771079
419485206
285352310
1478767810
-285437775
-2002865868
-1450783849
1688585780
163139841
1272930616
-979265896
-1480415576
1275848778
813647028
-1113151542
596033534
1424902588
1562872484
-1405613439
-1925464730
-1092490559
488293382
-1107647461
1012959506
875561130
1109424816
1876419649
665743661
1916630154
-1970085539
-109857428
1628907531
-1865436830
202305800
-705531477
-928640095
1884139646
-1166506115
2091048866
501391414
-858068962
-200713428
299662293
-2030532006
-1042284457
-818227137
-693988826
-1614392297
1416589883
1539848943
-677319780
675371366
288519479
1309113107
1243550821
748828644
-1100161348
-1465066247
-472678882
-1446806075
1248647202
100023161
-1991245232
407360520
1420136136
-1955045562
-229275331
1086068716
839008895
1553594247
1676990685
1161631650
-34515416
1550649254
-1438724061
-512760253
-277002597
693165670
-559508860
-1424557309
-1362908214
-1328289221
-648255559
998084519
427337766
1508769493
51401666
-275385804
-1222153664
874569725
1979165486
-1589723672
-439966541
-1802099291
1491150745
-621924498
2135040066
472829241
1104625782
2135033932
-1089942468
-336982981
1602800654
1390785951
-2050952921
1162754062
-1783878456
-534270454
-1489344099
-2083006703
-1861120342
-1817036052
-1110375056
538980079
-799213281
-127196976
2096069396
-1230117836
1856583930
-1866409175
-1132098754
544702244
568387259
-589078722
1867135688
-481760825
-676655856
-1026450845
2144159447
1236941640
-308464739
1443110761
-1427556545
-1904778113
1950142975
739293015
-78007515
-897740340
-864653554
959039833
-1873806363
-353610202
1288761442
102223352
35238454
1448473459
1258806808
-797294197
-1836299892
744182809
-1071669546
1627441644
-1792422467
303401428
-592252917
-1591442577
857333479
1134028234
-378986885
-168515312
459016080
1945304540
544785146
1325992939
1850134797
-1026411714
823330679
-1830810128
-2034681304
1850904137
-2133870532
1947538390
1369076732
-1303706737
837985651
-801660336
-140637916
-1725204945
1810307307
14326398
1677775636
253299563
1440113692
888555942
-11181626
-750541961
-569718168
590299171
-37963368
-2032563309
-1944040541
-2009128036
1045597044
29080923
-1139207467
-1092882311
-1402844367
-999932067
1166249278
-749904237
-1133721544
698710764
-2009305703
1000824106
1163668586
1256889139
1882660772
-2120492517
62817601
480135564
1331392480
-884651950
1472019253
1844599570
-2010158187
544119164
-1190519968
1453867892
1240513817
1358208769
1147197284
1850433804
-281999280
2049443377
650518412
2025551407
-1891824778
-1009359939
1637595953
617931718
-1462859749
756286056
-231521442
13203741
1711618159
1011312893
905929654
-308941573
1185109183
1754450819
-65157738
2100122609
844000575
-607724625
66193782
-1229641737
1230871561
785231001
1093431956
2126624052
-1144368283
1714658738
-1776473901
808189980
2070498379
1415545077
1742681311
-99125056
-1931126491
-1301647267
2062850709
441388896
-766631720
2056980118
-1935723102
-1652130235
1990788613
261025527
-1546109847
-1702503219
873643659
1817772206
-964522710
-552415289
-639344816
1535727932
-1433261729
1321986816
372695105
-1736955356
-777682071
710940702
843865238
-830263842
-701267348
-1848306005
1276547930
-528943086
1178296438
-1540527756
-2071565270
1852609794
1452394214
49235220
-2100788164
-1797313465
-977744629
1846760395
-1135671389
-1261135169
333888779
-302292333
-657892656
1145255877
-1850096890
847137653
-1137813413
815675811
-564860294
-1592282856
-1207556349
-180523708
310709736
102719386
-596841485
-732154579
-1085104969
383084194
-1726489273
2123695022
-313566375
1498235061
-616924979
828228692
-1388478036
-1659659319
-1631460593
-195237727
1822415778
-921725161
-868699503
381029374
-409415645
1238993461
151366486
-1947704592
662204977
483305827
1776037545
-355964534
-793247667
550116132
1465738009
-339639006
102987289
-1562291440
1196775620
-1658614457
802690110
-989149720
-1846563368
-1744080911
-37158257
1802717931
-973899946
1035298042
1693020270
1958198887
-1714523623
251290829
506320750
-1770145390
1563672599
497145436
1032602681
-734039142
-1869433371
877373527
-683816524
114040825
-1192330112
-582596198
-922647968
-1052811762
1609009993
-572050202
-1371290621
1363643881
1834237521
-231472173
-1089312378
-38003098
701893847
-1357562619
-185510111
-1392367492
-2069027826
-13938274
-869229388
97446870
-219911646
-219054605
1989663352
-37945181
-150196867
-815693439
1532021718
-886943062
660210757
-771333599
2050301078
-807257696
812163113
-442782085
1145171004
1658340029
-1254450595
305787832
-365583442
1110278028
634354658
1458068091
461570330
-340562430
1422558730
-1955160303
-317817322
1719455186
513736507
402774246
-1093045240
329119487
1101924339
-1631992518
-1139760441
-1736211022
1123957771
-73168619
539622786
-1394118835
385197119
1215438456
270000608
-1504062273
889371629
1599856852
1045831017
-1261165031
-1196847332
-631771969
234317091
1814195041
1983263935
-341489947
-1306516608
106415782
900081979
69795388
918929527
-1321172140
527322407
-615531141
861390832
-1256896823
1423674450
-1779269684
-2106944924
-1428670937
2099802377
-175809345
13718468
-1241635476
289548185
1372757890
1963963546
-2070731841
1994110482
-990667441
602495342
204142859
-1609143218
911998757
-1302856598
-1243387695
1139986481
-1646038342
513211712
700927546
-1121088975
-435882321
1266518859
-1220614805
-715123176
-1270204923
-1320235532
-1775577572
-512410616
860661455
-944132265
-536030357
-2030201409
-635609047
205008165
863626477
-1208966116
1686100840
-1332194357
-750801658
539703522
2104693906
-310949933
-1352187782
-1648084806
1967635984
1041826187
-439000253
-413337218
624524193
-460480797
-1007599964
975356084
2003589266
-1732284517
1471669374
-1869928872
-91296468
823336861
-298568735
1127047133
930408300
167093159
213381862
448182134
-469439751
2034879532
715927995
1427682193
1963981906
1566679676
-1331934466
1156821667
1465379654
-481430494
394270031
1495858986
1382903977
-1475301236
-696313313
531341295
1298527044
-236651279
-1766857266
1515677836
418654221
-1533402513
-1326201611
1661603373
-1284636265
-466830734
-1421835521
-843955046
352166603
-711213732
1974402558
-1614469260
1273120984
1034770274
-708926533
1154118590
360800359
-1439586380
1554721807
330585503
811022867
-1970287136
-1514986384
952094309
265949720
-229906056
1879253198
-404293939
223960905
1778053105
-1897749089
482255233
-2096194233
184777934
251469624
-500358687
-1070332433
1725497341
1383234143
788544261
2034822676
1297149568
469774877
541358850
905099630
763877711
1967974103
-1885305235
1902418385
1942392444
1248711327
1192957981
1244106145
993372312
1314827975
-52774605
230642052
-567267243
-426123593
-1394969250
-348112550
971781228
814216192
880742235
548742249
-734364736
-1084563536
1756133819
-109838116
-628312637
358245607
1655937000
-1837985170
713280792
-1913872214
-546534551
747925602
608059514
-151078154
911348068
-1492750666
-138893861
1444877592
1488368740
-867506537
-552551472
-1193572037
729077340
1591579159
1503505707
-1106538686
1678169836
764210973
-170497303
399989464
1560599010
118644124
-1540800434
1237993156
1507455490
-1219400442
1769342286
-1672470143
-1235569654
-1841689341
-1223781585
-1126027507
285439472
-1479502498
-1237885077
-249433087
-1371226515
-40249025
-1604558630
-1603461663
-190273346
-220677729
1506583312
1414995125
-855359319
-638719241
621882371
304759256
60037821
1493295674
2132416497
257652751
521383134
170663174
1120341888
-1913067299
-439145728
1187658005
-1291944922
97329940
1590160434
-303264007
1071193803
1484101295
835689438
568673288
-341971797
1933867487
253672271
2019690388
1772377729
-1900844189
777467762
1783099231
435248609
-508729828
-95676704
671885133
851844325
-1538532896
-616332261
2075879515
-207838196
990641549
-2032617449
1854761679
-42315170
1178512993
-827094788
-872364111
-1588786222
-1698271095
509845802
-615580295
-2139426316
777807095
-2130075011
953125897
-2078113086
734939256
1901640145
1188846557
1594048983
1882509317
-165714232
1480123520
1390759883
-230492584
-1154581558
1344325185
1054381016
767823554
1315019341
-986068186
1711954881
-664293061
1258073942
-1208974559
1635423726
1868026810
-1362742210
293990273
667421147
-1207524153
2088646585
-1970802261
-2015546701
258407245
449737492
1557491977
1136500791
1654353844
-36704323
-1846907839
-1303510555
1213559343
1342636296
-1858115158
1609515093
-606145966
-1233218001
1061878523
543639781
2002676710
1857562779
-345290683
-552046696
328101120
-457848223
350803490
-818771141
354347344
1069029646
-995951826
1788293065
1820847798
228726951
-1660307274
-1780700400
-1183150310
865155819
-1945113937
-932075629
1217794940
777524954
637272809
-341993038
1037356105
-881945478
2074919812
-801613048
-1585114383
852660440
-833966942
1404409876
-1244114763
-125813172
-592047778
667350042
1901797061
416924929
-410187780
1721894731
71750537
583657396
-1633441440
-819619037
1288573246
1290121404
1501320132
1911277842
1183525317
-192058551
-1695226715
1762451294
475032503
-1085444880
2050563582
-1305399225
789032124
-1144818842
525970104
-1680986261
1364174109
-397043061
-1008044448
1028489579
-1420103530
794046122
1057115162
-593305137
1316866161
1911545599
-350162731
-859831514
-518731057
-1442704263
-81777473
1973669233
-79666360
-2042793792
480737275
-1162567998
-1600804682
2033760632
-1981727087
-1662291425
-1549876146
-769215545
-1800671322
-1370484565
-351128081
-1305365483
-495957012
27570439
1464437182
597288466
1416210267
-1507743499
234181362
471961852
1002705440
1242043710
-208306196
725802017
1992269013
1239194582
588929930
576640931
1531390963
-1685476291
-444346437
1372441979
-2023977340
-1363484121
2056895830
1840586431
1738722332
1824091742
2050063655
-1056493273
1265294857
69970407
-1876828597
-1202310963
1932937161
-1902626973
1162360253
-1184191949
-1645854020
-256944456
-1290382544
-1407500150
419787034
-1855762704
-1102418146
217252913
1560628262
-1056763296
1978623520
520629627
1445446051
1729659148
-1227565696
540884917
-379538297
-302125750
1318317324
-834480026
1090671854
1815398052
-1255208404
592490200
1656914769
-406745342
-1901629385
-873429033
1591128823
-848331256
-1882869247
1268654520
-1580793942
-2027915587
434360
816536732
527461038
-1753992340
-546843664
-1190649098
-390499601
6015950
-18080005
1166136906
1979415672
-1680017047
-10385538
1476805686
1767291692
-1264927182
-529034944
1202874294
-1655860049
-1125166727
1540223813
-2093647198
140488100
-910330107
-779023845
462756732
-718531043
534619262
-1078289549
1592232808
992299343
40737035
526565106
-1067104133
1297675397
999246651
771096649
-377255881
1987623255
-359771864
132320898
450713174
-2106564837
-1204738343
-1868329827
-2083955770
1772693402
242087656
-970401957
-1193897483
132201222
-1710175900
888067160
1145726542
729374507
-1654965000
-1954275745
-2074144254
428502501
1082404428
-1720179975
-1045878261
-1841873199
-1971326549
2073363783
-117986451
1455880263
1474298597
-1890297327
527566782
727645063
-115126410
-1898245858
1374418409
-1208819663
-71401753
247078853
295635758
-1435225350
-2085233292
1953939652
1425432684
649259933
-317141778
1773559119
991479714
838520334
-1219960862
689402732
-794667597
545860341
-302710021
-1199436419
-1010416536
-1933986982
-279750492
-28336354
-1575063365
1921012636
178957041
1951619889
1123940690
1219578279
-1746495553
986273590
443597129
1811409509
-687875303
918818783
594139956
-1469068684
-1095476259
1360339683
-415293341
-572834278
1805704862
2099728914
1974499431
-1968348043
-980909364
-401792087
933074133
-624086538
1052012050
543732711
-1082841783
-1151717872
-82294273
-1794733089
-1315649618
1947392043
-930187289
-347172465
-1266599749
-1668814882
-649519349
894133554
-246249280
-1639523234
1136883959
1513734098
-265791326
-1193701584
-1437532117
1234609952
-1221172445
2080294
-1105304323
415009415
-1254500762
-1671249784
1616014525
-1819501186
-1641266766
-1395467376
507191066
1117979421
1930500981
1143007771
2102781379
2053742323
805774220
-1294054498
-1211661743
-951673066
1318528449
-1887941034
63110755
1767969658
1909317780
-146569021
-2035484150
-1891162490
910627902
1650382422
-1984234393
1869007588
-1909719566
209513320
799320723
771945112
411550565
-1843481490
-1275656002
-446913708
410555024
-1816660885
1928866202
-110593015
-1410565708
1239078565
-1895043079
-992051263
2131049374
1042179995
-730806604
1543190955
-651254740
1329539381
2016768719
-1490645385
-1482219249
-1288161731
-642292774
371576548
1056088786
1929816334
-1995757927
415489942
1571555866
2024814986
1722211815
-315389396
2007606574
-2076096944
-1010768425
203246482
749568441
1996864814
1834157339
-141872237
-1037920561
1350801109
-1881878359
-1174754895
2146700077
-571156021
1573266843
1325738808
1838947268
-1771415387
1900862806
747525776
1650222712
-90202252
2142707694
1937168339
-227959516
1394328703
1189476553
112790175
116450529
146935858
-1497755263
281896236
-260217464
2125508695
-975784178
-696123232
1453903220
662366851
2142080292
760337057
1701432716
514818514
1544000474
1727884332
469750144
1634943958
208036748
-34582108
1269528657
-1862078261
467845889
320553006
156733719
661582608
-1059324977
-1080232901
2102304766
353802706
-685928195
270026085
-1017827439
-1282422006
458701802
-30430337
608268858
-469540696
404575086
59474150
1286404105
-1965710064
2137391422
-1571711459
988118196
-1678400827
1004136853
-28710247
-1391586850
-1180353693
-1852495601
-111829288
-1615713892
1580677586
-2006987561
580547511
1897940276
2002768824
1345530116
-1424594171
117066791
-1031320017
-1101811392
-780903086
-1379545231
-1806321224
-1415759958
993237261
-1507410674
-1381369490
1310307837
935452365
-2062334016
1956481406
1859716337
1145589486
-872937713
744077526
193078753
2044796000
-944794735
1637501468
-545455443
351606971
-1180621973
-1358647327
-182597663
-1998754411
831384343
-1422239722
-1708573418
-1210640617
-120764826
1711258302
1721483160
-501550130
-315363896
1765351396
-686636216
-1194951234
451066827
152654032
-674038332
393117884
2097006305
-1410488203
1885577156
720790013
1175769958
146159404
475611335
47959273
-435002912
-1821381209
-1166974738
-1932535499
890690951
31589151
-238443226
-160170448
-50745592
320801488
2081173901
664954716
1451374469
1375562918
-1927494130
235830847
456672
517092664
459833677
1921236347
-1992202183
-772509451
-1045140022
97919260
1074348980
-1640069476
1650801984
-789002191
-1953346433
338052337
1325192782
-1645962339
1945357331
-899967059
321951833
-1086190034
-1838066759
-76998731
-607815249
-1603909138
2020639055
-2016351601
-460495888
526737081
-1484796853
617850129
682848937
352339471
-1467048192
-390716069
1664809025
-481374165
1538736160
1765185542
225406232
158518868
-1325444991
1060117661
-1539199764
-1046278542
360440099
-1368408757
-428792193
-1666057245
-1148033678
297053654
-1440358026
-65209969
-1059060281
1543570891
864714372
-1494300359
350557748
-788567557
-582773305
2140181528
-248859264
160782629
1234442097
1850370214
-93005712
1728122868
-36400469
-823311945
-1829550776
1767716907
601720501
1429072588
327697296
-1789667554
-2073877935
1004098984
644088859
57487203
-1807542943
1417688356
866125125
-1593931318
2074826959
-390008513
427161467
310909321
1259016364
1630816377
1768023551
-124751941
2100096155
-244174240
1110943724
-1241566709
1911335536
-1846945942
154131832
1491077292
-1611686125
-526339579
-1452212871
-1215170676
-538809942
-157668116
1457338154
1945540296
-683920137
1240093372
-835310546
1467473505
1034562301
-1718918458
-1372338476
1156741424
1967914729
-113811674
1262203035
-335686889
-854281936
235137044
-1908724487
183129721
1144058356
-1450182535
1325227095
-1520333589
-410597972
1182291909
-1217123488
1545279275
-310882302
-1631529729
-1475710341
1909764176
-1303516929
690855709
-1585837675
-504713149
927588453
-831959403
1057543203
-791559827
-106261669
2139714611
-390330009
361348529
-200951729
2118959405
-1203684111
1613555356
-1649277673
1770724468
-113185944
-1002574629
1604490073
1593915724
-1631154294
277510893
2120853293
1948680990
665224048
966735640
206486528
861237901
-343264746
975532193
1589509051
-830758970
-1647354598
-1387140042
1846903843
101197340
-219186492
1041204143
-935911806
-551277357
-51351482
-116945675
-1953804921
-928339653
-1011864508
-78300094
-1819486870
-1475236352
1525736853
-1429178998
1472340563
-137831488
-903609781
581943608
1551642876
-55195938
1296952048
1057511453
-1073160812
-1984928107
457002515
1588492965
-780092186
-1955667633
133470210
-1402501301
-2043223110
-26129865
583836376
1501725774
-2108473221
544416781
851698361
1946357924
-1769575655
-521028296
-1864527268
-455741393
-1974464720
1437841697
-56056887
373663534
-1505799063
1781488318
1245608291
-346498827
908519712
410149996
528853801
623599072
-1900768441
1091019009
-796566472
1592673413
-1904841847
176384545
-61217645
726282792
106309298
-2111717424
237228839
161666675
-2093674163
-898251447
-1286173688
1181836902
265920910
1423161101
-1285814528
47665804
1309262706
-1692684738
534213195
-1544967057
-1246018780
1394394412
1495842203
-1924599987
-2081031773
-1204981456
-328248991
60825610
1855561632
-200333896
1869248078
1306622057
955476652
-486501213
-2022035177
113643894
-718415726
-113041457
-1813277064
511263046
-1972941567
1468878831
-1662526596
1437573091
887252334
-1725078367
1343071738
989128576
-544397512
1732006335
-567254686
-1745148940
-901092340
-1049444876
1664195513
711517541
825962634
1815533202
1302638305
-783586749
2096867624
1435700387
-1339213282
-1859324808
-1264434858
-1523380419
-158519339
-199311907
1183639779
-1081764070
-1671464043
201932783
1458262943
-822683800
-137853861
1670169282
1891307328
-2128566308
792071953
1340565301
-1848339575
-32850932
182207832
-1409998746
1391898792
-1234797570
-1992956793
212947048
1135607775
1347899899
1034541298
-236389325
1037843047
-1575910999
1507379566
2101856988
1600494224
-1951998888
1765365524
1977172997
-782718164
1861871259
-741206715
565903766
2069571886
-1555741925
206339567
307480748
276618125
1244559015
1066165773
-600916527
-2140961427
1815632270
-1800685964
-908515218
608261761
-623195600
-1275958069
-1944815235
-65569366
2093642962
-832624422
1351977346
-457391644
-430652238
-1378563576
1319453115
-465943198
1365332571
608559390
-41540459
-292628746
-1611963590
914291281
-1094358686
-351570506
1440435824
-1715666050
-1244291255
1082256092
-1118774552
172839607
-373552259
-559374866
1609362092
-381087491
880359090
463800094
-373684364
-1202320049
828923339
-270507022
2084086912
7551971
-2024228393
643863079
-1693636185
74933682
-2174146
655963347
-1390732370
625790010
-1165274057
-1589147703
-1648757283
-312687233
60296828
-1070758592
1600489679
1850381394
1903372353
-760790602
-451612022
-1739783979
-1499749279
-1604345327
-427785265
-647334595
-1665025574
-1407725560
1330652850
215196377
-1773097349
-1681452864
1186011756
1003811668
-1817237285
328131001
359340142
446122550
2094935437
-908492821
-243648838
2003622576
-1779549295
666320172
-1867244690
-68217448
-2142946291
-1158592556
-581675615
-536939599
589773116
1301203107
-659230862
1208557616
-1231089499
-84706591
-1892315811
2114176891
-1543269232
-745725242
2107944656
-1884025293
-2111254347
-277379556
1101259774
-383421324
-1743493578
2094320418
1287195890
-1877104293
-1291373873
-904765005
1380709862
-923036984
-618809524
1429265063
-1661934380
1058573668
1609298234
-106475143
-2074743731
-1498470171
-1685021727
-991867862
473044874
347792528
-1576596367
1071658340
1928512448
-1636257793
1262361978
-109587231
1976875704
-563596252
-1007821407
1378839053
-992222562
-1406523251
713880976
1598508266
1962252056
395852009
-27133650
-1208141517
1321140122
-1036566838
230430736
354920388
1982461688
1022153644
-1860050642
1776474680
1473271868
-1762820299
-1560539687
-91194157
359580857
-831978050
-517109780
-1877671262
-1594017952
399416081
-815194303
910958560
107805009
-1109721740
1227399783
-1604319589
-1535587403
-1086407450
-1339011439
-632993385
-294823222
-691326296
1942276816
106400114
-1063432642
-1661408002
1818829444
-1758375928
-392852799
1166185270
1801286416
1922809368
-1503954731
-1107589655
1265516748
1226370855
373843176
-1023819904
87009087
-397002844
1890733219
-992036615
1925109901
-2080267956
1053011332
331568875
-237526994
-1571796528
1072244906
-272162105
1169349856
775522228
173346799
2017678432
-2013387298
-213583495
277229627
2103865260
-1601433774
-1542987010
-692032233
1690663627
1365230087
1464892706
-885325440
1589383241
263051874
-691790930
2075228669
1480905120
2107097746
111103346
943832051
1736965632
-1291453434
1469405869
-1756189128
-252300975
-1587999713
2076100017
-1780197659
-1147039880
-1259339737
1146925511
610501231
1843912665
-1812022144
-1976478641
254298104
195321116
454920992
-1685334997
745012962
-1521992396
-794911428
-735560866
886602149
1336227229
1062040643
-1846911249
1640733154
388333540
2064082445
-1467686637
-395865672
316744300
1826336852
596357514
1326540373
750289262
206884706
-1803308983
-580614194
261651521
-143389684
1064785496
-1855221197
-460547365
-1241287458
1051887869
-210007074
-829943913
-1636714857
-1681523942
1179923723
605458744
-1112635433
1930739923
809319597
967987501
934648854
1983183219
1828810367
-1483959786
1860260312
-1567181936
220606040
-1771396474
1811779614
1131573100
2110706883
286343178
-1012496609
2050155421
597737678
651470442
-972666824
-1784420368
-487181534
-394014930
-1883281120
-1603622261
-33864108
-951474845
1963075167
1357484881
1328650361
1971794334
-844318464
435452297
-108234241
945160769
-366029947
-1696591935
673232314
1032999932
-1477215718
1354869232
-1283439043
1782627990
-392975858
-798834214
1535872107
-1743033875
-62421890
985521592
1862720333
189730619
-1254952878
856734999
-2331356
993020570
1636165485
-1477840896
1088427458
-835321655
-717757665
-296338344
292242965
-619848400
749280222
1370781066
-1854065404
1517038625
787189814
-1979930014
2004107645
-142043808
-1943992579
-541995716
-1271733810
-1672643867
1903853770
-561825187
1020507188
-1168637984
-1808216922
-1206533984
-415923023
927136764
1591030788
633475156
-1847501790
1503092455
41185774
479245412
223997072
811649042
-231380607
-795215432
-1106972987
-905095499
-1861202021
-965580581
-673954526
-2077493739
1695693778
1622324702
-1596065872
-1391678967
-284404569
-281785733
-479240844
1048223673
-1014166790
-1551249796
-1004992762
1308624553
-731047743
1959613021
-2114568604
-677382667
413218548
1381236784
1212952579
871555550
899464907
-1821280576
-2050354905
240543108
966830635
1215509241
678745971
1135174901
1276487517
-2137085049
1792955843
840551270
-540593152
948110012
1760612921
-1357289025
96531265
228160182
-1516934762
-706496164
233747272
104716224
-938683446
-145324271
1873991157
1505426680
-1254662707
796641903
-1213329205
-1313042638
1870802095
373501253
-600917972
-2026710500
-721609234
-70383767
1047333318
248689570
-142747385
2107167416
-685954483
1461598612
-873863601
-1661379750
-1607021974
1502168452
-989143294
-115789750
2002626290
-1944667404
1760365212
1258821653
592795739
385487793
1861877095
-1443197471
1050551659
-191181191
-1375335339
-1669035344
-520106703
-1743936541
1570810383
1105272550
-2069726151
150054272
-1973092019
1616617480
-794468102
-505566404
1258905703
1542942406
1579520915
443331338
1220626988
-1094739654
-593541962
-1245833536
-1569767438
1391975794
180250596
740867134
-2074044178
-620965845
408112346
-248601642
-14746939
993602527
947051594
-1347389209
-1937225886
-1133343742
1729194958
-2076768053
873927690
-1206904697
-689808103
-1977433102
-1689059923
421651880
-1036649361
-890262193
1459711613
1008208871
-953003434
-121742350
707045572
-1199260593
-732242803
758706933
1113598706
-466299649
1898340925
636826524
-80297739
-1986086424
-828287122
-2048717385
-469248307
-2057341483
688817084
-2107026869
620159071
863659947
878633034
-121082767
1983965832
-1248854030
1567940853
1064649853
-1993234059
-612085101
-659120948
-1919110815
1932171313
-1873379101
-1229616704
-1692263341
-1488716418
427179999
1894367127
460470958
-1422333463
-1208680775
-1377176026
128778773
-1513323752
-1799065197
-311905601
-818398498
1760047206
-1676901239
-1546495769
-1694608212
-979927887
-1816200459
1122964044
-575446691
-184565390
1596931821
732348917
-1665902041
750710541
-656857840
1815377595
-1078783235
536741481
-857102206
284823799
2074312759
507058115
-2033654988
872157052
-1383779727
-1366828353
-1307261336
-1692878905
-303158094
1062155200
1752192884
-963834507
-320177968
-1477100936
-1853655867
-1282585356
-2129256941
-2118740542
-440178906
551411069
-351445479
-1890238290
526172994
-525013439
1772706808
-1505358627
588996455
855388898
171807145
-2138868209
632643980
2022535972
-194201693
293706490
1152035221
-226762268
-2123234618
69758813
1966742484
187133768
-1792680838
-663323821
-1811771437
-1460237769
-1445758696
784317420
1291675472
-949615349
828829832
-2120124167
1373442440
-2115628667
-1663976150
1207772198
884604600
-2013886463
-268581639
-220621490
1386006496
-1167856150
327504110
-919914486
-1659072823
1235873647
-2014800222
1786314379
540334665
-594067338
241154102
-94556759
-1176079674
127539409
-1007526282
792614459
1080754936
534495151
-362000068
-678555735
-235175694
1556404820
-1302810094
-677361730
1789240162
1575711244
799259931
805780418
-240326889
-704191140
-1038273486
-1500680505
-323491645
211105915
-1844193197
598225219
-472705278
-1834977024
-505113287
-2133684769
979239066
1388980444
1440629577
988393357
-1769422076
-1397889911
-1903877202
1805718752
-1487184597
-1626621821
-2075166012
1471554711
1486416498
-432154121
-1582895943
1508898682
-1737684484
478459578
647004273
-1502516375
754054694
1122996348
-1692963670
1269879729
193073240
56039228
146084705
-2016814431
-1984961283
-1992116482
296931187
1729325149
871099343
132680892
1579710598
623682289
948930647
570635929
-217792215
-1051632728
192482996
473428828
-21310663
49773982
383570074
1870316827
990039686
29118868
631994013
1300597558
-640610889
1824631555
1663969711
-2125314169
-679324310
-418885005
-964865817
-942144809
-1418112609
156647692
-8460412
-45284205
2102134102
-66289299
979742512
-265793090
-177860491
1027197372
-1904557432
810002217
1324281839
1987322621
-1316008997
356410082
-1139696605
1138045351
-1693686735
2116358377
1471490433
1327100788
1819500175
1854443305
-1903407245
278922872
159449977
-762119002
123468153
554159477
-599097160
-8919054
-306755946
451151213
-372043427
1204842725
225549034
1096065143
1980080645
2099990924
1038985120
804518358
1659762013
-203423135
763006217
-816138425
1522601192
-2089587268
207518473
1223682969
-688072192
-1345329526
-415206479
838880899
-1528595687
1031362107
-1751575507
712023473
-1860794035
-1207839232
418154464
-1811121377
492517908
630335286
957221325
1169448106
1155029330
933019421
315594808
1992450276
1487626134
-1492559411
-2088321396
-332980953
1757554848
747784297
-285632129
1597815020
-1078260188
1005317780
-1462404748
1734339165
-60462387
-1797119197
1627571999
-129783768
-728184444
404645908
-12579218
-252861291
-1682357007
-2130367041
-1666690137
-1080629798
396614465
-1840802485
1298601677
-695398483
-651838935
2057987682
1679731016
2061906459
1305331499
1113205800
-643057212
1352806808
-1206392808
-1439715992
-918865320
1039277142
-1931096107
1019687952
408290539
-1307639591
-902737055
1216370655
-1361583661
-1064363573
1595968278
-391954340
972936382
-1581161716
-513522642
910397961
-1575889963
545582093
-2092071288
-1370981671
-906474210
-7177378
-2121321812
75796958
893787681
-259762300
1265433612
591363654
46916046
-279885552
1013531532
1446943112
-1595033443
-1565709844
1603769924
1735983321
2095902455
1175623160
-355347324
1165412837
280700372
-228683564
-1217772264
522342075
1648681380
1059075327
1188370636
1640875272
-1382309006
-297025504
-261610958
-744582009
1598419015
-283012956
-1040726622
-239918921
662563532
-1458640760
-1006344831
-1922106929
546136882
1700235639
-1818505530
1520740591
1006666070
1672773143
1145465274
672369559
1247178015
-872045409
-477089026
-131894692
2036963626
989384364
-1304837934
942601944
2101318569
576883285
-1524770668
877182178
1200259464
-47060868
899438725
1534530302
707045328
1537856615
790854099
1747232279
309372752
-736112498
2038214355
1899773035
-1391505799
-936825674
-569204339
-447697978
1292248458
-618854082
901387901
-1986953486
1702893804
-1369261128
350205848
-1923088787
-469506594
-1888917318
-107410548
1348440156
1217539412
-476125450
-1036575412
-2028493889
-1546170084
1166622600
534616011
1491901158
-1212448957
75980687
663312903
-191338204
106794934
1945292542
-1323448504
-173877311
1026267179
-1482325836
-4171863
149202484
-678012351
-1333522487
490613975
924842385
755691493
-2065826262
1269804824
2120994624
581982712
-1283798937
558528143
1154967279
287102254
373547723
-91093827
998627273
-485418695
-1880558676
-484699573
-2133768985
847636005
-1478697211
1562735878
-452434682
121275397
-1763739839
1216406058
-816819845
-1950803761
623961945
-768012062
979357795
1840248964
130624032
-741080817
-362246626
-355642476
884941533
1673357896
1507195389
-1505958017
-978310374
-600139999
-523191751
314414527
1521625531
464138416
1995500326
1816069348
-966293679
-873021876
-1099391575
945139713
-311585872
-1337270888
538134759
14026822
-707579714
729970367
-458349761
1305316590
-1613834611
-943427328
-339175815
-971309733
-1798814548
-1536906388
-958708929
777324926
1178301626
2061909486
1231505355
-1094638468
1346347579
-755874164
-1742291487
-518890098
1154907054
-275265813
1005757440
-540908760
1792331998
-1301457384
-176052780
-648735651
-965258632
-613045627
-110725138
1945715841
-1748289827
-1422639023
-1091847498
1342149903
1966856249
2138021835
-1009346401
734693837
336830420
-822933448
569938845
-1872151763
-288370009
897155796
-720620077
-717206794
1594626866
-1693933034
1323276689
1497038627
-1748783988
-106860232
-527762307
590915339
-1309410629
-1382918154
1889587727
1074310849
-1030978491
1880946325
-2094528190
1552549053
-1706125049
902774310
1208514952
1554560443
1476889156
-903919349
-224613635
1178526435
-1465004032
-1932675142
949710303
1603040809
1352314767
-1819634239
1656681790
508246262
446642024
1335167753
-1380554513
-1667550968
1447863358
-473014946
-515235130
106784661
-1011514543
-2009266642
2104101635
-2108588362
-647092736
-1534795632
-597637108
-793986813
1055406755
-274353272
1440593244
1797740410
-1162961257
-1600021367
590534075
-1159237212
-1631339111
364977722
1363358895
-1249989638
1857426007
-683485316
-210670798
1168273540
1747164228
1252075180
-2086323292
-1801679422
681467563
494419237
-1854244606
15491024
-1603191545
1991993096
-1256542888
460253124
702924945
1922075454
-60411020
-655985318
497079065
-1391122498
-2111260708
-1742682413
-810231015
-1967108597
-1973398271
663012121
325494022
642343936
-883048781
1975464486
1452381673
-63722289
-1661521705
-1831331929
241083182
2140855878
-1267788456
2138084316
-1764103236
719144532
675976539
-1987875135
723537477
-1920711476
1919125942
-1895779982
765432030
-2020336280
2068086433
20902347
1551429073
-847747569
-812335442
1724068942
-1631643214
-145582758
-1840932618
-175470519
21370544
-2033945260
-1684973932
-1257323976
-28546772
1068007041
1089442647
116521063
-542473841
-154771679
875163058
97691099
-1733398696
632435381
-1426636297
-2054908046
-661180045
2028547522
-197991228
-1257699511
-503040047
-2061057580
-685207363
593660509
1273162292
1998159301
-1681589381
-888687500
-1364375478
89075263
-1559870013
-2038327747
845805309
329515646
-1257850118
166820278
1477398281
972601690
11506648
-217349939
1760575694
-374334844
-1882673060
1506413130
-101506713
-290177009
871726335
1375207659
-2084588294
-171412430
-1384220884
787380432
1712523857
318023500
-1228274450
-373014759
-935527511
-1272724953
1583256555
2096381901
-994809654
1037981824
-2005716080
963241469
-1762886057
-962625594
-541909363
1177606696
442932839
148491810
-299112572
-2013805855
-1516126637
10405303
-2103100164
-563352657
339824081
-1875169238
387741851
-445778380
-422380735
-1958793628
1108176276
-2055341680
-1925453497
1100021910
-1462424995
-1950370809
-531945063
-258618755
-1257070171
350073568
947425561
-1083451417
-189501819
-920873840
-2135672539
1088824693
2074224629
425576728
-1113832914
179384737
2044917633
-555518806
951298951
822434306
420112187
-660776814
1569608831
1372276942
1657772787
-1964972461
965966513
89863841
-1337825115
1877795088
-415676007
-1102576516
-531299278
1119564078
1085362027
1496543759
1017655891
1890176566
1562831647
1505293370
-1611450678
-2085756161
1143867344
1448144849
-1321209383
475172875
772913478
-1427743585
499572984
-84479951
-1432908335
-1124789075
-541198655
-1462418564
1271245144
-56142908
1042841134
-1248369581
1955003824
818752303
669351175
-1009063207
-1125501902
1475407300
1847413141
-129391978
-462611321
-1686644699
-1224325221
-502188458
2140124357
451836227
-2063335290
-623954351
-1106829633
429170467
-1901917469
-978002804
-1281747304
-1087058972
-987269872
1140339582
741719705
-745572608
-1601525962
232686325
224580676
-782065966
-1541345162
1845897018
-1187994967
1469738583
233714530
-1907083661
-2111027721
1421867832
1999922606
-1387489208
-1974463403
-2037948409
-29501658
-1511951415
-113229838
-844187959
-1156549662
-852420721
1038550618
-378292300
-1848216135
-948453344
-1915485941
-167903175
1906063603
-101916520
1592224584
1383614020
734668865
-258354812
-1760857812
-1368196159
-71502863
-676197871
1598741505
-19978654
-1387427747
-707573915
1018539986
421031839
-398624860
437667404
1870237246
220311806
1150536348
608105239
-660802930
-400064364
1816227079
-1461374016
1445567242
-17792566
539207940
1432203346
-981224569
-711229852
-1662097977
565984647
-1586457276
675777471
-1360061044
952094130
-2044121097
-406667175
221560520
1343359967
654405666
1697660310
347597985
-2059205320
1609512618
-1621192255
635589280
126583977
-825182807
680769104
562757541
2045183175
-1644476798
1814310507
1768487962
-1497342995
278465846
-58783313
1784450923
-730167640
-1293091595
-860827858
-670897995
1792095316
1643778552
-671378246
403644093
715323910
1485034637
1329776227
-736183517
-1502523476
271284595
1122853437
-1586543402
47987
-1647430809
1086958694
977108426
-515518616
-1518433794
480878406
-336705560
-898507423
-1917072971
941595672
-626236090
-558070498
136831302
-29941847
1042646936
1941274794
-1188216772
-746750112
650404581
-1917037817
-183792951
-1653935490
107788157
-839795447
2027632343
-293835867
-1365670103
-321839998
1451583068
1246955166
-1223890524
-555869793
749638386
1328942678
-12307382
11880081
1013440166
-1667178711
-522557169
-611019409
392437263
1230383458
-1926356814
358271066
-408227934
-1425647614
1145005105
759906273
-1231719355
506404800
-1727190657
-1546269785
1904573729
-1296663983
-939432076
-579313341
-1602141509
-249327127
1769338116
1640684903
317389126
-377724672
608937907
1445147459
36492850
-587175
-969906872
826453547
-156804344
1360670015
-1748493120
2036541814
-776406663
1859631633
1572330117
-502963543
-845978445
-958264575
735144927
-1320171051
-1442569226
1613972760
-1601092182
-136350659
295385703
918242684
-469261751
-1075636933
234092580
1084792565
-1453258022
-210624157
26298519
-855282771
-1261322325
-997163032
-2097147377
665384759
-68504597
-311333314
-452494708
1057719506
1133908132
596802049
-1948768806
-308693523
1080324840
-1368279787
346603744
-973515538
1119050058
-1188001779
222260793
545884206
-1547144048
-811153712
-1731401725
881111368
-1299918938
159378297
276261623
1355447443
823001812
-617178241
-314523974
-1547901716
1878713907
-345973995
668200818
1191391160
1249146716
-721317165
-1636004709
-1884150488
1083369059
-2084942954
-212696806
-1786181441
1699347971
251806883
29546641
-521726447
-88646886
1144408082
1682900469
-1625979444
1306011479
-1364795031
1054965598
1270767356
-2133636303
117496455
1756349214
-1658283894
-2074064102
-758766909
1066342932
-1554624763
77743092
1330349140
-1759335615
1755976356
-1219380540
-602813454
-576801637
964989323
1871131556
748111549
1329986849
-946068915
-98319362
-198657442
-696003537
702804658
-604761098
1023884139
-2116668909
-890184007
461210408
-1851095537
-1612657185
2049323999
-1020500845
-784483094
-29672320
1473569953
1754629588
1643033142
907635983
1310453824
-504597098
1116086058
-1274079641
1342243523
1056128328
-1287557726
1663298039
170168642
-574651887
575469567
-797466664
-320539040
150749440
885515084
-921554911
586699545
1678678664
136902561
7196026
-910346307
-1527291605
-1553065268
822965487
-2046928581
-751673484
1777750317
1783375622
-924461406
-1049654999
-981440288
1019092498
-106900763
2098301889
398897953
574526921
2029807326
1830842899
-388861972
-1655048172
-1856950379
974540624
-1415065628
-160595162
-559743807
-204004045
-241848203
1624423632
1429103502
1384413558
2072147516
1895712530
-1879688800
619728519
-364795483
-1159796236
-1988150185
-1149602949
1637104085
-683481450
-553097132
1264475971
-282097205
-321460346
-1770863300
1143409436
-28988479
-1095556527
1760799163
1918992460
1120628439
-1801421220
1826143179
-1761735414
-329309453
-1987521292
-1084935882
224089277
1367160546
-1205690718
1757680729
-503992471
-1092741949
-1105616445
172200234
-1133999002
1856692388
1476097624
524914299
-1877554094
-2048066195
-1253575909
1897011071
-1297463736
511081468
829609938
952916365
-1108743087
113236113
-1918547738
-797754844
912868122
-770069908
-1662848970
1972029742
-108322585
-933811788
-1440753880
-993258616
-830675001
385920923
588336641
1046288834
1852747529
-1788111682
1146451062
1472917283
-207613970
1527189969
2033334147
-1344781073
-736065121
436471419
-1008347014
-1332550165
-2019708831
-1837643138
277893470
-498670048
1451793414
-780636902
-1654773135
-32601377
-411088474
1051920051
1276286219
1294610181
897442959
-1880948559
1956110252
1933289344
690432633
-1902413913
-1155885228
-1993020399
145907453
-1874715722
530901522
-1786640301
-134184376
-1808977101
1853169371
1609734395
1816248075
382509959
-257739107
1298618720
-1884339275
-723508137
-1722348910
210535742
1500314340
1698365668
1578204121
573706934
-2031495400
-860353613
899713089
-849409896
-1773361751
-184113040
-1166059416
-917670683
2011602171
1445203982
1340119812
1783678862
1988368879
-1444793549
766689664
-1165978238
386351260
1259331283
-187502134
538839015
-1640008642
-185858278
-1969438357
-901088346
-206841234
499670159
2001866199
1963595053
-1744413293
-1352822922
-289962490
-470463377
-229121384
-1701452427
-352863934
-676809425
-718428706
-910621319
1353170754
-583891074
-1970080908
2100174298
1021693304
-1934513022
535932549
-893925188
1161514407
89281400
-164668399
123687608
1232161207
1561350907
-1652316960
2138785724
1260339404
-2107123066
-891256142
1352100399
-1431717484
-1449052106
1033079995
750942296
-555276832
-957565228
-364177587
-1742183424
-1057559690
105895955
-601810217
119922773
1916773924
1790275349
1341724173
2121034256
-1538853096
1116102451
1771921256
-1231278630
577140079
2051605245
131832273
-1423216405
1099338763
-786333825
614940824
801726452
-1287548759
-538081338
-2092663126
300181567
-446840783
-698723166
1340916995
1004175123
-441463728
-503589716
-1786653599
-1227097252
-630540733
-1101506422
-704958919
-1645222517
-1192447242
-766754959
-1668996882
-1844256325
-1904921523
593324011
-66591936
-480765931
-2011057216
-221353766
-1119849726
-276447372
-413920723
-155330884
-1677972720
-1843581365
1048486121
1134434607
-1499249538
1985516998
226437143
1410766007
1565374228
-1750676689
225672765
1730620607
23145722
-758135917
-142113517
577987037
191757743
-1888311900
702914462
153784410
-1913887681
-650603039
1861219710
-1420356880
2010801333
-1205493517
377100163
1035357653
-179432243
-635213734
471849349
-1680349704
1293368302
863466824
-363891340
493004938
2093383254
-896444979
1684687789
2017584831
-685799530
2075846707
-725560177
2087078357
526313537
-721979221
-1973184690
1727095637
219388640
-805006040
-670287354
-95191656
198665256
-499532918
-1912668397
1532457100
389055086
-1238219265
1442202527
-795836745
681205850
-1409336922
-1087450245
375029372
593116891
-1739269260
-1832573390
-1243819107
178260570
-201183397
-754919077
629472513
-1715286223
-247544408
-1003684817
-445269322
-1083473570
-1908573524
-1871642534
112463928
-1434973325
1916341406
-1694014443
-659839245
-443819823
102345663
-680760972
-633842426
-1142796523
169928895
2012245756
-1980052407
-766842159
-923032225
-641811080
-1717914223
2038297470
-1133515945
-1541218548
687389746
-294389071
-355021447
-622603382
-1653125692
559520397
-990857451
-114444796
-22474198
123479928
-878391905
-1325946975
1495293903
908282129
-1692252017
1532826548
-502583245
211201633
518316936
-1908498166
-1761912667
-355577520
109825724
1274045571
83037009
-1778451111
411353486
1342187747
751428733
1947995521
-1685908616
-1585979414
293537807
-1727883899
-858456274
-1397911391
324080466
-342791598
-1507363837
636704502
-2000886023
-413876807
594221452
546261131
152079715
-1767685790
-1080858238
1938576074
323993888
1819673857
387122156
1701996092
1811666867
874742728
126263677
-368737509
-47639399
-1564895972
1597130810
-1760527579
-1033394038
1765356682
1124771423
3767474
1705435390
1672631548
155105155
-483673336
2141015026
-2039663833
-288090118
-2042443794
-978791445
187816775
-81089926
-912690562
-322561989
-1533684210
-1436388352
-1507377345
1299088770
-549244711
-773271052
2109001074
-1021250953
-2002037468
1059090059
-1843348052
1146143976
-758422720
292132716
-269226588
-256646402
-724630461
-318317930
-656597682
78116037
62515006
632556928
1670992168
887863788
-871408203
-1803279743
1229948371
1718712264
-923612341
1190948977
968591588
-1092893794
1437785277
-878030703
686623484
1803955489
-1084442095
-321243481
-937607403
-1156608711
-65820658
-354048147
1080990495
-931922682
146590958
520073515
-1483764278
-887047901
1515588690
-1547842910
-328057435
1967945006
-632672651
-1676329940
-489118360
-1249713272
-880556380
-1033668832
-258629235
-906332839
-1943827219
-2120614021
-732380380
943167190
886447894
1359793084
1155791847
-906957882
-1777312560
-638828786
1307015052
-849588159
1949881132
1919033772
1991325274
725918138
1228401486
937114496
-610059009
1556386880
1397739615
-293767922
2134666656
1434654720
-1581760312
1365549711
-1884463568
1242698510
-561398116
-1673634463
598982660
215511908
1044829013
1568640925
-905171801
184343850
-1492559166
-2030791159
192113642
-1101629129
1732577600
-753460175
-584218816
1975363543
-982539992
-291301681
-1164296632
1785633742
301108103
160858227
1153675433
1137451421
1792067604
123583583
-2008198875
-84863229
-140023714
631817139
1643541992
-647801146
1818102340
-1434222391
2034571809
1780686002
742393258
-1358037790
1428333780
1048454626
2106474857
47662081
-1602369299
-2135027395
438625159
648553239
-1700670825
1513997379
-1144041304
-1699142561
1227158990
417978377
1838689987
-165581301
-2058063310
-303279486
-972398825
436365088
-1239506914
-997969921
1144202080
483280541
-1897383175
-2129821448
-645602746
1866854627
-1262781237
1833377804
-390250730
262981456
-1156260077
1815036998
1424521395
376917548
-1720019753
94401441
2126988238
1554238664
-129428997
1953274317
-1854172076
-1388688412
2129671126
-1454618829
1152649768
-1016883631
2105663234
-170632137
970257682
190652375
-936630669
-1660640068
2115576822
-1601571240
-1572450358
1864771564
613675848
-1539366604
-113686293
1960325176
-1415491905
-1175710993
-1828625716
1570197406
1088920136
203821329
-242195056
1224336425
1893381693
-1255688627
-1858842157
-1148067650
1374589654
449049317
1972921159
1226563092
1805321951
-1008849076
607856767
564115460
221896107
1248818444
-1114782710
782711554
1273188424
1530577386
-1130517820
2096342506
-1342415373
-1580144313
1902867304
107152384
-1368541234
514238408
-786003096
-1958567118
1169241039
-1408905927
313451776
-1973671265
-1756431620
2144116910
1782248072
-807463588
-1438456108
-1048780053
1443988233
-853502604
-313146864
-129101051
1697403923
-2109201615
-922918773
705485128
1485925581
1201618073
34718333
734772315
1988007501
178198843
-1194019089
1862763682
-329022166
1933530667
95203690
-1289489949
391940174
-55255478
499828466
-1974753493
1940443408
-100625718
1090455090
-871862030
397715585
648116208
-1501716744
2107066749
-536795643
783706652
327847139
-1437745277
-2085078234
873963270
-1809270439
1134338835
2002069668
-273647799
-29046593
-1298785100
-390680368
-1679399899
-89979164
-90467635
-277767399
1315038592
2002462397
2017067335
-896574233
156951598
-853292713
-1635670160
1263401895
1457122417
-564461560
-225431518
1211333670
930352323
-606585368
-1496139740
-1508347102
438262994
-1419285377
-567601
-2098033890
1075474635
-1651238977
1658588404
-1050602635
-1363067685
-546904780
-146588163
1502276786
-1244779278
2542201
-51112110
-1124178402
858682569
-833440019
-1167095299
1832444057
2055003174
-2128632665
-1547126128
-662353235
-39416994
-1743633242
2008681285
876464608
712088603
-2146780595
1996366951
2137924937
232092255
126622221
143040241
312067429
512827848
309370723
2057319796
708926762
-2073271531
450285061
-1481728195
250712157
2102648296
-1591545257
52984246
-798676192
1565117133
716420388
-1960975348
-1092960562
-1909444230
1033877130
-1038438126
-1083787253
-385726632
-2101517260
-958442652
1929921046
-2023312830
-308969778
-646322225
-1378317472
-1965247605
1056178869
-1040514576
-2129576094
1516404550
567437294
580394778
-920630869
278086592
1855024474
1875370877
-976472520
-1759533743
757588774
587367811
1322107655
-1855212972
-816895864
1922239357
544765678
1531548531
-686993241
9191295
-78294616
578321447
-276290854
1186889095
-1271928528
1711513470
353069589
599375844
960989265
-703255265
685787039
-1749447211
844833406
-712140149
-1925546744
504279151
-2057293602
1827650725
-1336155814
-361442876
1310837931
-935955085
-1017285234
-671061439
-318334276
-684656090
-334443455
-617373609
-1106158497
374273367
-1184647001
9371230
-434554516
613812627
1507555520
1188897461
-562817130
-1626441703
1532743368
