1907870023
-1692564148
1021120569
1953286299
-866388405
1942967668
326994252
807639965
-2047478317
1468656852
165828443
-1902948170
1312830016
524931973
5137673
-1743244043
-1665605475
1391514014
555049810
361609421
-1911105278
-1566578233
-1149472122
-511705408
-1568075459
924707084
336451476
-480566951
1050713518
1551278067
236732811
-1166777250
878664817
137107663
1928749918
601408838
1961078466
1746165590
1544807911
613392104
-271850339
-980177551
1653667374
1639404661
166870693
1938559315
-1344408598
1808611240
-1815303610
1633214669
-1512242105
701570619
-1094083555
196971999
1476365545
-955753828
-491410282
1930735761
-2020484304
1110117344
1993071318
629496323
-746357827
-368969480
533502428
1238500547
-1545664971
287992609
731253730
2092283486
1661755716
605600673
-176549880
-1527175623
1864680164
415860911
322242100
447937953
-196087585
572310962
-1959629517
1774421279
2056684946
1490361006
-805650652
-137538800
1175272691
216614651
-1804062699
535940981
-470184492
41712439
1735799534
867279112
315626344
-1985094019
748284045
-574728305
301042438
650031830
743431474
-762583181
-921474515
336710895
1695397917
-1874474349
-628272953
-260156660
-1123237515
1169480277
-678110287
1167783740
-2037620116
987772670
1980078971
-1975115570
-1208351841
1208275011
-588565652
-519915261
659418562
-584817888
736093384
118001412
-893185924
-1088028441
431098452
-480082154
1661588367
747598747
2095532057
-2073818869
1383355963
1686115198
1557951336
1885495803
-1281572636
873128424
-1465026786
1144393012
-689140494
-241762983
1107343401
701700206
594929400
952812241
-779764150
-1433987262
1258196759
1828139103
28255516
1717459421
-718414940
-113353480
-1372841644
-468100368
549831176
-32958070
1143334473
-969500438
636029416
2014121807
-1400219721
2032422505
-269545851
1600515942
1593045951
-672088595
40350308
173639582
-1521659599
923206862
-1577555663
-1601711979
643632654
-621696656
1625652191
1304774913
-1002689977
-1426368332
-693572844
1760506445
59820747
806979249
875205572
-1146265
360949952
-552343901
2034465307
1477943000
1359393039
-1265177053
-1771020640
1851929876
1013422118
705615768
1295384983
1859503123
378627576
369874925
1560000678
1530702623
873217608
-1446544509
-1891157318
-1476865553
519760167
711876201
-1081162197
-1074643467
-1622548549
1867559882
-1501231843
122235124
154919233
2035241126
1091851305
-856003372
414995540
2063740357
1182093117
1866356921
1738537071
1869649127
-1859729216
-497597615
679521199
1711435072
1380683513
2131127917
929646813
685071138
-1336630351
36900819
22208940
-32004356
1193593366
-1816620207
-70985410
1488330626
994348769
1812883989
-352476436
667511597
-242471237
-926090436
-1893586618
-1711112986
1662713564
-1539798616
1280188760
303898621
-1194705931
2100568854
1312804399
1583009631
-1010605232
680258670
-1694631781
645352456
-658474444
1940348765
-1736499403
-995383626
-83957875
2024361248
340075171
644591838
2035532748
504150691
-1051659750
-606795549
-1654996212
-450172470
84278308
-1736034939
-1331225226
84419597
1993172899
956794007
-395306523
-829810102
-1799005931
-61431563
598286028
-2045514282
1372112920
1421939635
1544514903
-1716439340
2061543728
1028203673
649456336
1404738506
-1141411896
-728511025
909745220
-1519137168
-1045156746
-2095728940
-162547611
1020002763
-1728918653
-1021285708
-1475841102
-110678661
-1079822423
-841990790
-567285036
-1062751664
657548574
-1158769438
2078854987
1003828258
-1170962223
-1025275821
-348997047
-537477919
1581514739
873270283
-808957474
-1178370838
1001696184
-1350493285
316632148
1785642140
-1477851810
2007209878
2014871004
-246885589
1076846
206555781
-1852892055
-1015531853
835551553
937478429
-1698048549
464189840
-2116459067
-1117576781
-1636559776
-1194178324
1040051840
1844285167
329248023
-1442922344
-1666809387
-523918912
2063840501
-1886541793
-931982458
-355428721
1031897068
-2075890408
1849864826
1025493430
1367666249
-587665732
-1875726657
-76841165
-827986851
540700343
-1671717935
1229320600
1287997535
441989954
317043484
-1694770106
-1883094384
845178481
1755470527
1421276378
-784958560
595730121
1374737554
-221640730
-661134000
-790332139
-1987028630
-1873433373
-973694632
-105129095
1214391451
1357890918
-427378038
1567951303
-1841155139
-1780008046
1787085878
896463633
-783958349
1398846413
1409608656
1882228862
-803558424
-1809832522
1277458640
-1970141855
1580434652
-1080127402
840840921
1261297799
-383799586
1951022485
-1942919651
-1528889648
1177021466
1656965358
-2023961089
324467456
843278550
634215782
-823798279
1781569239
-1527129864
1623908026
1102956735
680503646
-1458869813
-1155206697
-665475676
1654726275
-1140880382
-1924720498
-74243011
2086853608
-1203250692
722228359
329240131
-1622892809
-2068537783
-1025047178
1299534781
-1280300999
1942797932
1475081869
-23560866
-107460632
-1368191518
-1300476111
-911843029
890478530
-1017164445
1993431791
-1167213216
-285135329
-1869522329
1298685105
663264660
50460229
155800299
242999596
-804737509
-1393272325
-1300778636
-1030011748
-1744117333
1708324955
759473492
-1907859533
-1926410943
463611372
1803430699
9342926
-1238606267
-147566097
-1733252688
-335180183
1033555692
-700519175
-995748175
-773469227
150600925
-1782668095
-1656493993
-822394584
-374438377
155388219
914380462
-174133901
-1767419887
614919909
-206851739
-1917947334
843799842
540811872
366136785
117211936
-1700457438
-1060748991
2076954935
-1423172382
1476910674
101305385
-2117149878
-1533823098
181878648
1097975314
747656434
-1880823853
2045037646
2074047724
1860888399
153625603
978101020
1893537639
763584252
-245129289
-1643230557
-1297767406
-105840745
876573482
-1843782851
1694557605
1754860417
-1150778967
627676737
-359364454
-2062253086
-745090238
188436396
-952111615
2128831727
1412650427
-521056771
1210177428
1210114671
1508128965
-828701601
-1505476343
-283088774
-989439631
505563917
-2145650009
-686594941
311259363
581237233
-1563502308
1767119513
-1490290108
-1510274673
940347021
-466482455
-1925250051
-1744609760
-445415187
-1092572281
-1257676767
-665870078
809251217
-319718803
1871505450
963234894
1350240772
-1697731645
-2046310425
-1015788342
1676780055
-935593888
-1777925195
1552932354
-832187587
842485904
1264496109
1451263152
1309027605
317421335
1902870428
-1799533724
1925750598
1761790070
1527302265
-1834179232
1764322450
1204335212
-1209996781
831101892
1618852645
2070716351
-177352119
-292804374
-730966482
-392078277
-714987265
-1498323437
224687281
419443963
-108321522
-198807742
-1107584614
2118605030
29768828
874717544
-1993809644
33504636
715465709
-2127554880
-688304357
1569393618
-2045914792
665159036
-506596529
-1536927269
1103853052
-152640351
-1659505141
260223976
-2048875627
465140526
-1644961098
-369902991
1153044683
357711236
-1220754600
-206514155
-1788563221
-1449550591
-1978343056
1695273951
-2099178792
870985197
-61390844
853263306
2128165699
511264665
-1020124424
1311253382
681405977
132580037
-63686749
1638404988
-559965379
-429573566
-22334817
1346896912
-1880333705
784036312
200144608
1112035621
-1482956117
-1989687447
-1942382073
-156528155
1428408397
1098601045
-395716104
-321675071
890720020
1238537504
1951061929
-1432838217
-1116132627
1278272850
-87348419
1175813330
1250855986
-1395659362
1647486288
-1810253065
744600347
576892486
737366420
350782173
1159054964
2023595965
-1091596644
1558790237
1008001424
810277773
-43430153
913199083
-851669635
-32280709
2122045313
-923107229
-1933829768
378093288
1329762037
1773563145
-1952741725
-715712903
-1494961467
1414722507
-2061960460
-1807952390
-739834579
-341423160
-1116344463
-1881156481
-2052994939
-1977253867
246189465
32105164
-1278567466
-1540074819
169406501
1143705590
-588837712
-1788752886
-827770128
-443837367
1282798138
-163055102
-1528644046
1103595116
267052426
-1624660940
2084149492
-156746045
1199074103
1540421556
-1692692801
-1366389484
2052760107
-337744029
-1142553449
1063461996
2132642749
-672695181
671766823
1212080451
-1401470722
1270395689
1461914685
-439431714
1207937362
-251166747
217016696
130648308
982812227
1612425311
-1101878722
-1895697772
-1076762479
1438194994
902742772
-302169275
737436301
1796661150
-2101194903
1001451886
-1292137562
-2043150455
1731482258
-747697928
-633820860
-624429625
-579879556
-196224719
-2082565932
-571744614
1281094013
-1346233101
1071978275
-2037491588
1721676205
-1729036027
1071882479
532941595
6764436
1857137856
1235986619
-1606215004
-645308636
-1349766923
-1213903390
952634180
411770345
327024910
-1149419281
-1343825685
515225982
422206067
13934891
1148143442
1214214466
-1650508242
-1617387658
-1938313665
-558264500
759029969
1102117466
-24001017
-189131621
-606096234
51488605
685848660
-1904773998
-666930744
120405398
-1224476376
1824527266
490717538
-125110910
943238177
1025408328
18836981
-1340321257
-1959814658
202802490
2034581198
1998309146
548862561
1802946524
-1488199337
-1459687251
574330326
1012743673
999851197
-1331941333
1898120211
-616245329
-515044397
1296876088
1754598017
660427433
-653199051
-405691885
278781691
-1798455405
574257584
1146277421
-806661420
-292197686
-1231867679
-1539980801
-1392301537
1472601171
-225792997
419510552
1760633641
1745740559
-194863218
1582403445
-2142277046
1278598955
-1761652316
-1656597740
-998984227
-1281441827
1657329838
1692850891
1639884428
253421644
-156234048
1656026709
-375322672
1997631439
-1087086632
-933098579
999595191
634679642
1869993541
870593950
-679861016
851992116
1529940294
-1890699365
1791075812
2057390061
775475696
39213771
-135887730
-338274929
1490807381
1405454440
1104491244
-1011165165
249748194
789394761
-1562937809
1538241046
-1162552824
-1357385028
-453998352
-1646852404
-34045409
1817295001
1348640188
-253795275
-1628470906
-2044576621
-122976814
-1306862451
1411033358
-1192957231
1625194538
795460360
547749016
1578062780
706573497
1992818622
-1443714564
502276890
1918115827
1791438564
-2087777748
1585312859
1786507921
-114360516
827003033
-363947981
316123540
1721795534
-2129015596
-1958437016
-721296759
-1498387240
-1235819912
520765164
1067069453
649550850
-938403000
223207726
-1710198125
970377173
174684051
-1574569812
-2000258716
430187118
36200672
390522828
-155439129
-942459026
-1079975226
-1777397268
-495264990
-715918028
-49017318
270166455
876096384
1776751950
-884676016
-447737670
594683604
-814720980
-418408166
846322742
-422498659
629426198
-623079339
-1419848905
-231889269
-686114977
-386724315
-1112081947
678100802
-2060554790
-432264354
-1533018599
1773283677
-1733969523
-902156251
709859635
1454486708
-882452828
-821162282
955890474
254418914
523657896
-1247860440
-1878142236
-244245503
-936554768
-1399340145
93308871
-906049353
460785239
-1490367775
-1827768177
-1849414538
551533102
-1195519940
58905441
1882877182
-1312421260
-2032378074
-1199580384
-1760654298
1233288516
-1316482572
-1966264832
558214364
-1249216114
1967851632
-99950248
317858922
-2051294967
-391600970
2039924411
424795130
-2103941784
1508029022
-875008440
-1313683876
118183115
684153823
-1181058495
-536711675
416225656
1419678258
-1905453094
-658907302
-1526081334
244566709
913748307
-1255705809
-1185211031
1331902290
-1831523000
-114541175
-1145562949
1910496480
419647303
-426040149
138807193
-1923470392
1826295203
549708880
1932111429
21298923
-989400953
1251246388
-1606541412
-1057938237
1279381069
660599001
320095111
1091950280
-1478133488
1912666503
432001207
-480328940
2067673471
1945931411
202222992
-1264677815
1612837620
1186409700
-1039471515
-1026628686
-307761980
939850674
260232934
385196456
651017432
-1315654255
-1584546602
-23560138
27082620
741449134
-424576512
786390016
-1388377994
-1797716649
-55580821
-216064160
798153050
1315186112
-1204900916
-142230575
-760698596
-548449789
757538619
-381561456
1829376231
-600586904
314848810
-1912142464
-1368575444
-1122397722
-1925208174
-1216752307
1919379965
-904170775
1672397422
-1843602988
1833395610
-215054250
834840172
-452292670
-375165876
1132215755
1971770338
1851645562
1755443825
1121772075
1516521214
1239770428
-925906472
1407562585
878613057
1255929475
-1330085042
1256546882
-740053970
404940205
-1062546056
-1235856607
987653182
1126238945
-77849373
-1140974082
38187798
909353260
-1262794407
-345631881
-1687528965
-691248403
-1972056970
-556742206
-321157755
-752187277
-1481745030
596440561
-275093614
1918012644
647669343
1506153848
1894382717
683859296
1676815918
1056418796
-141594736
1537332837
-1151331187
-584050419
-1287728458
1896067956
1841722013
547113734
-101769867
1152210164
2082960642
-593112846
66758426
799211607
2034074434
-696184414
-1534029771
1142980219
-1180825517
-996037987
-1420898489
294272082
-1276661650
-1519961241
1696847034
-88256060
-1187631063
733290758
-2129528304
-820079917
-1356666684
-632560191
274608223
975638272
-247792190
1457744170
-1000955396
-1339120915
-1656180805
1618019423
896875382
-1743028157
89591920
150285964
1668108230
-1968713771
-516660193
2128635315
-1426928700
-144911867
-1062681575
-52994129
-939741989
1467294054
-1529096559
-862271627
-1188319488
902691746
331198389
-1688794467
1176069599
-1020676962
1223962626
1592064800
-974965417
-578570277
-837848108
1959545187
-2138579672
1918417951
81602620
1902451316
-1947890709
-322171564
1675352341
-947503470
1871818049
196939951
-78869415
1275186162
-1197283505
-2022807788
-1838006608
-469098048
991492969
2089963960
1567888714
-155871389
1091927565
-1448723193
508582125
-1871225851
-1009542638
1438750152
-207909295
1606961746
-562277600
-1013298049
933773227
-1532840833
-1965556894
-1832670446
-2023142521
-182424435
-357248902
2052219055
1261030618
-121991986
-1578765387
-1789204500
961736791
1436468392
1128083839
-1452430545
640240385
1753623960
1913998361
-1551463601
-1074756095
-1414140807
-248922744
656125051
1585279929
496116486
1909728464
-1085166246
-315891176
1991243165
328651362
-1172722572
-542196177
-1965315771
1449076690
1113571280
-1702470396
72621554
-245252404
666288861
1481768358
-2066929401
-400716984
1096326805
1257166977
-1596025829
640838908
1042313183
61362163
-1466055681
1686823954
1570123828
1709315614
-1887679488
-1776296677
1165608069
-186754049
-697962136
1134086210
1437963868
-321954369
834462539
846819268
1350507329
-1702567863
-646239617
1236418975
1475210846
-251956196
1621923307
-1585512311
2075680869
-1440968351
2061805316
181080099
-749821519
-581181120
-561495403
-1978544018
1216080555
80693358
570108350
1713683581
1195853423
-584808694
-197296322
-1683472276
-414981202
1873838505
-679093004
229866128
1528500181
1157728175
-1037517406
1779325935
1930969198
723462880
-135905548
-548611086
1495387847
-365462474
-2017230911
-608357543
-703641136
-1910324748
556080783
-1324723602
66617929
-1071383814
708090972
953353853
1294382364
-874658981
-235755621
898204291
-1643939833
-371691988
-1913351300
-537510108
1207389309
-227579745
-18120848
-940284446
-438043442
-1429652913
-336071956
1168980876
-1358616699
64927452
-72027796
1123761651
-1128030960
1187722426
655477434
703916259
1907258278
-1024926394
1975659375
-2127931823
630650213
-287741414
1249915322
-551539248
-1694839622
1858921377
-1496020385
-934963383
1320817412
1297954029
-959129085
340403435
315434363
846112967
-712444250
747890784
1636328526
569549831
-1230260881
-723179712
-1623572469
2087399718
1921274031
-331062582
-439207612
-1578946287
1893837343
1446029009
-1341802898
-822590145
-1592726164
-564702221
-1588472820
-3094779
-230861067
-1163929327
-58223860
-676765656
574563027
1404375034
-41809552
-1840572236
884729881
712716649
41711920
-931926517
-1445272484
878482481
678981982
-1907800256
1593047925
-2142852170
42098059
-57877851
2093510533
-1244399201
1470441321
801233058
-767519431
1320609481
759418545
-319197240
-660993970
-1018906754
-845538490
2010840613
-2103040937
893325030
1385418138
1508738009
208717246
317568445
-2042891952
1567435497
-1348233464
1333893190
-1979959773
1464924242
1534750300
-271241346
-1224838395
1775368801
157384517
187550101
-92227701
-1677293503
-1180801866
-236690023
-1559326841
1094280917
-1980676274
-686549388
496524534
214820552
858498013
970400024
-1651774436
-2097197087
-829524441
-310687240
-1751144979
-52744805
1486474215
1235813817
1983120559
-1011134220
-1995176938
-218070743
105197276
125672325
1471102572
1030403183
-148841396
537192402
-1239957721
1116468612
-206378605
-1217420573
-2086778102
-72827423
-1937949272
203811603
-1604468824
-2044422278
1937106374
1772767271
-303338526
-271686422
-1454339178
-1841999711
1586883757
-1414760209
-865687155
-86650794
1513001496
70136087
-20700781
626279486
1687523469
1540360123
-116123163
-676216949
1191281238
-593866452
629425211
-1912107524
-176226973
-659417044
-1233980628
-99735694
-22199991
-977875552
-350314031
954681539
-1064746610
-1860255870
1322504617
892356045
-1570205661
1752140572
260072124
1579083982
-1235620815
-1001456014
1298254338
-172199181
-348554984
339483903
-520762876
225940014
824369587
1233599396
-861171261
1115643980
-338957343
1578854365
-817011239
669433670
-571064255
-300249547
553203678
1555080918
1993304636
-445574149
-1056911348
-1260701875
1912755271
-476260298
896560422
-678910557
-307379095
1261359061
-1350238572
-826125105
447192315
1733144874
290020562
1615048793
598533550
-890019175
-769383413
-1753244628
-1013260078
587604108
-1600776959
-1192456784
-1311919915
1896451753
1761812527
1120969240
-1031450103
-952948665
173965104
-1719122440
-1879446359
-1687108579
204767329
1238843929
869581597
78061372
-1810700091
1149059472
139673725
1331274559
1023086633
1212425484
1487792979
1548475328
1352080264
-1672497296
565526692
-272609523
-643958352
-656697439
-1842169039
838839835
-1620572636
1913482144
1857850106
219058106
-26184124
72265946
713998595
791096074
-828509013
-1794982466
-958074023
1492108589
-789639464
2057488528
-126116521
1220396605
147675407
-443349123
-812597211
1153476992
-1407947647
-593412626
237995905
-1410384678
369632170
1313753888
1661662913
1950671746
659011834
-804680204
283632152
1803800568
1568779191
262025731
-740902888
-108238538
2072416033
1988082165
-1971200137
128536357
60237782
1000626963
-1025659627
1110618706
-592675976
611384857
-2100087235
-790433055
-163662196
-1725695664
-1085308118
-1184777535
1996098724
-496445476
-223025715
-1238759648
941553344
1703985746
793016525
1698878753
-482511886
1485855885
787614415
1166632396
-1060032448
-1751307071
276101623
835145030
238990797
1095884752
1032635309
-2051161791
-686814150
1424096988
-124236637
770890421
-1034851767
1700456989
604710167
-693846320
-539697725
1182346483
1564233045
-1139678422
1009651100
1886814014
-1581367681
897900860
1000700500
1504053229
-1826079856
-1736078062
1987371167
-1543916331
1966419614
427311935
-241917369
1122286531
631019103
-1508924910
561797457
-2000906028
1078872045
-1685839354
-1783170722
-889512445
503449805
-1580711554
-1890770092
1205430274
1519928621
-987285583
252612413
-2031825842
-1797691795
1009214178
904769646
1051464829
1710591456
-1352079915
-1624311829
481598170
1828632530
-1748227971
-866166518
-1211360205
1169394381
-1816973319
-736365483
-1597680912
1787909912
-638844479
1894714548
1878699879
747113088
251758108
-618353973
-405552785
-283960230
1267965397
-1178889567
-1287706829
-769215033
-1624350931
29192065
-472115897
-2070898119
-2044482029
177429029
1806420992
-2057268170
-781605998
261758224
1121226239
165964380
1219721354
227269434
1887759375
-1140875100
-1339955294
-1953825550
-1885373903
-1033401878
-549242244
-1242265856
-1044102669
-170889812
-1108707797
-354533367
114198024
-1012873711
2011716321
-947435465
556968725
1150016045
841493228
558368536
705780168
1002780803
1566403811
1979225030
-1483592145
-1902979637
999234844
93518664
-563509177
-736373772
-778042784
1397295416
-1986899502
-1364314773
-1011148318
-2053409115
-1971466900
43384989
780553836
1836753722
1032372960
-414935109
-1905463590
-1302905697
1000774839
1982810300
91658188
780892191
-1742189806
-1145546329
-1774812010
1122747018
1368260537
-370797294
850033531
1272449628
1135613811
652188389
933218587
1276446750
-1854094185
-1839236765
1000865577
-733533940
709709538
1372082795
319711840
-1889599497
-877724533
176689402
-606440521
920739948
162068629
1647997683
-1929748270
-202143722
1850329699
465824546
1433741244
-306840992
1792815761
-1263919234
2067352019
1895756382
2060222720
-25196626
-133567997
1395625709
-1488668622
-645140530
-580218314
-269673192
1410798041
-1204558990
1367170059
171582653
2012461226
-96647958
1976463557
1929452399
-1000354955
204444871
-1455221627
1272766878
-894370438
-571298402
-1223577412
453602805
1806854132
213317643
-1190424102
1596541699
1020027130
-1554097416
-1026012085
2100480797
-2133693561
-1169331169
290323619
2057442945
-1455975209
1744872652
605083415
406550462
1872417524
1194958567
995605039
1350273619
-1398654833
-2108383695
-2024097607
-1635176554
1765085715
-2053707315
1976291072
-1856541225
-544063497
-1471497726
-217499843
954441157
1807835731
-1098531265
-608431794
-1017214449
-877483594
1472429919
-410168923
-606771890
-1605738186
-1320345043
-507106430
-438715871
1322419655
452742697
1615882852
1207286169
790494928
-1048626036
1474195132
2074905560
860769275
-819973239
-464928284
1402767092
-739918772
1802695125
-1984793265
-1051496416
1121813108
-412168599
-1260863232
-1430050035
-1944569241
-291204986
-1429367489
88570765
-33639380
-1012186119
-1330769014
1209253241
-1281484813
-1110471264
1994990282
1407825621
1870378860
-1799011284
-1345482042
-2006390735
-993779626
-1395437273
-770538788
-363331759
1220559957
-152166856
-185401363
-532656112
-1177236984
78975654
1066470809
768440193
-1862476966
1552672026
-807170388
-387871402
-1074592488
-1638873688
968212695
930121605
-1236272188
-1581472752
-1284096094
-1321487320
-2079303256
-460646848
-805387615
1588620708
-1116755411
-1537498340
-782431515
-54825715
-468167060
655783298
1949873077
-1902879031
-1584576763
-2001028216
-990324098
1620811122
933973808
-149080569
-1970810361
-1667352831
-1284655855
1736555613
-171813656
-26042328
-1258132657
1600305261
595782460
1243789822
-336605210
2103828202
554792853
-251785759
-1344863172
-1448237099
1120542512
322528151
-1283771790
-1716827325
-363986583
1584338358
-1855499267
193807971
935555696
1889912902
-1794028172
1956818111
1741860157
-1984338524
1911714730
80464322
-647548735
-1134787160
-1325740545
-879438214
1645034589
715563786
759540211
1914685341
-381280361
2055586561
-2008329221
-1680967727
1638224139
-894405844
-1523250792
1458483751
2100527263
1662992821
-407537500
-1698832152
-1196156678
-488434765
-1508286482
691168404
305980469
715128272
1298736393
357881639
1784072147
-45448405
-1968344223
-86786146
-690369554
-1304469889
586561678
-1256162887
858120627
715929988
1306825196
873223681
-847438576
-87951723
-1989312661
1170814476
-61123157
-1282445166
848588706
-1298061058
-1544396011
-286403321
1127872810
2045561939
-1296996289
165018765
-1978903255
168326364
2133910060
-586652304
2087481132
-628857849
-784044568
-1503153006
1811127866
1355582819
-2037483080
1090510990
-814523611
-2142719902
-268348014
-1397593313
1661569059
1606273631
-1401137457
1394756803
-377938532
-221895454
1282081566
-469731685
731926597
-1480227805
238515900
-1450963307
-1629322132
-1928119860
-1832879647
-723007028
-1578261867
-882106365
1192687997
477628718
363307334
341491879
617469731
-1621910434
-410363873
-110875432
1063404613
146493148
-394203091
-1062451011
-1158538078
1810539363
-1732541058
-1649635456
1373172731
-63544942
-886911496
-725314659
-2094806260
835967438
-1554065050
1595653980
508993466
-730463386
1157709523
96475547
-788640632
-400828169
-225162469
-2023353647
54291279
1480431377
-1923742530
1609145935
153235246
540852506
-1417733897
-470737977
42625470
1607798898
1885537805
169268498
-1317916790
1972023767
683153128
-435809235
-892153922
-1309379317
1797981158
1162155396
1995903773
864473779
994790639
1228233331
-1217333704
-714150782
-669343546
1248337929
-1988865316
324725654
2036000162
-822280690
-559010613
973037857
475772668
882700871
-470313553
-151024308
-1950258006
-1358668809
-1346479029
1155051607
1120730925
-97342551
-118686989
382650884
2102222150
863947565
901675326
-2397387
1456998094
-1824816673
-1081985799
746946004
124780743
-1719183058
-803289506
1687365362
513767085
-795359908
1331852165
-990566606
-1183212270
-1249405310
337831705
2120047976
-1992316567
313325015
253042255
132665212
-1598229727
201028400
-1771978220
-379855468
1125880309
54191818
-125214843
-201620622
-919335550
119810887
-1905314908
-2045457383
1735389721
-1308560394
-1634173369
1114430391
-2021630250
-1300479145
-1575382957
-1813892162
866574577
-131775011
1837697322
-450620077
-27250605
-318860043
-1461389471
-963435028
-165306004
-762304953
400347318
1467300403
-1158455229
1402104635
-475105983
1440770865
797886670
2007852222
1072935400
-933242456
-1805029245
1026469701
-140446185
2006369215
45266222
1229310737
911028401
2068631780
888333573
42345653
-152696767
798537709
-1666690055
1734517205
326296180
-1702059136
-753929650
1934538287
-457412917
-484837195
868759661
-1788001057
-1948931956
488137721
-1416201224
-881471010
1843299321
-1498001355
-1719401953
1459406795
-1691895100
1331113006
-1106681039
-1294739987
23227329
-783932882
542380918
-1509709192
-1946320419
82453988
639313211
-768570097
293475918
-141394808
-1003120595
1750048138
-272678389
2009146178
779471338
1353366264
114889342
390772684
426957781
-695380249
-768240264
1593427797
-501079511
483703010
1549152357
1641916328
-2102398896
1531082299
-751126848
-699711859
1932023413
1024991753
1820259272
-904373393
-1804229545
208632180
-665150604
1157662526
1178846560
-2093838289
-1258629469
833384086
1505020406
-959725242
-1217667433
-1849472479
-725339632
-421697511
-1212392540
-704648904
1643891979
500016551
-1838449884
-1766243632
-554286403
2079503887
751693997
1709748371
525900234
-940533164
-1675274619
-139052979
-1699918026
1889606240
-353853098
-63600759
522244923
-353672373
-1535927523
847545723
-1563918499
-1065302564
-935421592
354852640
370825658
-1345824433
438231744
-7982684
1842166182
1369146968
-1205635229
2000140035
-1916919433
-753811864
665399606
-550463247
-84876900
12182318
-1787007239
-237122050
1032804596
2038702688
797818556
-14375691
908846685
-1165538886
1562524561
-954572155
-1061101686
1845024582
868192898
2011534627
1294999833
526338526
379511493
-1895414994
1705184228
293238255
-1552880339
1114658643
-799243370
1473634943
1290880740
1723199282
1234420353
-1296731536
-1586658473
724922433
67638959
-1337139707
-1002403471
1176078064
-781525962
-1237925723
345081866
1983345678
935217360
1244151519
212417953
1790594155
-744694614
-181761874
-1155037367
-565178691
1380355196
-1317815299
-1383175455
-545803321
1989015769
-57873556
154603656
400399543
43075272
1846234452
-401055921
1269171151
-623940206
1660868360
-787599057
89871176
786697693
-1214724002
2060145212
1580238450
641803769
1068559213
-1802518758
1520826655
1289697145
1274580119
1667225264
1537296706
1783738885
-384405815
-451906789
-2115031342
1177991022
131547137
1464278502
-1875874316
752258307
-2041425392
1724699511
866207576
1865960994
1234869153
-1903883829
-1455617310
272020497
-1433385607
-465441179
1488302221
-579270898
1457997823
-2016800893
1137810316
887196836
633068799
1559422099
2101341105
507774783
-178927190
-1611208219
1343619346
1934367491
1917306081
577061792
1328485865
-442192936
656965042
-1301013510
1137775292
2062452937
-1409874398
-446811997
1669857469
-802817906
-2062244308
2064073601
2019278451
939260775
-941991158
212492963
-1030104424
-1163831766
-26179918
487603054
2057812293
-1630618977
-638348381
-839193316
-1980799156
-2068406005
-514289440
123211367
-2042904604
558016266
-1859057092
1218501248
1224657035
1271367585
-325213992
1725675846
-565745880
-1619525485
-1229772822
1362204340
-1680222609
1301297395
-712095297
2117909914
976256136
-1699185414
1770912002
-1268897393
-312408077
-1430822118
468529726
-2101246939
87815845
-830951853
75026849
1988575582
951774071
854557124
1051099394
319786847
-1019972160
414169476
387842596
-52949661
403844928
1032027314
1679186235
-150372879
-2043653057
-939565878
-1594057808
468838481
1826372085
1382585914
1358063393
-1686446788
64571180
-77183436
-938589013
-1082993966
1948930851
288336325
422083691
-1485059120
-2099802443
-1133069785
-1717363392
1021361665
667376570
1416608338
1313094870
481717237
-1958562131
-498365992
2470880
1807984112
1663309455
159633650
-1892820316
-1359469019
-12982518
-1732945451
-54982212
1274575908
1632895192
-1783223478
1163125530
1656273807
50709605
-1671808899
1608689484
1518789140
-811812173
-348997100
194124544
226568342
-429531011
-641629053
-1330462517
-1266437203
-564527201
-1587875938
-1285067995
106714960
317438644
579216239
-1373869384
-825597487
1882730240
2102713929
491576537
800825864
-578465648
422119452
-630202794
-661185325
-972594017
-655382773
557819505
-2022103619
-73843140
1228802363
-852963796
-699674884
-878108376
1060583406
-1798289465
-1797135199
1180069636
-1628633137
-1685927289
552199946
2027586219
1733384847
340309688
1609676954
1763270108
369190320
-2071611917
1040904876
-1898115812
1870533279
-1799644252
405476804
302573018
-2046702584
830228934
-211678969
1514144467
-615166874
-317809168
884251884
1045209784
-435535400
1208396437
269485364
105663757
1637604155
1951514759
-1566147049
1165943123
1080201844
-1086649155
-1521184577
2111108201
122275853
-1946825131
-1984845063
1513889838
-754252797
1703307483
1332084265
-881972885
1587277789
1823725259
1250613631
1341267952
-2017894912
1228882004
-1099304088
1766644988
38466113
-717768098
-1648142778
-1739553823
50347964
1109160398
-414653342
-145692440
-1908314141
1239402248
620341025
-1795358095
127583961
-1375593035
563502453
1543227486
1751881984
1831036102
1401683350
-1939003982
-803830320
-1881761097
42474994
1800790132
-1518728214
-1737305576
1328970082
-888693799
1314245228
-1554941368
-271187299
-855353183
917635974
1168240771
1279736561
-1141958719
-173788083
-1527341793
1075626031
17924929
1462031823
154149138
-195934746
253280615
-782787737
28268471
1004367316
287954453
-538394031
-704696111
-1718668391
1418737263
792151680
1572054735
2046025646
-1303416128
-1003679570
55268689
1414182292
-821355874
304312757
-424315925
-510799536
1497775947
2000912157
368458024
-1424627690
-1574029219
-155769611
830466512
317513795
171609761
1744371942
-1636362131
295531664
-349818563
819878532
2004670732
394090116
2053396756
232246503
-1795035840
1565688874
-998916499
1318745466
1691495531
17548548
1890125014
1043119122
2109189184
1246724671
-1340374714
2037319746
1275686275
-1893503449
813547137
-1612056595
1190236435
1310895836
1701929920
-986649829
-2139924182
148865094
546070928
515963152
1140423394
1097367877
-1972926214
-1204706662
-860257286
951656493
-857935645
789435819
-557754150
-597697935
1912393142
503387686
2001735380
-551795811
-628777153
-1922179075
-1687443796
-1646131319
-1810442022
1665111675
179923801
-3318837
-2128386100
-434400034
-793315059
2003342445
354139120
1312437288
600715379
627691487
-1533200747
2036980278
144611895
-2079658450
1575953318
-448043503
-595919158
361580406
-1208770292
1677233539
1422014054
597546389
1999968335
-1187381267
94795088
2003158305
673132163
-1434688937
40278108
241082779
-1795404191
-1760528183
1194407350
-1648324380
742338739
-1976299304
35747294
1490309615
36833013
-635010685
1765931252
-52825417
2124098617
-664480705
125979701
-355438221
1702985803
878111567
2119152581
-746996471
-1338453740
1819818329
-582333266
-1615214401
729871939
-946086346
1637600040
908502840
2131264297
-1449837303
-1425712870
562749597
-1135725852
-645177454
34494689
-92637159
-722832705
1036958404
-250212273
-1825680245
83668696
1047406740
1034321909
-136249225
-603044605
373369619
-796464475
1243804988
-948485650
-689255234
-1510944462
-1303648884
-479245179
1488564757
-869112199
714193687
364340120
545206377
1647689636
-895140983
-1536208454
-322929158
-1860942675
-1270904649
1467218794
-431861951
-2007882463
-2146766828
-657331336
-1088391799
2077611302
1912913257
1000980897
-1800908093
-1318332737
605881541
-157653124
1950758555
-2115546291
1219794865
27209626
-1874659130
1140083032
-1545037400
1435386599
-1357880163
-591900017
362702789
-1757020074
884492783
-391428595
775538622
-128044355
1793804050
1440824029
672305680
622608637
-831938501
-460083520
-1889645701
-1313358747
693221391
1531958573
1687511473
-1041305257
-159056519
-1643359592
295894857
1673616940
-603102530
315156471
1269410553
857748564
914010573
1736364673
-1860819452
-1497151550
-2033167909
2085675960
-1319289359
-799862650
-1122938321
-967404119
-128416387
972989114
-1946038726
1397596018
-1375655727
-610352990
1016200938
-785265147
-1954066185
1073048335
2044235071
-965532374
867682954
-508849149
-1094256099
-327250742
1032381357
1839519642
-165925020
1322094185
-1077758658
-10789081
1489407549
552986356
-884585654
41177757
405278391
-428216132
-776314686
1021279280
767837329
-2086196798
2140906095
-1797586373
436821337
-1612686796
773434659
-2007082141
492989365
-1417339081
1376336688
2113790205
-892169216
645979623
1959212318
1015718828
-818024936
-56139109
-1989174889
-188193202
-1786892171
44413037
1065775270
-1982995687
-1968277378
-1515076359
727727648
-1220428032
1090176023
-1853074333
-814045343
-1964454053
1861546110
-2011971169
1204633660
1998624198
-952479145
-2083006740
1277539116
1210783304
760363780
-401472864
-1608402738
484404151
-1033961670
1549671467
-1181969773
1856290395
1539330769
-1379142315
1074592944
1523810514
-127988262
-643679286
376163162
183703346
-733499658
883912407
1569367855
-133673868
2126130917
1821240694
-2035966729
696990223
1512765789
588013703
1022456971
-1327397405
-921034980
-549714592
156500756
-660333992
-345828032
-2017813369
-451744647
-1983529785
-1225222698
384172221
-47675374
-1440602600
-1171950160
-2013025729
649452705
-162299477
1571062650
1816568391
-1593579647
2116449915
-949042161
1011002072
-638213345
1172512385
-582967288
1845731003
-772833111
287543382
2093733526
-169062972
995117318
1549197083
144001425
15751513
-2099078907
-2103855972
1893398224
233887028
23948504
-595859021
147829434
-1170493337
-839029053
-874725142
-1220577251
-2035668320
468188431
-1887590556
1871208766
-2434642
170138437
-393895940
-1174299088
1086849859
178569880
53329070
1521155177
-205304069
52643234
1148275253
-1617636463
1055659165
1686092627
253923830
1729719197
1858456223
1304995109
-579906020
-1375850468
2011715823
1935295636
787377155
807683281
1478251504
-1265019955
1761745113
-254455935
64054210
-1026288219
1710298242
53644045
1996315590
-451940148
-1194174788
-1525057598
72795745
507054658
-1350167932
1077066991
1942350079
-661875959
-1967619145
-1827336265
-2062318502
-1049772773
-728665349
-1733348567
512546043
-278885474
-344091681
-1949735539
-1261922304
1877275221
-575856320
10473216
959518752
1470101594
1437948911
-1264794301
1152616172
-1142435319
1064882064
-1387071281
-214620585
614671935
-1068203580
692379436
1869809272
129692356
1288597386
-267915646
-33989747
1868678149
-488375070
-1054376337
623620163
-1318439930
1893546674
320102939
-1608026061
-216931178
259270381
1923846026
517916336
1766156483
829246194
-1582340047
2002857407
-592129648
615603249
-466323765
656738662
-363343387
-3292396
-1413761428
-1484539095
-277107258
1153182747
935442134
-1161848367
728000711
1831831369
-1473564150
252877167
-1288837185
799480254
57468706
1068560287
-1506739781
1835959717
-1848258979
-1197787119
486243381
1522265168
-1237321093
1976556869
-2111172986
-242512224
-1143096501
690211221
107284632
535465898
1579013505
1879483512
1185523935
1230552470
-1543838771
1542922244
-786190967
-1425832758
-524864216
1504713396
946523379
1780117832
-1169703824
878680427
-902119073
-1667243436
1053156663
-2017141319
-1393304604
1847514202
-1352048169
-299688868
966611621
-1260854003
1711818441
-641034232
1845608005
1603139027
1529677622
-1647172502
-1894679910
976293983
1807165134
985093482
-1103241568
-1493929569
-1225476903
574348976
-935624785
995155673
-965745525
641394538
-1345784848
1145743632
-1198696805
10049099
-17119219
1014563500
1137502230
1931499990
1147444263
1333431129
323492464
-2059292453
176331789
1540109870
52848859
1203337025
1044760233
463859218
108076763
720993030
1087944893
2043845723
-1271561190
159800708
-1613107505
-1095797321
1769828728
-1154546443
-1314672030
2111353167
-1248615578
1300963897
-1744230810
-1396175319
394943860
-776614186
-1502402832
1611385549
1951413031
1258653503
-4263891
-1912409301
-1257764337
1859323224
-806633324
1031153851
-1693013735
376749881
-1664882086
1915898086
-1951831775
179113522
1249970219
1547474340
882825931
-148553202
355617046
227427429
-504138349
762324124
-1868101688
-1329621195
-496917471
2108862826
-569433860
-1226251238
-989478431
-407239213
-2086290126
646065856
-1379148333
-1640903364
1993507230
1987065943
-1267312993
-1491161702
-277324701
-1443354180
-949378068
-185305034
-219652096
-1841218602
22733041
-891805004
1365402122
-1298267582
-1128010677
-1994797999
695488795
-1404224462
-86429423
217273195
874804746
-688107630
1256877349
-732151994
-488500132
-1286352277
869861580
1284243980
670768633
-965163380
-119286911
-1815095531
51179042
-1628214426
1186019845
-2048278167
936460194
-552154568
310266298
-377327998
-33041853
756179051
2095715633
-846200491
-1068469373
2005503038
1899646465
-1557132909
-590324089
-1658675291
-1435555878
-208458965
-1195825328
-533086866
-1102456615
243087892
-1233738452
-1274944346
1556761373
214224456
-793997202
270585402
2111689625
-1620470765
-914110623
695763168
943850027
2139675789
1095921273
-325337289
1094442734
-773049756
1353277387
-23546835
-34264885
1516631774
-746283586
496468384
-766088874
468470557
-989610750
578852167
1062072791
-1432172123
1743419841
1773725651
148968869
2030556187
2138631189
960531025
879113658
1099069775
1093537721
-1469962799
1041985924
366622588
-1845587198
1323848012
-2076765959
-688775474
1807032591
1907876290
30145517
-457893853
1087413055
-1090742109
246272679
-1061596139
-511183389
-687352721
-937067599
1912415800
-1159549900
-1630066784
-234865938
-2055221089
1951399815
-1741489721
-980376078
580715429
-1877576258
-2018273548
366610829
1798968809
446188289
2096976218
311694505
591411354
-352269650
-1284859597
-2143429547
-1060164620
-122043507
-1285214495
2136247585
-1287112695
-1018721464
-48377003
-1724686933
185167300
1629308185
1449401012
862426746
581792810
350379973
2102805815
1268564746
1831101923
314408648
-1967439278
1408393255
-834764039
-1480047919
660029976
-1563583618
-1651918114
806528368
-240289571
1867446384
-1578151245
450092045
61339932
498921001
2005871559
-1009650148
-1949775973
1521603313
757755485
-1276597618
1645579724
1911335105
-1018717007
741017738
-2011066762
-2088132839
559305277
-291307684
-1548762988
-513778160
481899320
1886187949
-425642883
1939041964
654364767
-501430284
193079108
-1740811149
-66419978
1480406572
1179281505
1809656898
1382188305
1569794247
1527510416
-1074928548
-1065825777
382373090
-1298861831
-2010095163
606886759
183035833
-575122032
383919825
1210662310
2141548892
-985461314
-778088713
-271507016
-42359134
-321302463
-448269334
254240357
103319134
-61708465
70143978
-1262670306
-763236912
-471382527
408170838
136482042
999999582
-1242918929
-1865182330
-198307078
-265550205
-217647337
653750487
1639724692
460689415
-563407870
-1840831994
-778280081
2132911472
1008213033
605544129
863613290
947414200
-17098092
6108027
-672561182
1912235327
751734467
195723391
-1649757900
-931881213
87856594
1793381959
298033792
1292833037
379060695
-381304050
1071053744
-1610949842
-821754994
-364583516
-1074691144
1752940267
-1689236936
-267953792
159720734
1783905205
1061010879
-1051635685
-596070723
358267485
-1543096547
-51942533
1366056133
-848200762
1666046719
1628614157
-976261627
1719811803
1028848293
1171461048
-815576724
-1262890557
-89153781
477767726
-510855220
1548681811
-486137267
690499204
-1919027743
-1327259196
-2070709433
-549736956
-1035361646
-632975451
2066227067
711751746
638373238
910229522
-776822985
-1471644564
1621174681
479490342
2123718647
710540262
-1460754305
-2044066899
-88925945
1571025942
1133052264
1522608926
-1816922516
-778382981
1508370645
997124295
-2051045884
-863191036
141343818
-469105078
772133612
-154260321
154183254
-990117049
2016695073
1312050191
-1748861232
1229367898
-1684436119
-2119124222
783018850
-1793490616
193236339
-1770091678
1997112395
391219316
1201386557
-293448981
351928672
1861287319
-1095220555
-1484517635
358921043
1011094959
-544552797
503509426
1389874487
121823800
-2010746427
-1043305421
-1539095997
1896863129
1993319227
-1885271481
-1990378539
544578273
-45315291
1855386412
164195258
-398576462
-1162049910
2092114858
-571687252
1701353341
1625653627
1851241828
-1091882213
299971311
-952846984
-1932081295
-286926800
-1984618838
-1448973807
1806621738
-143967986
2080300599
847158224
80658501
309114970
-1589186501
-1104761514
-817344734
1177526269
-1241408279
1963099843
1652205668
-2032604888
880195512
1428801371
-147739964
211746968
-1527297963
-403182235
1371654177
-593687782
1360023257
585144406
1627686618
1744268881
-441903298
876824879
-947174304
1236902327
-1141977073
1058030882
195235078
-70153247
-1328129953
822509179
-652370661
-955453434
1914206459
-110319682
1921048378
-314462271
891026658
-542780149
-1753252897
-804133611
-612082443
-1541124150
162680381
-1639376718
-2125270294
1766031491
-810298801
1574967414
1827923846
918295309
255582253
1032401462
-378580981
-1074546454
300632224
1048499901
-108384530
228339185
-614717704
174778644
1193954252
-869571795
-888865764
970800643
-1609886049
1961948165
-1765153055
1110183895
-1761539540
-584365668
-1929867873
-1912509850
317473215
532746362
1663077633
109368144
961689114
1768547435
-603750371
742437511
-173943382
643520167
-1896548924
852967184
-1901827076
171815475
-139204838
-913116150
751897711
-1451351418
1682735976
18534895
-1117817815
71966830
539649328
1146286105
1246926670
-1042659020
2104525953
-1812585848
780291439
-1670315010
-919766387
436058082
-1322331840
-170681996
1364716152
-138898502
-1239414898
-280321626
99099506
-1480382188
-1459764881
161541165
-702459897
-265938648
1806527930
-10074481
963495605
-1191609754
1532292537
-1607613208
-1386786882
-179893318
-311852771
886403269
-1050840000
1992677393
-1590887119
-849378733
1257843330
363728410
694862674
-1765570632
-516000881
613158992
-1721161058
1822432960
-310264311
283509048
-837070612
-1642322756
-1368382922
888623079
1022002939
-925859674
174508895
-520484665
858639341
-1635652727
499589721
732819098
-2015818763
-452699361
130714979
373923773
-480962993
1763177147
-1657677517
1879198641
1527545456
2141822569
-1185308854
-585450281
-297214849
-86000557
-721535601
-1389184390
-339795709
-1141016475
462369564
1083967251
-773787684
-1095909836
1167783506
-1660256569
1928607351
938534171
903452722
1128864307
407990589
687241895
2012072175
569760108
-784575413
920571700
-514256450
-1327310015
-1059992728
972433623
1603885041
1708860610
113345843
1941291135
1865612611
577625349
658013596
-1057690282
1607217525
1263206695
-1295697003
527901292
-827111143
-1998007151
1716893192
296329879
477310381
-556166788
1224348682
-1959915884
-524928277
-1213391434
538360913
989671793
-488039074
-1632450651
1315137507
-20992209
454329912
-743747700
767306768
-1263502942
-25311134
1589362957
-1163612254
1211576220
2081141461
1089855726
-106102958
-408499638
-1100071896
1205023519
-1913997956
-1586545443
316461929
-1538532101
732981526
-355014036
1277717039
-251467826
-958883874
-1539631592
270240751
-761944169
-543653934
1294250352
-1309403506
-642495986
656579557
661728535
1701275704
344314344
-710428689
-895144028
-1688529297
-1673919912
-1597976604
158947017
2039054950
-120586535
-348443064
1510958774
1777000079
138453802
-656179742
524323775
1529903474
195549082
-1316765009
358322747
841572800
-185047675
-384602599
-1196148561
700757928
779751453
660079209
517144620
366428008
50984301
1781004665
1848057589
554633510
-149849189
1919476396
-904758940
970539520
-1230483859
-537072606
876725517
-777289120
1905930510
-211596504
-20891101
1197682069
1246865424
-804112402
106985242
-1786595681
-583745612
935882875
16677518
20831817
1527870057
679442148
-780085405
1019428477
2131456914
461831867
-1983412436
-146622765
391471756
535117254
-1407123760
1159040618
1947970031
-476113935
1608018282
-882483461
-374894830
1648770692
-776852111
-1442570965
2116367828
979045016
1875451929
-856894945
-1327522662
837958343
1249970935
-2100176299
611439763
-1125706718
-1201051669
-408896078
2006776386
518833767
-1556777159
792261846
627487293
961651571
1050481657
103296951
1159474738
444193269
-1723077967
-909381267
571604522
-750868636
-1573194176
265327946
297349649
-138791630
740976381
-202174163
-1591308427
81237313
-609200097
-1687418601
565239694
-578711146
347273054
-725612546
51878270
-658357428
543883994
1243214305
150170840
-925850422
1064681788
1360134940
-985239450
-920087752
-364128230
2115301629
1662646566
43840302
-2015058784
415498134
2121555350
1729817774
-1532757397
-891281196
-623826639
1456501332
-1658164040
568291536
1391100984
1289193419
-1887533635
225289061
1951060917
-307561597
-1417179050
-1878182143
990500284
-457144416
3725284
-1810333504
780713460
-470839755
525763186
-742464074
1530205781
1040901297
1152084248
529257868
-141400014
562520729
-1726377308
30038605
-666439302
2138056567
342176886
-823045759
-1612191174
2038746130
-197894742
24224379
134618725
-2022903074
-1447317380
989922799
-238821417
-777000011
338873832
873542343
-1723231081
-254386489
1387354001
483165238
1358849372
-351849777
113224675
-1494323956
1405014098
30417543
-2014003077
-564179892
1352868893
1742583133
-357777723
-1260357893
1535387422
40734567
1585071846
1552845626
2072801012
-679392109
-156336931
986538135
2030644292
394746658
1987199972
-225302113
630550205
-493713066
-324187108
657824439
-1041816234
93338217
1620956776
-1589564885
2067095258
779646657
1087263384
977780103
597921445
779242338
-784057398
-989112283
764795311
832187556
1033230092
1094098695
-1114722359
-1262530523
-565528506
1460291046
158741799
-45600256
2026189142
-187975286
-1422901218
-306333378
-198111364
650353500
2137911085
-176181364
-19510536
-395320775
-587982015
857505838
603229426
-747195256
-1537201612
-1980665293
-1254707303
-1541124210
-519502442
-1269313046
-367289203
-1928359936
2033334704
1190575508
-1784402559
421916633
178487493
521701722
-1788087524
-837218962
1494695579
6155905
-1890777568
506793919
974565433
-719816229
34424525
1363704847
1174590449
1798892928
211136135
-2051321675
-1535816288
-313161282
1947899830
2122086708
1796524852
924283213
1453727725
-1387663479
1571597678
1839045831
-85718963
1816731332
-1794115352
-1705569962
1377876011
455760602
340513625
12406446
-329038352
1550549432
-1859251944
1349724222
1520740929
-604300901
1651021534
-321159775
-1230732961
1253998750
1524798415
1014924890
1425931983
-678231660
1398069179
885761216
2066085693
-1081417192
-1050752608
1026618423
1780819100
1101315553
1108722291
-1637808480
-1502607214
-1756576934
-1243033569
1127384338
1064309011
-1612929679
13575373
-821254199
-60300469
-616016210
-1000884634
1703852382
-359206719
-1670192760
1301598805
-816834248
1612626617
394785267
1330030993
-2089193150
1382967257
23847997
-179037990
214897374
-199258098
-736269030
164704578
-36720872
662266544
-973000963
-1446558482
1644813854
243108579
-121581400
-789939170
905849328
565474881
216819974
2074424938
-1039495085
-500899403
-349809608
1990310989
-885542901
-1153642327
1334756845
511640807
-443607736
-1389342109
698723574
1239782398
36002144
833927596
-1221673959
-1744980923
-1099298370
-1304089934
-49501148
630755809
1585089050
847749935
-758772923
-1066272472
-2053872150
1094181065
-1648939623
-1710703189
957793559
946850235
1830425346
115871094
-303433741
-1719977035
-783919556
1411134613
144658027
1256154369
1142454578
1060213978
1749724792
2132544486
-1752096114
1036309982
632987099
-2110822319
-944627570
-594046652
1757065993
-246713424
-156744418
-208863420
257401187
1840632609
-743543006
-534354073
1322996905
-1883652148
1460098322
323967375
-1767190608
992317836
-1926175540
-305794246
-375995821
-498872364
709708964
-1737771769
-439678297
1222241488
703267264
1871686776
-1919380110
-457896246
-938059869
-234162696
119034332
-1628468273
1815379206
1796528928
1566387303
-291505263
-2049904146
-1069280971
1859536156
-1521679473
209963770
-1333339147
-1327377146
1301234035
262690301
758388882
195327716
1325201338
503378892
1475572990
-2109749479
-1374592871
-237094056
-1487186071
-1916891417
-579089633
-1188251138
352795143
1673260764
-1100945770
321774877
1523678998
-399623029
1356521519
-589950743
-972553953
-887781505
1269511901
-1710063490
656597883
-1973880468
-1814337152
-2099780808
-956733672
1830651304
2033705798
1477104449
-135739523
1939053528
1969408590
1532569962
-31628277
-69152274
-1762487155
1597258302
1450097029
228964690
-1964341515
2122928212
1262677969
-655404193
-1961262381
-673777691
-1024000001
-1368991472
701351288
-1441599587
-7031158
881445370
-1189970405
-2067934539
-462416418
-1142983043
-1080664579
1287573569
1205460250
-1581221578
-844593458
-1502411834
-441633002
-1315449929
-206865585
-1207876849
-10824281
1590469242
-550242760
381449536
1735654689
-1325491182
654560091
1282131755
903627805
1882116002
-563136760
-2031005470
1190202235
-636397933
415055795
1530724492
-815664470
878439809
1794772436
-989667716
409324582
1689299061
-1329832434
-997654913
145479234
1157838425
-1127386733
-866995595
-1641989081
1447716776
867508422
246665762
1470047004
1379331172
2049045537
816852037
-1273640953
-1161593523
1849648984
-784829206
319648051
587326543
-7685442
588727548
547240018
2060163131
-1227295000
-772407523
-1987317562
238280634
-699988337
-385176134
2068033051
1157934973
16190138
561851993
-1286820136
225359801
-754168548
547569205
-493441161
-2102897454
-1651936070
-669500405
1999366576
62805846
-1647648560
-1800490186
-1972550659
-74131668
-1349431819
-762903559
-1889307302
-263879156
825174397
-1250444005
1142432077
-1595132623
-844286178
-223774023
1989554213
-1932950963
920743125
68247127
39905158
-256974915
-1011013366
-174951369
1780844324
1193700350
63317746
-549479954
56847821
-2013508514
-369109708
-440616397
2063796909
-1678344458
1572926159
710373882
-1164697907
-991733801
290166330
-1923321151
-630189348
-1745478270
582746828
934295080
-846895822
-873695074
-1773866914
302438087
207451153
-1393644828
1593190702
964698683
1983785005
-523779747
-944463355
271202434
1834828654
372389327
1591308444
1027493000
1714640883
-993479820
1851737147
571496961
-2041009318
-1074662675
-824425309
1591993465
-717845954
-1189486219
-285181138
-1151003736
-58994688
66684761
170863155
1923531019
-1075075382
-707632729
827045551
-1485092177
-2012625967
-1785126107
1329137697
-586727601
2039981017
-1571352443
823427764
1170880417
1091210238
-1513591850
-1356595293
-1303678740
-1655024976
1051829052
-520067112
-715326242
-1123732226
-1614006557
872207575
2143394459
455425048
-121140688
-798729254
-1121022695
-315099378
-571927495
-416880836
1382285994
-1795060515
-610622601
-667958758
-995368486
1761634988
1559013562
405191222
-1481109638
-2122902958
-1577206436
-318309345
-1663663620
-731525860
-996681543
-2113598066
-150817279
-1876539700
2036787422
384797203
-272541648
1593267427
305382015
-1278442000
1781282889
-1645777373
751410222
2033171269
1768020345
-344943026
-774141750
1860429164
787297263
503366196
-1566399179
1195634342
-772834386
1289091052
440724809
-2075733002
-2111897435
1044754273
346024971
2114675533
1598782460
704329488
1846655777
400504806
944332464
875634959
177079681
982423795
-668273311
-2069496752
1022624107
394337913
264729962
290250278
-311061096
-1845411720
16598834
-1782677495
-30466637
558576718
-1977736767
897054101
-82673144
-522077092
264817558
-1405075752
-985688453
191745513
1667077302
-169985332
2098132154
-1588055738
-1854415352
14466594
-1061960266
-1113948109
-5750304
1471337025
1789668942
-80271743
1078997465
-58564467
1249858381
312363256
1345920487
-838873620
113453206
1782560378
-930187093
1144605317
273907613
115885928
-1031590647
-1038296630
-1622734567
160124739
1566595319
-116894024
1640381943
-1895889770
-985374312
1319041117
1320379281
1295844115
1303819400
-19653990
-514711777
254168060
1353042553
-53260502
-2096083859
903637188
2108309246
-915801374
-1401353266
-1816685579
-1480388186
-2062089414
427178832
1392249940
-965974963
589910027
-1902915792
-1745947070
993217197
-1969347175
272350608
1024290660
-1006731461
-1661166892
-115838617
1596897414
762122544
192655323
758577336
-2004575812
-2060886043
-611006272
1264673286
-1560582966
2065692515
-973303662
2025651462
-1767032379
-412147142
-1038579561
1799320214
-1640861191
853361809
614975449
424208366
315839757
636572798
-1900433693
-824139500
1279097957
2024407960
1517654988
-285944171
1554090183
1199926729
1508026996
-539643279
155455040
1263821160
957328653
1227794518
-1697195448
-1519283066
216926429
239115537
-1633814492
581327751
-215182527
877826369
-1279912053
-1182026508
-778433804
41272141
755513740
-2033205616
1834477969
672496791
-221198418
-1078663256
799689046
446299633
1415477592
-1298041681
-138812630
1391017807
-1240487053
2079008777
-1972803360
-922257730
1859849805
729031719
1269809085
1506056853
370855360
-1553245485
1945952055
2005095145
-1272997997
-86762036
1883723775
653856325
545465375
-56777579
1488766785
1250831770
-1635244747
-548627575
-1192248790
1308654452
-464535745
1187385395
1493288362
2136564334
-74780507
1525436124
1777391227
-1653827864
1137740657
1605600612
-1004864159
640362486
-1507416779
-10666155
-1367589966
-1285411941
953721132
-353956044
-1956768744
-1438942666
144783518
-1196820197
1953031061
-867553988
-87939703
-219319676
813909703
-279718617
689525629
554306406
1911295853
-1901946195
1071495879
-1696263035
650087977
-860111051
850151889
424662790
299971718
1243164806
-1506836280
-76926655
1515115325
1413227457
590521215
-86922022
1131608244
-77993071
698066323
-1285332462
-1772080186
-1555858016
-2083179314
-1192739750
842481353
1765497676
1877247440
-1972866007
-845785396
-210447974
-654522645
828133903
-1139784928
-617429910
-1659085489
-1078096120
-577908455
1059813612
-1000451994
-1134696939
308594709
1010438994
1433175937
1176283912
1109105085
364755910
-1440367180
-975275361
1417761419
-124674402
-1957408771
969365460
1362464395
713571278
142690731
-613889421
422868580
-2012759650
-1144958211
1402655468
79104153
-1056166244
-1760598520
584042346
-839372020
1638930131
1134783966
-115315164
192118980
1470785596
-1309592596
-1622218510
-1975885841
154466932
-1931591772
-824949214
-683064278
-641387089
-1971090341
66439820
1972775167
19676396
-356894349
1595689187
-1574553426
827524969
369137852
326703694
672176943
-1323688615
540491543
2108263478
-265244297
1194060756
-1198785700
-1228744863
2074755322
-1190403057
-1260202115
-1942096833
-377072783
1620826572
963348459
81518724
517459676
-1074506477
1863576888
-1425004042
37947850
1342425890
-1553036291
1879626375
-676077608
-2060193119
-2068963587
742908326
-876475786
496215834
1388685194
758396625
-805584399
-520679513
1439604775
1464627566
1984621228
-1536754452
-1748159122
-1275067941
1915310768
1783870023
-821778125
-1512065085
2124202856
529436230
76301290
-417832525
1480321956
-1387182503
-487098299
708792812
1057580519
-909071928
-1326834399
228711546
-1929224482
910434278
-442768990
-1161420155
-1609392083
-2111154809
2145148828
1205649126
-386399375
992398766
-178556876
-725080067
-256142974
-564442742
-1240488250
-1839736127
-1543056904
1457208227
147789321
-442326249
50335472
872856144
13419377
-1135831704
1304465680
-1652710036
-1443926828
-835023507
86251463
-399314103
1646036048
-285325748
1038160345
1278433507
-505641365
40067048
885873178
-1003372200
1433144955
-2059999884
925596793
2048870551
1520389447
-1696061111
1964558144
641445208
-432814610
-80016902
1727311001
2070310475
1183216903
238089380
85866579
-1555560813
1617085961
-1328596855
602709478
443415925
788593389
146702304
278143668
384548172
-1198462447
271090150
-822548335
1723688384
1729640031
200688184
-1736090491
759762231
-935762514
1843556708
20073936
-1674697334
2146138471
251183804
1045098797
710539260
8383851
-1621865618
-1034464165
-1873580953
-942718668
1518091985
-818149928
287281079
1145204538
-706765823
-616172305
658738588
-1896745321
1038459053
197512693
1417679227
813259501
-955116241
2018399950
-1943190875
-1498923385
152683996
148737974
-354562102
942176958
-1967866467
930126909
1298316719
1388501661
-339667522
-1224820589
-189731553
-1620943928
-517837051
1859632901
113544222
-1366287975
-134780922
-1910046265
632153700
-1893710197
-981490507
-266109708
-122271479
1500174299
-1952302276
444769490
-951915140
837863276
1219336719
-850176935
-989388871
418975722
-790152388
700096501
2054558650
129943346
-1290618617
-1402695542
-1904730578
24902385
-612558922
-1525216583
-697416600
1697854346
-728606552
116745825
-490055782
-1630289603
634432172
-1192789400
-1607397566
1634940805
994954127
1266622651
712955619
-1961313600
-700944650
-974948718
-1621146888
1262289941
-1022837138
905534712
-726507227
-638828655
1102071489
-1116406390
49960879
480585875
-1874139509
-570927234
415172654
-1042085782
-1764257268
-165734169
-528701055
1257667388
328794174
-392673226
-225604351
-139780311
