-82611921
740826842
909897939
-733153423
1635482952
1222189676
201983668
143081283
-1439249852
-1533156824
1077234457
-639126159
1456789620
4413585
-1563422577
-164124272
-2026737903
400585758
639354617
-1586161229
-98772112
-284116896
-982126615
27931189
-1249022093
282414442
-735083472
844531125
-293997758
1936531820
1778163384
384123233
-20054469
-765787999
-281837424
-912531081
-118723802
47892331
-823180728
-249484791
-1571333203
1735725755
-1315191170
1651795968
-166691062
947065526
-860503624
-1406583198
1512738817
-1091935339
1440934772
1782350807
1042300433
-382529332
-583816066
1142617192
538179046
941106798
-1381966208
-256197750
-245416687
-30051121
-1729269537
-1959454117
1712297210
1023109738
507315908
1700638250
39459092
788277253
1445847672
-1582752963
1139690579
1135817490
-1118457356
2056069069
1453574619
405498456
-337243976
-945794219
-1819947783
-671276846
-1338584357
408950283
33211478
-1789361449
1463905635
1978102958
334849129
460237178
1123684310
1615463554
1929375021
-1228013517
673727248
99744664
1942591252
-2123571010
1697259863
-1550775981
1676237626
644319555
640318380
-702041306
-1861711139
1780797622
1526956131
-694208094
-2066028019
1357331840
-1802717450
-1011988049
1433485727
-1509531042
2074895637
2072051225
550411367
862365065
-646860544
119600462
1417126821
-645671401
-973204199
908230501
1899417279
1053111200
291109044
-35116958
-1211672016
790088740
-289832399
1025385144
-272352832
1563841580
1165227597
774067726
374831605
-1009525458
1279342772
-1574037946
-1191590711
-934212043
-1871298086
-547961158
-1990656612
-1057373503
-1389191670
-40702520
-42456981
138621931
2063485374
-162562928
-1316351934
593563597
-1200062671
1610698492
-1825873681
654975776
1034766642
1592731648
1723344888
-945063643
-290394309
-1897353694
-222039858
-590146103
1685950146
852634684
2054877249
1888071171
-973048370
1998920320
1361441590
1021641344
-2079714612
-134106179
1316095128
580042882
-1565749854
1919818464
263716492
884346117
1321360900
-953953092
-40928536
1601183267
-1609075961
1947507213
1908135653
17729209
1564786675
-455359046
2134457874
-2141185975
922174044
1910629210
1612378251
-1755611359
1784206707
1582047736
2051749995
-1370424131
-824023399
1714007834
139510398
-476912535
-1740349643
-2064826880
1967410747
-1139360214
847992774
409026345
1314711792
-1521798178
-1837864901
-1171682278
-1339545538
1971137698
-1354389118
1909295969
1558648776
-1461142925
62176350
-680390440
1004523047
-868696553
1638820221
-2078638554
436133152
335701309
-428888375
-1547901045
-769453799
-1443371293
-762196483
-1880276773
-366922809
2120229367
-1448071044
866113226
-2009807316
353829441
-1872219043
1237555307
-160569920
-1691037825
48248522
-981928718
-1241788178
-1011299631
-486248566
1404195265
506904257
1215675991
-1988267557
-1487446879
1380122079
793076504
273507973
1658109519
-682455371
-193871579
-415345877
-124391109
-1809208077
-1198395907
-367197469
-813743989
-2082603973
1812581683
2086757385
-1520815259
-519091180
1932703566
-2036437168
1602676846
794044196
1311582959
-719262695
-831969907
-310140514
-1128666055
365274631
-231727117
942217976
-1820641684
847570898
-335265697
2131093217
-622533677
-1078309028
1435920286
642781554
-752046112
-1240641791
1589671761
1805431459
2046424980
1498411058
-174120206
-766016256
816225316
1961798468
-846639848
1267774363
181988313
-2065340283
1154053370
201659204
660124983
-723845488
-1539180495
-791397641
-1367349151
-2025471518
-1217581887
580595605
-1127650629
428931500
1119262553
-555641129
-1828257583
-1318826518
-365248038
204645759
-84839817
-139754828
-271616491
1293565135
1683246384
-1056041773
353263833
1825696575
-146216749
1449888662
1899520300
-1259289495
-1190489493
65704934
996673495
1764508744
354943327
662059160
1005456167
-865619551
846494418
1499843586
-1541754126
70431680
-1537390772
1623283408
-1906081576
-1800466585
1550737049
1767743512
33855690
-1042235645
1998286321
-1305992533
1764863440
334158369
949001304
-2035514451
1608677126
1827602463
-1935625913
-2057150873
1199763687
1751923238
-971210356
-1108641445
1368387277
676694103
2017052270
878164120
-1397964616
-1025012156
-965885164
-2113576625
625406285
1757942433
-1098752986
654934695
413753378
1014056506
1945273780
1098225613
-810533832
227935784
-49992873
-1215514802
-1184652600
-1941205697
-538184043
-263461976
366405186
-1818736438
1386059657
1338921245
990298514
1489945721
830043075
1011856586
139525028
1209459098
691855212
840691960
1841577770
1039584647
246432942
-1310936398
992946844
1959816031
871685458
-1028991849
331472000
-1419827976
247587498
-1856857359
1183154155
-1181919468
778721200
-174646011
237083975
1790430418
846385519
1983016876
60765013
719912550
-1391402591
-1173002974
1280695413
-151189748
107218841
977466909
-1422949339
1497007673
399657827
-657414111
1429434567
-872685549
1089529640
-1336507118
1896981926
365400355
-1157389609
-1062307830
-42737350
2095941961
1671677442
-343137427
2053749675
-1481981457
-1261845499
712213561
-476468845
-1338801279
646121069
-920258910
322496264
622333468
1733261718
1359114205
-1788309800
360618373
968408981
1548681532
-659135978
-790044580
40840536
-1188104070
-681311275
183151248
945223180
-1402326696
637513011
-1348859115
-1447941954
694119528
1661312409
-321305387
2100978756
-272318681
1894894400
36014819
-1245223587
2121691473
-1801611274
-74117130
-380775657
231070577
1832750625
-127788780
-1831604879
-2134959433
-300979708
1493698445
-1867513280
-1124749811
-1140264128
-1210937814
-952185770
-1193979797
131885726
-535919194
-1300356896
41264234
-1498443765
-955313059
-1059418353
-1983609577
-2043771677
2117147971
1430574585
834932746
-478933390
154282519
546198722
-2099856202
-338363210
1204765911
1616500982
-857402111
-1422608022
-1208781706
1591766841
-254942442
-1318763713
-1241198388
278927906
-833951622
2004162924
911892941
-838560926
864121437
-621683863
1557413373
897088300
-149463246
-1739677450
691182627
810523089
1109027201
1661554274
-278934468
-1193207895
-1248801797
1914333449
-39040078
1412615993
359109327
904867869
-1757714227
-1811604078
417607227
-1696203351
-372102807
1763759351
1694767717
608252883
2065787113
2009019842
277786730
1074084449
2109694315
184422791
1095398583
679104637
-795601859
516979833
-418875752
877868732
264193422
1409200396
-1722968818
-1761217188
-80347288
1976437212
-2138391324
-940293427
-1463758883
-1626065460
-1454214140
1423265394
199440000
-2096690574
1745569286
313193384
-1714948841
122460338
-1551636983
-56059642
1758803854
1055221672
499587526
-1441644570
-1907964115
449116619
-1579499039
-276920284
-2024030963
1535836238
1811321730
-716264411
-1031247928
-1441668919
359946020
-1461995237
1727289455
1353543960
-1081818964
805865350
9947840
390008195
1959867581
1406941181
-322249576
-554537697
-1545334966
1455503405
692865190
164157555
-541704340
-1975446494
1441568865
-1538349475
-1973793675
-1495951419
1516634427
-147774666
-861267900
1525417125
-1246207722
1227441716
-161615142
1421828089
904138231
-2112759536
-1723280595
830151909
-581604104
1145435624
31377724
459777788
1778287747
1271856997
65535331
-50949882
406519229
834107168
-309079825
-1885574142
1550731583
2001360449
709161973
-4027794
-518857973
1063046249
447251551
-1292160059
-957566531
-986019631
-1506309561
122096712
293641472
1068167603
1550017927
-1176324863
638908227
-452465176
-962396016
1711269892
379045549
-1983568686
161471611
406689016
387021134
1330698363
-1340126627
-286866987
1661644950
-333070850
-1758108194
-784845842
599707658
-1049135067
1712629004
1567171889
-1352907980
-1655072685
-844754580
-1238136402
137277146
1004226980
1514372690
157067605
-1751219853
1150290514
-575778702
-1182330365
800364246
916461402
636660406
-2103237185
-846732492
-369004962
-1332734895
-1176254144
48650568
-1692104243
2101210131
-1267665230
1693024204
-579978432
-768393985
862599353
-1556452818
-225818585
1111410714
2087145909
-1211103101
1731767460
1014323077
331715399
-600964420
603039926
-620122419
905226772
-19295466
1725627290
474131586
-2032279095
1696404439
256569709
-1833340666
-1767037602
25834550
-675535082
1649581734
-235716707
171313306
1272916066
-620558610
1552752613
833186311
-1817883537
-1834919624
2067015467
-164407083
1408398414
-1190418810
-1151876799
468866722
-1873178652
-822030703
1814089306
566553481
1898056976
-2055525855
713269453
1470155411
1142068498
-1973746017
1968018201
-523024019
-815809494
1829029608
828865065
94707547
-756840577
-1417691805
1515616216
-1593401492
917302594
-874507435
328790454
2139677167
625259283
664228211
-719998964
809210149
234311331
-1813226056
-877696739
223235383
239709338
1167393400
-1888535378
1288690538
1941504442
1786270389
-1763908663
1490326672
910428739
-851279951
-347891523
-722417983
1799248793
266859460
1880030056
-594870709
-1798001628
1572783727
-262441545
-1521128986
1471362423
-256713296
1032447085
-1166225876
-475163469
143282327
543066148
453950535
1079627053
1953816345
539984529
1073741803
-1719250610
393909027
556229644
928479366
-1551026758
-1123361038
1206160718
-644820554
-1425739084
-1792095071
637954427
-1752314117
-261007423
217453315
-322583453
1638145709
-2053270134
-924834894
-1060781820
-826218448
426934790
-109083032
-1860225965
-2072344219
1990884056
1470567820
1266706491
830224227
334924277
-497684464
2086111973
1782478438
-146886519
646984825
1822314042
-809853689
-2082374629
-442508993
1933671333
-134818131
594889198
1780102742
1317503005
741038403
1137695914
-1396960244
243610722
-1088896469
-96524228
-1997057259
81814918
993185393
-181897223
-81100316
-1273765458
583131715
-521055479
-1725172933
1096879385
1464931232
1164428034
-564712955
618087265
1357229136
1276502227
1206169187
-359036671
601380627
541510627
-1170104316
-1005629161
1828154397
1564569465
-308438599
1597332330
-904064832
-1734362530
876264007
974122669
-1327817109
-1141953344
1769268863
814740228
-1735785262
-332275624
707958924
-665800504
1478957934
-307925297
532861067
-408143993
-834529752
-1465427363
2052127328
822128974
-520056496
-135996237
558947527
-136239575
1228531923
-1568784357
1540482473
-1466928150
-1927491923
614737628
298477488
1523416617
-537701220
548889826
1868602653
1675877004
347168022
1482313630
-582974504
1902411080
1799661436
1517070379
2053826248
-635557401
744287118
-2032565327
-1378146203
-1373262773
-405424095
632346126
-165240182
2100960754
-699201264
2054980274
-602820721
1020377978
-1573074833
-2124736566
943960215
1625296488
1985261318
1332254624
-989551323
1412329252
333789181
1973417025
8660981
-2094259385
1195350995
-1159323297
-1949113079
514563097
-232126828
-1583751047
-1548428031
1599510869
540966219
1964092216
-872150609
788214830
-196204876
-1373413348
-507496470
-1099950442
1860430646
-513305257
744630946
1173250749
3973135
-928729608
-1311417547
1319374551
-356896304
1626099020
-1831015680
-953566942
-1053130228
985080960
-186803657
1706244135
-837686196
-1896671605
1934612473
-1702728897
653567557
767540810
196755358
2006454104
1327066956
130376428
1413879635
1612094457
-292338935
-1411135856
-1006328855
914844803
-1417215125
1051507499
773154281
-848119368
582831579
-101146193
-347434005
96413569
1482682291
1461794665
-1175820761
-1034556693
1924509169
2018596266
503383884
1691667570
-827960281
-350320727
530595472
602376834
1543257782
1384880807
346498824
1031168058
-50867141
652315732
-1300395975
-714099598
1696375368
1757313905
-959208466
-1982909185
-1654189738
-1466925386
-1775202997
904192565
328524794
111969781
958815522
-1643983187
-1910901417
546285950
916772740
1642108743
-637670701
802917317
-1336387941
2070927218
-763966195
-981159614
1988890295
432872874
-153109490
-2118913384
1357119398
-122870718
300561086
1296723193
1504978759
-1805757853
534482328
-284584761
-402667167
896715091
1083164833
1113017983
-1182474064
-1247313414
-535451498
-491769390
-1209725631
-975094110
-1656241308
995646228
1128174591
459298046
-1006036004
-1459786023
-1499642996
1020826733
1476609190
-1325222947
-1730915756
791334015
-936427914
1515874084
466586080
1095874487
38897022
-329404830
-293907609
-135508334
52757027
-481899364
793278890
652986056
1668796658
-838370034
-397822975
-1282686255
792204757
812619855
-2026484048
371160490
1755205249
-46766157
-864123778
1520877272
-1970939854
-138720528
1783848328
751469229
-1327784806
1668846595
1481451346
269468361
-2146035178
292404564
393796126
-1543161117
-1540801758
-1200333288
-1505362047
640124361
-1348751089
-691699466
1767108146
-193720667
462079475
1194017004
-1632211164
-731688319
885316064
-2051747724
708255703
646395404
1609695063
75583202
1536828907
-275614818
-2109379842
999821327
1094846454
-128293511
-1398166895
-2062861765
-1023950954
-139153327
-1073424618
