-1162075348
-163996088
1651454462
-1089464297
1569491131
-1010249269
2016802935
1220796926
1414073779
-1893080719
-1200696073
2033290422
-1818379121
170672023
-169058431
1904355098
-49248718
-1811733889
1610138457
-1800865604
-657762261
587339584
-2070443798
1861832697
1509610298
1922781181
-1879074326
1711447367
1233348115
221782361
1030677435
-759009328
1185337441
-971545815
-1012188140
-2128533692
-565161459
-1578850197
-426087456
-1985515797
408816319
1886814839
1771406438
-1834494471
-626897500
1448166260
-239476055
-839313115
2076175730
-865143795
784106769
1695740283
816891048
-1213960093
-236284086
1881701489
1190526490
-502865852
-263432085
1526239545
-1083842132
-2026635619
-460472485
-1665296555
1115892061
-1416436691
-509443728
-1658080657
998646407
1976191355
240213848
1342527338
1526734692
-1006341111
-30614468
-1732534604
-913965868
996688586
473809697
-1726945315
-430522276
1253182928
1896226450
772383341
-910192014
810437961
-1362524548
-1495248911
-1488021257
1677933484
913434712
527373143
486176260
-1688869074
1932930446
1540514171
41709288
-2119539077
-577084392
-483547391
863469425
-1595530078
1974947174
-860620956
1743183210
-2007599024
-80644223
-106686129
-1930252187
487389760
1697006707
-1576500181
1290928570
-66695439
-1881701403
1308697337
-330487601
-1165535334
390365960
-882511775
845428633
-1754792357
1600763576
-185679863
1708206945
1203900852
-1160879137
1442695466
446031307
367911738
-124130793
-772815263
-1690160621
-1575117433
-891251565
-2136097086
-2078385510
-2088532622
-160295618
1231670323
-315944287
-1895916929
91360804
1496412918
1972353107
403458713
-677032687
714432135
622605064
-2123027202
1558486391
1196398503
1729360327
-2146043782
-1580182380
1775142840
550227469
-1702549289
451804116
-333685429
-553855284
2003371923
1762377075
419407351
1380599734
693701587
828077926
-1532284564
1721315514
-983513705
-1099851653
1226871239
2109510094
-1880504273
57813950
-792081114
350285551
-30062610
-92752353
621024383
-112287643
-1209704676
-923940271
-1214344275
1288332107
-408867280
1380415220
-1561481525
-665850290
853429054
165671669
-2059124539
1968869045
42808494
-1453315019
-1616269525
-693366368
-1207059666
-1728963480
1706878792
1640136084
-2035575063
457771071
320968819
-1909366730
-248341512
-540275511
852901796
-669273002
271401497
1259446038
1403443274
2069341231
1868002206
1201725981
-2082912678
630565868
1526388647
-1596459297
174968235
-1686577042
797510547
103066315
790571648
-148480436
-1441038413
-1079039900
-1863114906
-89250533
1321724736
-1653830111
1994755136
-1106255122
-449606769
-1467379821
-330997088
1539470368
1807655554
-344226611
737938263
-1077077168
155510849
822643711
-2140335793
1089320364
-1140399062
-1132617372
170206615
-1858637966
1159422213
-1353461410
-479407937
4832436
168259708
1895033054
1933862245
620206683
-49368631
-27637751
-325842929
993221485
-1481322576
1867692824
2008277051
-980187502
-50042448
1209957759
975029941
67733459
-507585419
-959132847
-883227353
1269512869
1390124432
1441834210
-329909514
972853286
-1510662551
-1618696019
-530531509
-1590241883
-1498649997
-2135414920
1119811695
652173160
-554961758
-776022347
-510472101
718773160
1770342426
-1112619733
485576335
925684192
2116849704
1169061333
-1344489694
9310790
-560977035
-1372633846
506457882
-1196222055
1299824248
-1987675171
1466406397
-144233187
-708216532
192525766
1474995367
-392744221
1727235075
1668906113
-1438800546
1576176206
-357382119
1099906614
-324478685
1034053841
-1557952852
45220313
-812982710
-174866691
1017869260
-1903723053
303475789
-938743366
1664895054
-657623839
-1613432612
587248596
-505872634
-2046722756
909007415
-1271895111
-585813708
328963578
-1748714816
-2004938368
-926333378
1787965107
-793251381
2045370669
1974299295
623150439
73045432
1018346803
1480098335
1767014047
-1751557308
108608825
-968914620
-969450543
-861366757
-1727044319
-542828024
1710158856
1638969009
993282117
-1624242229
1711493828
-429153967
725556483
-694466934
-1344610018
20109941
1869186171
-1151299247
125664560
337511512
-1391457641
-69041170
-1417075789
-1010263607
1076634187
-575530009
596971496
73224770
112927261
-1594436435
885814716
333691705
-587594521
-1044393200
1165507110
1270715061
1201009371
-780676107
1103187411
-335104221
745395912
-1608723897
-1133801979
-77348759
830571419
-1854433237
400773048
1777899067
-1737544153
94285687
-319424250
-939419730
1806188328
550724964
925912268
-719378422
227721605
1686033793
-2124198772
-838028061
-1319309099
218116074
-109390700
-663123606
-1113805789
358395578
-136358304
21693184
1512886517
-571150659
-967944900
-2047542516
-2125020533
1969921898
-760510163
1057913357
1752605028
1444724239
-1509503983
-166328334
1244460805
1850724429
-47106811
-876991063
-468133380
-1870999097
-251787770
-63964171
-264122845
-74921706
-822980646
-1117082748
-1492589279
-1016449025
-772771792
1956948544
-840113354
810605288
1939525126
1994107364
-370840522
295922566
1425766474
669418451
97877205
-664904997
1706330820
-555416028
-824855514
-1636714913
-958956238
439811585
85668189
217820285
398442676
1915294513
-515372580
222454848
976179050
1700481266
-817980564
-12116914
-575532453
-1513211892
23150282
-1342716652
590823832
1723946530
-440656282
-945583550
-1491197280
1398660682
2049914214
-357957766
468044038
567226080
696957680
1101259843
545635665
253931671
300973481
-1094732989
225422882
861313744
-386862216
-621055827
1620610972
1537222958
-1140653682
42494967
770297087
-1738074519
1751236778
-1019418416
1549889686
-1510117277
877379993
-2050825391
2066900435
-671606408
-1722575364
426926962
-73123401
-662861031
875143501
1186534335
-1635517065
-735728229
1581479459
-1948774582
-856805540
425646412
558187445
-421782813
1850985962
-1527163705
-1353312356
1564720518
119208260
-38017911
248510428
-1056314348
-1772239154
1677279171
793319716
-352109498
-1135596780
289898097
-1442597547
1592185566
1207967210
-1124608853
1151747648
-1657044706
-525247277
352202554
854993076
-1913338498
927494054
1843234157
-1754600521
-1559059560
223269742
-1071188947
-217001966
5408615
-1823182958
-1670973873
-409650158
-80828496
-1240417995
540888617
-1161812083
944544703
451422431
236024935
-1924545501
273881174
-543103396
-308371425
-802429499
2032797666
-396636444
-609240030
-1753026693
-1591250448
1083521403
1276435860
1628063841
-1696668194
306388378
794890174
1786551538
-1049600811
526155791
2006485282
-102731640
-376518922
-932165087
-119235121
-213007581
-2109360173
749727479
-823917834
-1119760536
-1391925728
657752889
1233336254
39986413
906982057
277555959
-2035144876
367043251
-1884804473
-1795161654
906582085
583407091
1414740110
1575805240
297942287
1719763229
-549389815
549693788
-1299482124
1349930781
-1197675864
669118406
-218418159
-886835489
-1912153159
28719263
-655442513
1143329557
1460398742
-2137186799
1078473689
1458713143
-325850530
190777829
1886380334
-1490296117
-2008075033
-1046649491
-1777829384
1523171302
1367086835
-1559731293
1503823228
1720451570
-1105572959
-1708865134
-1674803053
678385584
1175862053
-2047125260
-1214069383
-2008413312
-933433157
-2021539556
-2024102684
1992276192
1533344728
2049391126
1282612312
1518097970
-758665054
-1997722101
833922489
57644737
2101967778
-719940374
-2084529119
-1882330875
-379110216
-1761679803
-2145840652
1328321830
1969872206
-1621899912
344421424
-513622082
576755152
-1527067632
-906391799
1496405219
1383437915
-56682903
-145635404
441458531
-2112354636
-1200064872
-484401277
262049873
-1817079429
1805152651
-1408576463
85654208
1313664671
-232297873
939569535
-1037350962
1274421524
1639882833
1872783359
-1880201500
-873178172
951181831
644250926
1157496379
-360136254
-1025106864
250390728
-1602478175
1390179781
-1795152326
1571337048
-1715403396
-75780909
-1249284156
2040670734
2092506127
962771004
895383235
-1699808300
-448537861
-58901815
1603610121
355750818
1642607369
1506213173
2068284099
-2056633327
809210918
1447106012
697388066
351672366
-542847058
-639281230
1842704700
-828875375
-235644179
-1511179146
1078624565
-907478099
-790645279
1835056678
1763408281
-303240088
-1408894395
-986393675
794597132
-235509267
1493161674
-2121759493
-387314651
167355841
-295863641
1795869164
-1723809131
-1953669868
530134356
-1585272564
-608204145
-1536172455
-215101807
-770291422
1136745572
-1747037160
560716461
-393942485
15175788
-1634375422
-1566994684
-1923941999
-369807060
-2094032570
-778249528
-2027506276
1930087349
184993058
908576772
-1769532376
-2027658678
-1610360644
-228890402
940957848
-1498323643
186686769
-464136932
-1384561398
406378042
1057818350
-2140931096
-4705588
-763758244
-1481992897
-187150889
1376804365
597440799
1931843365
1226015527
-1182547753
-318300129
765290859
1583153736
-20522692
-1314550465
2110390779
1190963869
-988277041
719685141
421420141
-1763702909
-870569130
-1040692347
902601696
-1389285487
-1671286083
753702059
34207245
-1880763359
1357768268
-1267264514
2000534424
-1649326833
995446556
-572806479
1319637417
-265524032
1726131143
-1901334948
-792579909
-474806170
151158110
1412818139
-1436336973
2091229313
1968238495
-2134369674
802294324
-1363933784
1629032551
-341936574
1604150577
1254905224
139168357
-1885507386
1117367491
931580973
-199633136
792170720
-1124345796
-962140800
-994173990
-751611159
-1552467589
1825477392
-205052251
482729495
-1614507903
-821523948
1036205430
1272523811
-1488042940
1083895216
1755034983
-1097169109
371643587
719575415
-895580958
-371686952
-718546342
-183136207
475153676
411422147
-846649770
1656771293
1074026110
103322644
-1561012020
-764140551
1019747642
-363580308
-1439268954
-1717241088
1520011228
885362180
270045950
77605939
969168399
-661113066
1996808878
1493829788
-1143680446
193807995
478267687
-79234481
1735258780
583177109
349124482
1671667955
-1783884499
851677294
-415240492
-1958497664
-1636119707
734732833
-220431675
-1961384887
-2068354871
-694150280
1973600611
1016422460
1784760547
-1058259498
-493994957
888179305
-1548484487
1535632471
-1061015927
-1538057536
1427566082
942849333
-1980732135
-1285599458
-1768891051
148125037
-1397978419
1716533642
-2027572573
920943265
-771457320
-694260037
644829351
944322368
-105572342
2120390877
1109536283
771714275
-1360932506
604500628
188829293
2057179386
362601457
-1115886016
-1295216206
1632849831
-1996131892
-265253502
-1427140645
196647145
-275790204
-82891521
929461029
-1678255107
1617635497
832161892
-382630442
-478243584
-1758451555
1465842345
2114414373
-1960734503
2068437165
1103969944
-1635705991
-1436644523
2083158629
264909712
-839226410
378997650
328019231
-353179002
-271300460
-621665631
-1727303203
-769294516
1718494033
-196546457
-10053544
271876629
-1945734104
1683755715
-1319999144
816379192
469884450
583951093
-1030774202
-142613708
-954489108
860071229
268047871
-736309004
1173976522
-322433342
-820541718
-1149595565
-1496871477
563070389
-521040308
1312306913
-1692272834
-1788100682
-36297510
-1262994201
920800356
-280780170
1430233231
-94107480
-709812890
-725972323
1876835263
-1182373399
-407560311
287235309
1053456748
794020276
-727082081
-668760666
461961944
-337702312
1263062976
1407404588
-1241671077
539399091
2022586426
-1835724569
1089789814
1834248114
1109390277
-1922940054
-1463279577
805444376
-1469204741
-985747754
-485366914
-1190683009
-1962474746
-692877696
-408069776
660194204
-1013869670
1350921425
731184106
-1812149561
-1260111835
355968621
1658957097
-1370241863
1129942085
183294871
1366091592
2086522006
-1531886726
-364377132
-827469542
-1409393106
2014182428
-1846110259
848448569
1082018943
1023987087
2075559289
-745385889
-1371071362
447940020
1195008635
1397565427
-290273258
938592674
-377591608
1139106279
1256598896
-450458219
-231159412
1581878464
-1622364555
-288188378
-1354153394
-1914368266
2108671120
-2129460036
1303011409
-1844072323
-1303540552
-1615464126
-1565977027
-965236317
1694338989
-444529894
491620351
-1042068708
-89961855
-1169436848
-1188417300
907318107
1629633369
-1441680878
1198835756
-1331280606
-117475724
-498093729
1134462805
1183798108
-2011625620
-299104513
-740837546
-1763002838
-1197759812
-1606464078
-700143722
230620475
-1830589566
833015212
-1620544676
-1795411104
410833285
747281471
-1481885327
1983637342
-431568008
-474381606
187673091
-1405587962
1275588991
1554506033
-897970485
883798403
484195315
2084437693
-361680526
-1683545614
637102690
2092269415
1215153200
1298373431
-2069604647
-1433604225
2056990902
-1523493874
1360116068
-879518990
-817172146
-349099424
1452351445
-2072042564
1036113983
-770580265
-234283580
1654623131
1384638837
-1379327564
179828951
-1487035131
648653409
-967222561
1318868291
-1921310885
-1092350946
1662043967
270378642
-339041699
-1549642796
-1801504436
-37459802
-108417824
-1622694559
1411742433
1531864317
-1527960897
-1145826251
1278891606
-714373067
-1341327858
1552899709
-334586674
-1288434733
1651095445
-1612597629
765115852
1110505535
-2129929604
-1809498540
-2091531252
1608270610
-739145918
-931063390
-1986081904
-166851180
1617746419
-611763732
-1996536584
-484391040
-1133328486
-185841445
1375574550
-487704055
971925235
690705647
379389889
-1352417503
-634154907
705504346
1243660521
1183590648
-337180370
87642667
980791020
1691491778
1214361055
444963247
-1727569113
623242173
1811369995
-1757285357
-403042866
-102885006
635517755
964062286
906792448
-254134726
-1810393820
-1613771459
-1945964779
1474539267
1013189915
388402703
1269491514
1136700244
-1179939128
1868407011
-1215222976
1630090894
-99357670
-1928525906
882355120
-2096154253
-75124102
-163163294
822742818
162400236
1331273538
-1392545460
684654030
-102856954
654600048
462580413
19534435
679030589
-376781162
1569127148
158041111
2053074685
800262421
-1564139750
-1104683521
-346410651
-762804854
194905335
-77375584
-594309811
2014886279
185269060
1824629445
1666048138
-1265042043
-531085127
-1434172782
-1042621584
-1784740839
-60027608
-869351463
1945714840
-519727002
2000130273
524897963
-588751646
-860205102
165914200
-953173710
-1930658883
-1085791492
674169349
191079358
-1645225051
1035870701
-914379637
297172509
-140515603
2043721613
-1768492260
1376826926
-1960921922
-1643696041
-2048296422
-1344208968
828184158
-1800505264
1553159682
1519895927
-1112427339
1684358197
385502853
1077942136
-1132068339
-1717233165
1487843319
1820895910
-197524455
-2098271141
-1052946708
1755626915
283916856
746143253
1504420384
-292161829
1793270778
598278101
1451300503
-1309831209
-685102110
-1451385395
-1563491835
-500932146
852228717
1621880930
869980015
1955506049
1731229011
-408222687
153387537
1592363080
298118924
-1682903820
599591554
885899367
-1770435947
-691201904
947907094
590609061
201660275
-332344271
-1660702589
-219369697
1049881080
2039347593
87875526
-2034853031
-1717013564
377419509
1377313351
-2135152747
-1996873586
711632625
-1912651973
1056001384
839465764
-1584813362
-2054262455
-481242231
-111026512
836385954
1458963311
1838215915
1195784252
-332747649
601774119
617920782
1677515895
1932655846
1986182853
1650506642
76035513
-1775152515
874101538
-1079054067
2035830340
1561340672
1617404798
1403437853
567835340
747671413
-876431198
-109335104
1439607096
1498920355
-564257723
285605858
-392538198
-883243836
1411598768
428773687
-1900185668
-1341738631
1144517796
1581220171
335135245
1400202493
-1714916741
1677284310
-1947124229
795976605
78451084
879558228
-1864302159
-449943961
-788331820
659602133
-1745260957
-206726111
1530378705
-1584483311
1095199960
-1944222340
1955587761
-123085121
-162107864
1446191241
-517902676
1602655270
-823446329
1811634028
-1513486675
1854521843
2058594753
1711531598
-1994238921
-2066037939
1237860934
1230515352
-2146977658
1220622118
-1868580503
1205689693
-1420482060
-489068588
-958520796
-61029609
-1559904354
-126937121
1601475999
-2059269483
-2122198201
-1107834852
1947664817
922667316
310500731
-391984390
-1167991898
-1604079027
-1308594185
-1903773413
-1637762237
190001133
1801908808
-1118233818
-657776122
976769739
1303839921
1628855515
-145689935
-907522698
1496100177
-70427289
1735154953
-1220284722
-202132603
1059270905
-3063333
592564148
676121995
878241684
1593201471
-1763629052
-1524267929
-1041863386
-574065376
-212828477
1290793481
-749021478
823468538
-1609389675
733330863
-1838960214
179296229
-1086337167
-1221330296
870458935
1225970131
-1641586025
-394015590
588121564
964399381
-1129101888
-659687452
1813255424
-1853359325
-1497657193
1053146566
1620977323
-1973350500
678274920
1359588513
-1870078629
-1395885429
-908027370
-783333958
1895048472
-1555134741
-786694574
1374199139
-652690746
-770034323
-1670006519
1098996060
-669100871
-1943700617
-58823906
-329076362
651378830
-845943184
1140553049
644109945
-2065724872
1040867130
954779550
-1530240185
-400883623
1973561856
-1972637855
-2136032192
1464773074
-1386529231
1078270297
-610893592
1025474717
72884939
132250227
112882631
-1385593383
-1239450916
-855518199
-728531824
-1943043290
668126789
-1625749677
1101703301
1656032563
-1157457215
613805085
1740524825
1788713876
1220800805
1628430010
-1690029866
2034551256
-148102424
646232376
-1318396287
-600762918
2056995814
1800940500
708478587
1405333335
2072413280
-502552400
1771573865
1885154497
-989878457
2078070467
1089687319
22559058
-1874388807
266584080
-460107623
-1313304477
-91592501
-1003933926
-2130545485
-1652696579
-1144443255
1354821526
558737274
-1318110032
485922618
-42277278
2078330426
791525539
927207
-1132907339
-1274774374
900243436
1664509726
-567747944
-1214294018
-1007632351
-126575373
553487509
-836776660
924586287
1377871687
-668421971
1150876721
-1128989335
1635298380
1267644046
510131845
-414345501
-56081080
2008891141
-278598803
1669352961
1016017816
-640170319
-957006176
1848442186
1825563127
-795359239
-2138340051
-363176319
846083584
1540917311
813331611
-351191818
1791718897
653657173
1774178385
-452462311
240404145
46772271
349028664
172634447
1409418771
1770454490
-1231060066
678536200
757138780
-1268457556
-1261400227
-1379754223
2011260930
539015613
356228668
-1144025050
-2091865418
490370709
-803654508
-1133737269
2092308132
714126118
1357615158
821352283
1831642361
1207907836
-1627381364
695328608
-1560734043
168895922
-1473449219
1247021861
-725400479
1392226983
-1041063274
-1453103990
1506142963
1999448050
-57552410
1318523671
1501067184
403150738
-752013272
1491076434
2070583618
-1256352278
-100695385
-891004076
222402731
-21317525
171921246
-848402791
-1253851510
1793641362
-121631266
-836021480
199116955
-1145179115
721093236
-1501377133
307671940
-909168808
-1943525494
-653116625
-1465885491
1936058150
-877541043
-1175759289
1549517104
1875807389
1708373904
-681622404
798284562
-1862177176
-656330257
1679587856
187327825
-1002029517
1941631543
2029452916
1059063360
-1484392101
514914565
1511515679
-960911633
-2079971099
-442367828
701109664
-1889633617
-612127566
-1964721572
-1746427402
338066132
-783120912
346372479
-1186176481
-1797432644
-1450486574
-870108826
-1410890258
-1569572848
1671855490
501475620
2068792865
-864318647
1466968150
-306902598
-1403584078
-806675338
1648333122
1602988660
1297701997
-1501167557
34560653
-1860354159
-1712508222
1836114204
196859591
-305770711
1960146652
-144631557
75988474
1898778699
-815183119
2030526175
-1940585953
-2092148635
-1145901861
-1940845322
1762244308
-327845144
1666795240
-2056699172
1266827338
1738407724
-1974388243
53700637
783203716
1865961616
244380833
-930295048
-1995775555
1126485221
-19862489
1278973798
1928966441
-1220881140
1057704428
1464648282
1490277600
-541080611
723772083
1292141897
-118310377
370929482
2083523309
-391703061
-336465776
1652299715
-1267278771
-192330173
453213267
152037852
649576604
-1757144867
-1664414050
-1585678803
130962889
-1344875178
-268477927
-1222392967
-341311677
2084004129
1666184781
