-1540341752
1823639130
-1953455762
1824423367
724903897
280495502
709090635
-2035180251
-714649952
-1874342472
-198320632
-2001354569
-1982394813
351571300
-1269561946
-2142931425
-405330448
1809198983
-1069285769
1767190186
1049305149
-1105219372
-1359411231
-845347132
527660944
598505038
-482161823
-311226194
-663937856
2129918238
1582693842
-84732307
-1060092932
-1720984666
-1158721297
-1970534651
-105604117
1464712149
-1326089962
2027586279
-1189129451
-1019783492
219106126
1480276903
-985559167
712036705
-613468277
670505713
-1640743778
588135123
1634050864
-23698243
1409831782
182360958
-362813484
1074219201
-355401536
-630446656
-351143352
1914148647
-658551259
1601592251
1558511065
1032359040
-507694970
2139635308
-995801135
1392437495
-1032838803
-1025910276
772708164
-528431415
-1872124318
1791869782
-1703049976
-648682508
-523343217
-481273095
1341747204
1312183086
2281126
-1402476274
-12949075
1912522776
1198920450
1990321853
2139285198
383840947
-1022132212
989530299
-1906493305
-1803969006
1869820128
-1968906457
-2083974761
933070417
-1332059089
904208022
-1318741027
-464971323
-524978330
410510956
1625874971
808360308
-759959537
1184864365
1409126909
1679903943
2136029048
-979233389
-1045669286
-346833794
1014688913
1176269857
335964600
1548364003
1924132890
731087607
-535113451
-2017349822
-1073639683
1278783016
-2103914780
-1730162024
2131914488
-750774071
-2128787883
117791625
1074078078
949878796
-615913767
-807746665
-1811513121
1338948492
732481509
-2032427119
-1472316506
-1783763223
793214197
1376369992
1152528961
-2003386217
-1608456749
-255334264
1833929447
1867524595
1646083864
-1519940794
-652828746
1340454039
-1193003277
-84697835
-745198821
1488861422
2117405224
1249285598
-1448323467
-649629174
1228205404
-325036080
576098044
1705409204
-681294193
-1181989739
-2131016481
2135590852
1139768040
-675876411
1461516460
1279292339
706237624
-1741279073
-787465483
-1912934546
1874937272
-532849418
-483360209
1059875948
1710492053
1109600104
-1527645475
1955402754
852585646
-1178775850
2071836141
1329094645
451951388
70909199
1484249441
-705484719
-1945265166
-1176126770
157660977
1315191416
-1873716027
-741855514
1260645999
1834405245
613216622
-1091494725
1497037484
1052731314
1694772238
-554543628
-186460774
-1599010433
2142957906
-1348824210
963415794
1358541173
959671543
248539507
-36503913
-386232926
-1254323568
-1985230037
1537340667
1472294438
1227404935
1994379602
1014336961
-324121338
-876532895
-882001877
1867090084
1581842239
298471237
-1196078925
-940913514
1184391966
-1070471746
-2088361702
-1688504020
-1047683122
256383423
-1776775058
-1642321352
2016102962
-2131713049
2047605145
-1286385225
-986086667
1724485894
1190392205
-1208628243
1943364062
-1457951520
-1260614467
1101140430
507200104
-735128272
-1413378098
-938365536
-2129607279
-1812481809
276526990
-937765411
1449958642
-2060007467
543198244
1249268317
-114855153
1965151776
-972590199
1696337844
1038255344
-1550042989
-2038696138
-28637991
-2132426512
2112642241
2114842911
1651986183
-675250476
805052811
435000287
1554229223
-256563938
-1121471514
-12090828
291084782
1370050467
2006381537
-993629780
566630148
299453275
1381606886
-1618537312
-1128901274
-1641612424
-549522369
-202954911
-2004150580
-1261864007
-1041955620
1550187697
1777778125
1000608767
-167401646
1616008565
1773983106
1776308512
-1278124249
-394866777
-1779437718
-1966057734
-1032171956
-593340271
194313101
1390133195
723829738
151588407
442597091
-662004544
93025121
-112376812
263998453
417819595
1342281612
1472700169
-293690940
-391506247
-1101167030
1033927826
-1737632534
271273859
989493306
-625206982
-2092701953
1614863843
-1834448699
-962713008
1872736317
-149376470
-867290528
-327098661
312180583
-416165552
-546387182
1478917066
-1252830235
-1930465716
2113783092
-1649670289
1452414515
976471206
505329783
1343666222
1550807676
1882556489
1273919275
264051313
-1004652158
-1348731235
-93211714
1984438750
-2017104960
1394283733
1099561602
1226283468
-1824763183
-494270587
-308673614
1469622514
-1423684334
-1727762570
-124870218
-1462477727
-1805570170
1364117437
1938935718
-1251512908
781935098
-575356663
1493279756
1886632069
293935465
-1121388995
-140694547
-1775299806
877548705
-1143810498
913666570
-793084288
-1085702363
45143821
1699821155
-1356340881
192732757
1707230743
-82437636
-2042379505
284896460
-208844341
-474856734
840677506
-845150199
1225451629
1831713904
1502706146
410195024
1934370858
-1606740018
-2049584523
-1665205550
29924459
-1072492358
-978984929
2031592971
-1166543763
-1210107254
316167703
-60989333
1490902801
-1917585039
-1620068643
-612320968
742709232
1012550657
423737707
-928689230
-455102030
170797296
-678212182
-1115683721
-1670450784
207516958
2014049319
1638850857
721375350
-1087908394
1465539846
1888495181
1008989309
-1250696365
1762624054
-1157163147
-900056871
1624932230
-1999327003
-1762902623
-1508764129
-560245482
2020881974
567846883
1367081002
-620641624
1366532913
1976701505
-1426698962
-888818080
1769593851
-1235740962
-620660211
-2011152986
631924294
28364123
-1857822743
1551027500
1304603402
-950698886
1939517178
-1580432080
1667047285
-1622785532
1941914272
-1660357122
-813070049
2031473901
-1729813829
1559767224
1344852353
854377909
1277576762
1085796441
-1838277465
1658183952
-707237134
-782055689
-271706332
1033607368
4167344
-1099383992
-1715425465
412653282
-1631644271
-1079299482
1716039051
1968955135
2028702096
-1711504938
-696786861
-383573499
334880607
-2052020794
-1067594026
2100570110
1678785659
916232086
1513760599
1917350975
1072380538
355862681
-861184870
516720588
-1015348313
345867547
807741074
266757627
-1172757296
-1929821274
646044254
-1370669226
-737073059
-1441323903
-2026058378
-1808374075
1442008740
682665337
-1290586079
255456492
703199100
554946019
-1381217494
710131154
-1442606832
-1734322464
-1732219694
659258562
388767732
616076258
1463996680
-1105634698
-928074627
1975115631
663740631
1787441521
-1798807220
-1886875611
-858381025
-960940885
2036041516
1937226237
1092003975
-1842684813
-311719394
1024802771
-311098191
-609272431
-1644805200
619116837
-1923182928
2112892586
1547814549
2041442330
1569937078
233955304
906643314
-1500447802
831713041
-1240282919
-1436205323
-1965016404
-610652584
-1719529321
-1645471444
1127690628
-864132895
32625705
-1760426476
-1814326723
1954913653
633138985
1034796911
898821956
874721607
235809446
2147047385
-1458970874
1048205089
1964045899
-656972003
-41200716
-822563361
705826752
1347299268
1047472965
1383932449
385399888
354310639
1536375744
1788297019
-1108903733
912588646
1017274299
-105505936
1767719853
-1684781840
-383695074
551375712
857662847
16854244
-261025748
1709820094
-121513091
1829293823
1903422660
869734469
-1238841224
1319715192
-1182771229
-669910292
417042429
-1617461422
-1575772308
-940374441
1629716407
-358817808
-730020309
-884965231
1635134225
-1063521298
1724187159
189610744
406838559
-867837139
-575972649
-1791645576
-1782004546
-2088343505
1222454407
-1474583813
-1644282119
792634534
-1326607685
-246115296
1587274670
994741063
1982463939
1468331306
734410864
591923938
478839856
366959162
702754223
-647846217
-1478456681
158104769
698010134
-993507327
1951337364
1185216815
1957472308
-761195305
-29131247
1560065008
1978477150
128802868
1926694856
1401624984
-1098413870
1464469332
166965765
351972956
214965791
-1613967295
-15620432
345874628
1740936644
-1053844052
-1474512502
-903064674
-1005723369
454724608
1548927414
-1064430795
-969795992
-137737292
183469947
1566271938
1071816294
-1286517536
58935880
-305346781
-835365952
-813199341
1142760184
-1849724982
979204367
-1243205533
-465385898
698738423
-932992782
382270148
-347903006
-942127063
-1247140742
-1570658659
353098965
1410089937
-1375919159
407733144
108916578
134460233
-1211822859
1215803577
162394686
1509685252
-253053647
-671141711
797756514
1800903173
-1134817234
1081700212
1068356879
2074007956
-1507724866
878644489
205760530
2022385711
534627770
301597088
-262178231
110935231
1133535782
1678339817
-1791839643
972601099
1694062482
1036038819
-1060451856
1346471537
1693475778
-66285966
1371257489
-1459451950
1544612497
694319349
-1750238321
-966586674
1428789522
-921998313
-1526377581
-1973137871
-496986377
-1675836251
-1171520847
556848044
1813965366
1248266017
-2088892247
-29652281
618393833
365665749
268667753
458717974
-1425271435
-1947737046
1826726357
-707742294
285483246
-904588487
-129038645
-1725815350
1674891194
1872880546
1391622241
946551011
-466056077
1931737245
1748060016
-763129412
568816914
923560014
693689174
1069169389
-1740370359
-2138311332
620113398
-416215919
2106935599
1065930179
928678915
-73647814
1109966626
1613816553
-881007234
1060714021
-50182168
1943088879
-396617092
-1135643986
1449938455
-1068795062
-16961492
1036030725
-1475443273
-385254255
-1000420840
-1722473950
744941861
-1293592681
-1988508757
382594806
2128289849
2070733756
1844176371
-359560990
139900331
-1939456384
1886500262
206606188
-1798521166
64062552
-14639766
-797783760
1782175981
806142661
10680400
-238406124
741188230
-327387231
-473186143
-148336449
1571885204
1047278011
-1678776611
-1723403446
-791590975
-2130696538
1523553536
2016842552
225237804
1128911310
-1531321849
-1215510365
442209680
1377759435
490322354
485217464
-353947483
-1854705415
977468554
-525526171
1896718022
1810637384
1170414629
1267254352
1366018771
-194428081
-1712801881
2036463370
-365301160
-375047513
2007628940
-1742854524
-1448018450
-1057681034
-515256411
-589226047
331512801
-1476558007
1880621664
1231998925
-1182588653
386447143
-1649862580
-2112949011
1346499615
1943401954
-1585028901
559820567
-112949568
1484648880
220162408
-1640291420
935518580
412840697
886180731
1605740611
2135164252
-242123150
913218380
-1630459599
1260791910
516245609
-806225275
1162526374
1328287661
-1858893470
75993932
-693721710
714812447
-533854237
-830374016
1422921608
-1576247969
-662213748
1662345281
-422478342
1774943981
-717181590
747678134
769334439
163586948
1512880523
-241211639
-1104162992
245113539
-1556867627
1080867510
636020401
682810639
2066457107
1125424901
-2046054225
-1046062665
-2133932720
-2074957100
-1301588019
356885336
1755225192
-942547302
1971635684
-1177942398
-59965989
490585512
1311342099
1716983451
-562862364
1886730160
1353294323
1987812611
188949962
-2143017333
-1015245297
1420809848
-321038987
-804232138
1265301907
1857004220
-1894351293
-1808548579
-1405885118
1398114932
1129508892
76300956
601007533
-192561325
753281475
-245317182
-2027330399
-16352649
-919543441
-196124073
-1977059872
-1340777198
1681818265
1842917920
-86951148
1264564045
1968977175
-2139512736
1492046592
1040046440
1412481386
-127193694
-1152514056
1651495717
1736304211
591844278
-1310641773
-1331935898
-2144799829
-516232712
299105694
-1044895211
1051836020
308971991
-799124397
-318196157
874267178
315144085
845466570
-1109476717
-1966963873
1702286155
1156079278
524101081
-590772346
1789564464
1680759348
-1131246083
-28477938
-257941479
1487189833
-888675547
-972671310
1432410435
-2146020598
577024275
-1184423665
2087726160
-1962558855
1370198730
911315318
217799823
1883012460
681032824
-1650755837
-1019609984
1997028552
508477327
-869781778
1585498262
712894447
-1926763212
493044000
627108414
-256975498
228391645
1456591369
-1505106144
390259483
1435356468
1651039664
1438957732
-693819146
255561026
564367371
-943519817
-182334483
-1426232375
-147435888
1474619598
-415986836
1911797488
-839891189
1095070762
287352406
757343781
1512478642
160212574
-487255242
-978026434
1696687222
553317646
446662585
-156827679
11824539
437937144
1793327968
-1060234714
1102183306
-1946327496
-248131215
-186414214
1535128549
-1045164089
1388983854
537448134
-888788004
-1121690812
-1978909879
582312655
1554467774
-1023768586
-1810083946
192512479
-984033325
-583871471
1904061954
-1404948571
-616123800
1108219704
-1463894077
607502681
607759146
-631832253
2097737168
934947
-264048713
-1007287999
-665348717
21587389
-480939662
1898846400
-119728931
1474020182
296703126
968695627
-300408550
-1936735559
1719843981
-306300364
-74785339
1377196462
1131317634
1389726866
-534223331
1649567648
1196219188
-954702963
-1851474407
-892500609
753298701
1922392792
756965016
282030055
1131880307
479491455
576180444
1098870658
1155613277
-1931573534
388697401
-687250519
892499240
1205422080
-985165559
-1086958767
-1913245782
-566000392
1877434338
1283631140
-1694545785
723701453
1094083594
1589278702
-1894576957
-331645591
1525342763
767983674
980794520
-1619505692
306508866
1322956860
1291944330
2050433285
1217806301
1675730161
-697421385
1791270408
634542981
1695390597
184644723
682147233
1841010552
1059864052
-968614892
1912766785
-246997605
485293554
-2116892407
1129405079
672046254
-939007473
2033003057
1877935961
676655809
793659670
231239274
-597367485
310807270
-93157450
-1780565145
1425277535
-1636474329
-1040630684
230604230
-1302893177
136046522
-1148093057
1945871969
-1724085464
-827249550
-1891678796
1309616355
-2040171960
-158591623
1519764131
570707870
908432841
469403196
1257597378
-472172388
2049523182
772584870
2023487361
130224115
-1334012386
463741583
-124601169
1313397597
-1026600216
-837231754
1164566044
2054089479
-1723976633
582946158
-596284802
210371497
-2135168986
180489814
422275736
1157535190
784797989
-563521971
814763928
415864469
-759990883
1227824228
-1785633856
1013304623
1420335841
-162035052
-888987319
-514348470
1272467655
2100477169
-1561095293
1958149174
-325848730
-1742536673
1935615552
1789858950
-871409376
-987495675
-799504525
-1855769886
-1223894302
1361506240
-1181057261
1043220763
1520284842
-60645413
-679157435
-133010304
1188481097
-873046084
-1074528583
-1432516497
185703530
-533662368
1215575891
1657677358
1045293522
-575349174
-1891003634
-1529061893
617101544
1842215096
-1445100259
1803044193
35541880
-824439784
1000553810
1213230796
-1113420109
1408820410
-1364907069
801656416
1225470330
-231213371
1425316522
-1880123387
-1195672869
-1387742097
2053014157
440986310
1958218971
1814315880
-564724578
1644125531
-1573863563
-1140744810
1363081060
839892996
1806049251
-2091636472
1279136153
1910744983
827400219
189915939
2049228630
271160796
-1059603812
-206619871
-664199827
-862530792
1388416617
757143484
-1953294571
-1091253017
1372305237
-2096298971
-795688500
497356366
2087413377
1188739131
-691661959
1424237840
667090723
-2032570375
1663129296
-607844288
-1253721208
-1025587665
641729017
291755031
1434590811
552339060
-749087884
-1788350713
726381607
-947770790
-1888331466
534440976
-1090459366
-1189349917
-321436136
-2032484783
1781659403
-2016876748
-1453049487
-368897567
884617149
-1604653688
71884033
2094194143
1168975716
491002726
343440656
269517767
277709673
-647968746
-776438058
-947908601
1381724522
1572721745
-508208867
-1302040623
-1905980796
-1171126729
-153357532
-1417826254
1487087316
178040965
305106374
-1245472156
1863411001
2030770438
305306331
1329414495
-2061997217
-886484406
427501278
273372341
269328889
-1099268971
-705578800
-1664856929
977006925
-1642094054
138660955
-90258606
119357941
95658601
-1207875015
-254308457
1336198627
-768220892
-965827882
369521818
2096516517
-345723911
1988849460
-1175618815
988229097
545491915
-1905804274
897337152
-160859836
-1969687246
-622828736
1518469419
382374446
921832485
-1384310939
2094899404
-138782383
-1368232202
-625932863
-1146768266
-1113555966
-601801603
1734947425
-155323367
-233199857
-289158760
1977741952
-35506728
869179834
-647382574
-1116788435
-1768712232
930321669
-992645279
1970874921
-1613892773
1876820784
48694870
-1012242667
-633803508
1157903232
1155485455
2120764108
1122580124
631313985
145980399
561243917
-486812275
-1855724276
1879144017
-1053468579
-258047156
-1706884275
935333561
1409221675
-340428155
788390655
29719628
-305916620
1652573619
-1353584199
-202252415
1284495913
1990484725
2281966
863157273
-121509234
1511903528
1125540976
-2140168628
233649636
1795349041
-299276746
784293700
-1367973622
-2046185830
-1127635362
-1639400242
-17820193
-1617713568
-1857087372
-794281906
83503404
-890553590
461194996
-1528794892
-1034765631
-56684803
-78976499
-327586515
-1642679331
146118158
650487463
-87652517
-2044639278
1964651353
-490456665
1985081799
-279946519
-1654792112
1887015793
1088947670
-412224638
-1812811498
1109370798
-609496454
350034303
-139802099
-1357318833
356621803
-1188378653
1069062829
-1739322672
1471368855
1787417781
-2047381097
-1733522751
226357079
927658794
-1541358103
1589212289
1081524962
-1546636286
771985875
-835668660
1831443078
1905109042
-434554262
-217823880
557409300
1117718978
1143668924
-1747102213
644293403
60067576
1684695076
685658672
-177026727
-90747978
-1449230882
719108570
-414408082
-2111322848
-870445603
-221243544
-12237101
-994075775
1383583963
-247228806
1364544009
1607036527
891742130
376176292
-2089478123
636509996
-171755542
-715385231
-74402261
1828377934
-788365934
-1410485591
740973224
1887070626
316155475
-510265898
-1954934715
-2099963058
1917798849
1035961349
-217589623
-1748356299
-929344780
-1632784695
60883327
1490516382
1502687063
-1198006908
979411625
-2096520681
881071807
2044507625
1653503284
17633687
1084113087
18925756
748059500
-1442684190
813636410
623167196
-812700815
132926769
-1821518280
-262438269
-1880420053
767742225
1342724349
1409827019
-565306502
-1080963189
574878807
-1406001293
-61994830
-1933086844
-300521928
1866568419
-446126522
-801573529
1584595587
-840351635
-940451902
-2002063104
-156166870
-632571691
-10053378
-1038883413
1613615480
-1939613934
246509456
-778121043
-666017109
768460630
281018242
-689622559
-1994133051
745208396
-275728572
-1842447722
-1303858013
1513851040
416990947
872220343
-1797105074
1298909891
2061620859
68092973
1729980560
-29546257
657076202
259779712
1295146698
1163749225
-757510202
-855804732
-1305824764
1555034885
-1998974576
1308432306
-437193146
-1564413457
-1348801751
15572500
-1037448923
1179786407
649063300
-1073067674
957895072
401449805
-821464932
1292600506
581593388
-76831970
-1777612632
-117751844
-1191853556
-2028277698
-672976242
-45000523
-265249050
-2113521737
322105748
-1960659212
-205131885
-1562722879
-554342307
1152646634
1808656182
763771971
1984851730
1332410549
-248422513
-1695177318
208689374
1848124576
72326545
481742744
935812256
1086586313
-2023535823
-1713681714
-693742372
1661071876
-732120448
1134225934
-1008006415
1577393663
45401595
1796783659
-423657071
1097939110
1713168930
781552130
-1325338004
-148614967
539374662
2139550397
53244718
-1810087685
1178780327
213577814
-432245332
-991625797
1746997694
-1474084262
1256298329
437985753
-1852587306
-1218646801
1697936382
744512786
1815873504
1287914008
-1549439062
-187324163
826736776
1562655542
852143078
436824107
1207653507
-1743051055
2096864301
2139476872
-338321622
793308824
-810750566
-233940473
164069452
247003558
-260655645
174118526
-921278913
-272896250
-874898043
775536590
1452565816
1258347641
-679806656
833140550
-1983991844
-2024569482
1138034374
1672812872
-1343060714
608312945
-1514422098
-1893174227
463644459
-615712672
-2123432530
-1789982363
1099214858
1533468794
-1224880375
316456163
89052904
-239781823
-1923853754
-383314249
1309452
65735106
1172859426
1707817723
-1126889497
344628251
969183942
316734451
834405991
1141722174
1894729020
1481271920
-1092194420
195669491
304127519
96569460
736728122
-1284753117
-1986053230
-2093219301
76885585
-1244199086
-1506245005
-866709320
824536826
-1820236435
1775753935
-235148226
660020804
1098399173
-612154473
-1248891167
-572153874
1504484955
-1313096300
-519713028
472117638
97378141
1235891608
1633522484
-2132871758
-2034160144
-1604209163
1536369886
-272064307
-2050982096
722630451
-1722768227
277928629
-1807274124
-1332688900
-927734449
1472866786
1972556246
357433435
1270788394
755334075
-740101134
1108407333
1185135905
1014079012
-1257580052
-2137089866
1919217292
-1040171429
2039772856
1599787489
157144839
-1713667836
266609813
552901153
664767129
1796507521
-1379868199
514849299
-810470376
925136519
1050482164
907248424
-1348793396
-1335963154
1882727086
887505301
-396913581
-1139981881
301024691
1137072527
-987676221
-1881533261
1235783248
258982836
785444629
-1632627854
-342692993
374201548
199476672
-1937016390
1160943136
845790384
-570066012
1008805961
-1493869687
-1837987703
610667305
-1442945987
1880001600
-1497615298
351291816
806664099
-583363834
-1813747929
2145976329
1338689357
695629848
-74156026
1876191660
-1461440025
-6957904
131249206
-1124450932
236964940
-515507503
-1111202268
650028450
109891349
464868676
-2065346818
126404743
-1584608909
-2147335203
1322289067
-1202337444
-1937674946
1040513026
-587072262
-1314823699
1635944525
-1757670035
-1263076579
1178303252
1332330247
1306270512
-2004386728
-63674533
2051464250
-1518479111
1387867892
1853858789
-785855957
-269978473
1441293946
-779664499
-262895379
758629308
2058513437
-1679267761
-289098250
1936195076
2077221495
87256806
1885436142
442239798
1841639544
2098245815
-586552886
251916744
121251738
-2016083987
1552237593
-157472344
-1301718695
-1868611100
-234652770
-1168189639
-1574252574
-557134902
1547306526
-1199557989
-1658511862
2065196419
-492638598
-1045979345
-622134655
447354573
-231635713
-1917503654
-2005214649
688661157
-315539204
-926691192
1727610462
2034750696
1077454740
-580404365
2144708800
-1767700932
576932822
1407370404
1477799059
-629573072
782449674
-478594759
276745626
1942715297
-1607765939
327939049
-586013969
820992864
-1577447840
-1311263163
-1964642066
-1031162607
446863036
578441792
-212455820
583704149
1189433065
425879537
1036396873
-80993237
-2136834801
467057558
1631043034
533772947
-1047705396
-133273636
468833835
946242163
-487893688
1889759324
1822123019
1298041278
-1158977401
-1371703191
-858830200
1804954067
99529726
-1419075064
75557541
-897783774
1539674728
158914879
1590708042
-1616085739
798609113
1635913618
2137519227
-122100436
1112394003
-956159030
-1301396020
-544137110
-742847721
1769320952
-1548324844
-1465809937
-459267073
-320051272
997560928
1793311206
-1160848374
-1905559366
1787484714
1124928417
-1617357320
-1666261122
-441895221
-2105953791
544731544
1620186718
-794537939
1250420763
1723728798
-1369156399
-1056328508
1007258647
263632570
-219357971
340423358
-628155813
657598949
1479023917
-1723297672
2060201705
-188735491
1326361204
-228648908
477640965
1962005652
1631802962
-1020089591
1628718363
-182203900
664135045
-805056742
69796062
114156742
-451138879
974875914
1293835700
543778819
-629438029
1098723503
151024976
-622745749
1981359683
-1634549499
-1180986208
-193101242
612844569
171836260
-107769622
-1703085112
-2064999837
-957358603
683199281
42435752
-8740908
-2059129502
2065663453
-105068045
1290539759
1501225420
-1767608166
-1174201059
80036484
1613854466
1070829183
1548470616
714070650
1463761902
-824911245
-2127107544
1456748751
-1228268206
-2125181492
-33188041
755404509
-1781471308
1704013112
1264744805
-2092018978
-406637417
-686112800
997596451
-392903246
-443648277
92198090
-834824703
147820767
-284501307
311474814
1534019460
189317336
153742418
926256364
1369630524
720740225
-1393280503
1695350156
1747913750
-100519182
-1300077025
-954467897
-713040146
-2016451461
1156668224
-1240411243
1003470952
-939650073
1880660091
1947127910
-211552256
1912707845
-1446721411
-1167506874
-520306594
794330467
-710404095
-1617653957
1917404398
1798471772
-2141913209
253086449
-836410192
-852048043
833582147
1319093912
-59748788
982421571
-1114917800
1427553037
1319651689
-930399121
-789503419
-400428745
-932626114
58216829
-957684833
226823347
-1565465496
916815530
674707200
-990847821
1336176126
1890923092
1757525311
-1080699101
-71210014
83919807
1004794337
-759127540
1579423321
-2136378091
-1473564978
-999600323
-2128409378
-335490642
1142495047
1110715943
-534148046
-1082839918
1379972631
-288008183
-189369929
-225131717
-612361464
1984322124
-738746370
-1006352226
757752728
660841263
1709086878
1458101356
-33744148
831362214
-1358667961
-1788628332
-621337339
-9739905
-1652557290
1151479565
-1143559887
1276909767
1463034666
904755665
-781799485
803373931
-1823604874
-1655648468
-853776634
318683169
-1980240168
-232910794
1158628206
-214791800
1239468395
1007441821
542535440
-795069810
745086488
958699175
-1987494829
728032529
-464697741
-1989378442
382177255
-478732600
-2000919612
-1249887858
864712182
1347086436
-1522951838
-380651116
1607227034
924082930
-291104697
339516760
1025211790
864241538
-861417503
-2011041003
1277225255
-385336051
-2054563802
1772051191
-2024762236
-1031853933
-151983894
1368739292
18329860
1651235716
1620013684
1784187998
1479574264
283690080
-1263916210
1727986193
722130329
876447137
234301275
-1064802040
-558679492
537761496
-1871786961
1070209438
-1382906173
-1821551595
-330877286
-1674841486
1510098774
170794891
-1664621178
-1162693453
1464473427
1738045812
-1993556478
1052946589
1013257602
1926574642
-240337762
-893731262
-835852403
2109020854
791275512
-1438679411
-2055012178
1603852069
911562903
386607235
-1059315798
-1775192136
-1872008713
-879335732
-1696253955
-421086237
1901684964
-650966670
-398312874
-1270668359
777999115
1903792103
417493061
1958622094
-564823091
-2122920116
-1937678542
1249381853
-1226364330
538392816
1902012049
-1082538132
1972405486
757171478
252939603
-1632560723
289365390
1525335546
-1324928353
-385198233
660321206
-955635946
1937479105
102926229
1039531901
1307761825
1861904738
-1287271794
-1977181719
-1094777000
-16128519
1745644901
2123028096
-673279873
-1107554431
539709330
-545152481
-1626783190
-813686164
-869105967
1922218761
-687628360
-240559145
1363094858
-511125950
1891254944
-1214410498
-1739299343
-109558242
1127202671
760302065
-77585617
-1083116012
-1024108783
-941730937
-2044154942
-1322004521
245823566
-44237677
1320704480
221306279
1718048151
-1460178347
1234972834
-611009053
14750467
-1351487437
-995368032
796998627
1696485523
1423554216
1431844056
1291198980
-1109912387
-1195901572
-538522413
-89351933
-2064426200
-901425867
701559050
-931616626
-184955981
1022176205
-1930642299
-806769384
-1363649093
238577828
559857348
-686041364
1125018525
-1271835720
2076976355
-2110126460
-392430983
767704082
-1172057864
-1202677221
-1431946695
-1061973629
2111243199
-1324941183
779452881
-100309616
-188711815
-2082527955
-1495249977
-2136242262
-1400687856
334956952
1458239222
-411914078
2098729086
-163962936
-996388978
206074203
-522958480
1756707370
1621304414
-796469056
-123191514
-1449581403
1583967317
1518339320
-856618340
1353005803
-151666619
1536496600
70587886
-1351315439
-1882968854
2061969049
-607754248
1908243297
-1177837269
1785228490
550209084
-1757634961
-1267368801
-302093689
-723906296
-1694386071
-660536750
1237708267
240942552
-261760333
-786123832
-392403006
615420920
-2108173645
-589572031
1310301059
-663580819
1059380456
309244990
2053102204
-1805971947
-290392767
333985091
702037583
667167501
745756844
672404959
-497838436
758672466
-960427028
-439566871
-1855980033
1101293226
1933081519
-1575984373
-668054979
-3785788
-1984001569
-1993790076
-1352545351
2090096286
-1381065672
-1649646295
869797932
-2027353562
753172506
-237966676
-2078434156
-680069596
-1352648801
14516512
673174125
1826903638
900793328
-1955353668
-1996786658
-819355684
-1990836012
981738462
952794294
-2102259498
773449097
1309027155
-649380137
-2071783861
-1353597225
-27574571
795213554
-493245364
1026668129
-35853100
-1338671948
-1023730599
-164971714
-1146432391
-1786110017
1202241026
-1007214649
-173338393
1126611868
2122096081
1286504626
-1643146045
-1502535952
-605082009
1531480415
-1395181066
-549461522
-316381212
563554673
-1075213903
1024600077
-358549108
1966477217
1222148273
-1214953222
2012115366
1651932622
-700197949
-14183218
528449447
824953431
-326272886
21407619
1536406672
-525458771
105346688
-389349468
1055679891
-1481743581
616514618
-776352700
-115698436
-1295050744
-997509905
1737565744
-1941437105
262405111
-985482694
-1300092825
-2082743636
-637892756
-1764590050
1733270474
1719496315
-1536989798
-966158005
96414223
-251774652
203285116
1359833503
234245115
-52562210
553887274
917884143
620455632
-894801717
86266221
-290733050
1730596099
1622039266
-89796715
553697773
-1680435663
-814100946
712470921
2039819116
-344751532
-1576571370
1085482526
1535691472
-16491471
350335933
-1654037588
-2007483409
-1569681644
418143147
793351902
-1869179799
-1486232641
-1180888660
308423370
-1117598672
-1711236961
1975023352
223379009
1974250057
140790081
324462228
-471180697
1498757587
-1870178044
-1236886537
-454050171
309529416
1870779662
-1458102289
-504556259
1656931842
-85196413
-1485561915
40052286
751881729
-1153956364
976491167
1321949978
502333931
43347221
752963877
-362535211
1810224467
-44012621
-2016771225
1427810463
-1888990403
-1295375644
588351742
-1499211004
-2015980319
226906495
-1795276944
36234370
-1939384145
1344153806
1380764377
-602972837
-392436333
-967886718
-1736096570
2057281197
1821103738
-1076320794
-1830488732
467168959
1783163411
143139415
-398492967
-1344233828
-935193895
-126135053
-171932943
1165782246
-1720122543
-1516131439
-1109591299
1442169315
-808600944
-1344944400
2118965751
-1656514340
-1630022400
44365362
-774575894
992881318
-1359108765
-565283446
-1120260720
1878175104
1022712342
-1679072204
1882118972
1807924768
568111770
978036133
1705176570
-1180121593
-1210578608
-1859968508
-656354316
-1122241764
-688802429
-2115626536
-931084010
1260622969
973015468
141197569
1942210805
1972564095
2078306800
1146066156
-57591060
1440999471
1321629420
-2037636606
-1637827448
-959972420
1501407413
-543740832
1527492133
485262427
1449113114
1369829325
-1609013800
-1175963810
883438635
-1833604376
-473224048
-988461440
1808783870
-1832588895
-1620612745
-25382526
-1049021264
-687193366
231579549
-450061066
296097706
843038125
1229529560
-979582374
1453149477
-1346973441
-2094358299
-2090775192
509364975
1507472278
972748754
1956493995
-1226248338
1081929336
1239669408
-1565619371
-845968667
519792373
480398115
-2087067057
-1216759562
-921791529
-449775571
1615093394
-1885417881
377541079
-443094293
1298712245
1089920808
351734609
220800654
-433694266
755867796
2063083323
-2125193683
-270345892
-1430082569
-1954024621
-1259592471
628793580
405333328
491388311
-799916975
-1668653477
-1221653929
1316229370
967632136
1615019989
1385409985
-1893775020
-833956443
-487347492
-2012798271
1090646681
-1086342182
125554851
562175186
-712267955
1370057687
-1886997604
-1157625933
1694523959
-250732048
1473606223
-415736909
2043049812
-433407364
-1301025939
2111992366
-1243174898
-1735261184
1821052709
-591159722
-50542930
-471036019
1140224437
-763392458
-1916101362
-1128619162
889713475
320813044
-1954149743
175125477
-1539469075
1791154006
-1424585385
1205667486
-681921763
389529479
1258662573
-1789828156
-426275550
2104689945
556329667
-2079196725
-1901174276
-797031347
-968664160
-155986097
1891091062
-1267464302
-649605287
404987700
38017146
-1241673141
-926660224
564747021
-130935904
-576973867
-862826533
-1855156287
1722206983
1109624520
1936659030
-1793951637
1367713896
1466810491
-891707847
-246772862
2014539880
-1582271283
1925484701
633056826
-716112852
1263088163
1972108316
654752296
-2108721102
-159475284
108492231
-591840980
1502166111
-1494853653
287014236
-648709238
929534291
722706806
-110316360
490957914
-573638908
1865037819
-225797494
1691338786
202424458
1076771715
-1066484663
-1416259135
322574647
1990806522
-1710714009
2131239310
765839082
834780910
-1256357434
479300288
-650691164
-1167528553
-20471445
-2145578225
-352659365
219275031
-907715727
-1406564197
-1571796210
-1481518335
729217599
-286572019
-1769889255
-1780453345
587639549
1993536763
1962566346
1443208047
235577923
-1908339055
2104992051
-455132305
-1208461293
-1736215956
-440197311
1351183258
1220218633
-743062583
-1927755507
-1109924815
2142182096
-1040540450
-109632910
-495478210
-446260776
1661360263
-1542424098
-130294827
-1315727803
1801081381
1461449837
-93688675
129942058
-484851773
1537394483
957245070
1412514550
-380663175
-1831390759
-1601051909
501956654
1141819669
1229459050
1767550931
-1444402852
1347272951
-1541600658
-1406757597
-1702041785
1475711291
1454693688
-928518434
187395171
1067379741
-893382788
-592732448
-162899830
1914077849
-746051548
924687152
1695982572
1682572882
1069306467
-1143890811
-1840216764
-1696012876
1360646409
1464447243
-496761012
-1038997924
265802521
-1257457818
410059122
-920976970
774077848
1941636599
1007511500
-1760548889
1735540391
-1607482787
549987912
2051919086
-180503084
-1461605059
-836633817
-56040443
1746795948
-1801558458
940901547
-127521459
1449886356
-1343787921
-728041970
1054996905
1507627736
988307075
-584243274
-1835677463
-1859263484
-881704994
590935719
1096230443
-1424471694
-85998216
-1355405511
326985341
-1713752028
-1014829278
1119108874
793914823
-1145752621
1417441552
-779154891
-938811929
573339975
-1847479913
482983875
583488541
-523011607
1780375350
2106816865
2096404649
-229639018
1556800218
1206841939
1681417395
1746728885
1124151901
-710753880
-218848662
-1395099509
-1580349617
-1833532497
1673546606
-1564988467
-1796030983
1343530665
1814382962
761617270
-15769442
-1506816321
-1849082595
691697115
-190930172
2080769334
522276657
787051004
-580693454
1976248032
-869306386
-1691114212
604044410
1965508053
-1899386696
-875504238
1508693433
-1165168029
718431223
372037345
-690873379
385261378
-2961602
-1216390394
842645415
-426142452
-1797866578
-2127256303
-1392683599
-485480213
-2021941092
-975120137
571052978
-714855789
-1373985679
-1823300443
1400167937
-1719812749
2031079378
1929797208
372418903
-66449114
1520357120
746337323
-1275808552
-1255101137
1243080064
-1576451855
-732471212
77939685
1273362430
837065285
-595156279
1510949036
1599656045
-1213289506
995976492
-1902148251
-896728973
-1614646233
-807844504
-985658585
-1761278460
-1970964978
215549350
1162893870
882742860
-337349605
-1078187057
-73593581
-826199342
1601718469
1138660686
-1653615811
2002611418
632254464
1263731482
1165534871
375290634
1326323226
1508631027
1361586307
563873103
2036318151
986829547
35543565
-1167308031
-53289094
2128328743
567288675
-1983838396
-576197643
-623621657
-2135335291
-737953870
2141375523
-1256884285
2107136312
-383964874
-1140413403
-1985865162
-678755776
-1787924678
-1227780182
-144000928
1723151821
1010804996
1433286019
1089627655
630906165
495663453
224927862
173342174
1624233443
777147507
2115426641
-419415030
1179308943
907151360
-638403006
1585806561
952611247
1404969386
211219302
-100523020
-1049040852
52008876
513362079
1996025679
839849816
2124044214
26880169
-1185498370
-1374101728
1417715730
1786504559
-1727956781
-2077461123
94914311
-19794533
1207459943
1349496880
-65235838
42858347
687381341
438990254
1826460145
486116555
1678373357
2019215704
1171256434
1164534943
-91538528
889251566
-54590163
-1845033633
932091992
122495301
1894394877
1926507753
131184019
-381650888
2081292373
-505161327
1990108144
-1863575076
-730659743
-1661841283
1990590705
1871397623
1837788779
-2058963664
2007726337
-1133104463
709076096
-1906440605
-1880496711
-425450100
-372552110
193500187
849644638
-396522607
1460609376
-576699657
1353662638
1964961227
1802488660
-1114689334
470773723
-1799342343
-407069013
1002671721
-1988864041
-1342483586
-1440029286
-1322859835
-1587220782
1151884444
1723137840
1224420155
333856512
-894123295
-278156617
224726314
-1538966881
-650236960
-1643764384
-543650618
-2082780104
1553004324
631504414
-101728981
-1303042268
-447373727
-713178159
-758571595
-596140975
1983341805
1097855399
1413486734
-539592890
453118573
505265599
-1814669689
1051567972
1507554515
-1977635314
-818021333
458045806
-1072069241
-963897466
232924177
982312266
1736674788
-1251611788
-1832113550
-2000407544
164763365
643856169
1297718778
1762689571
-1237913569
-1070794276
-903878174
-209559033
1524808178
141636814
899157310
945824467
1646026491
-321627729
-788663405
-1388085409
-1563283252
511834944
-1670102356
1622456704
-824992801
1431888953
-650726995
1111860618
-2007128377
318109804
-1598931608
1280535062
-57429849
237601833
-218378769
1102968836
-1675549976
-9986588
-174907031
-649036093
-1781003738
-324370923
1542000681
-91856689
-1947481494
1229451615
721255932
1074556027
-1968807266
-1565964044
-639988542
1947622640
845804349
669478199
-1359485889
-1784879243
-440959927
105051810
-1343610062
471390448
1779369602
1636462825
1651494311
1435764652
118270932
201272415
1831750793
-1724834469
-1117179120
527122841
545706618
-1697153697
-1766051105
790735696
1846819303
-205468860
1783164914
315333259
-2065682346
863622545
1375627902
-1032558339
1785676546
-842995520
-1335472409
-2022191701
-1834442584
-2016948599
1271250363
-368298031
-745036637
-1291846298
258875105
1784509446
-1689092298
1627110483
1500214289
-859177058
389189416
-1554563370
-341778810
-1122521521
-381665130
-129434306
725306354
-493189610
343770372
-660026065
191725234
1771238747
1071069364
1529970269
-1579709
582403923
859244859
1924726678
-2085489421
-349537627
934588752
509038598
-114164773
996597328
-1803641369
590659766
-208953844
-857663285
-620801922
-1942205867
-682855929
-351699603
-951709003
745995067
1675718771
-1902652401
-1425092828
-106839638
1204235017
140637935
1127097192
98506326
-1173225774
493087446
1709440895
-1384494297
67810708
-965814915
-1377278379
-1060470212
1886341769
-1385794004
1999315870
-694185677
-1297168814
1179321508
-1736930586
-645704537
846358058
1841797695
-37579803
1572747257
-566918562
-1747220140
-219224040
2008413523
231794684
1102530272
-1275087476
-30813718
1526045130
-531903902
-294233348
1111480962
618540154
1670744069
-701742818
-192224201
624767515
2073716996
1724871993
-764848775
836921553
-1717279159
1475729659
-1097270441
402104520
-1799837352
898825096
-2099482879
-1236169371
1843746667
1456074710
-615329913
-614468162
-570529059
47559735
-823471130
1678506060
-1392230709
-1135083721
929462597
311055839
-906710793
1074234791
-1225469573
705886161
1248984560
1907625465
-172247595
500049278
-491209873
-81271602
-1492950507
1364925683
-1441753852
1490257613
-1873658948
-1084554524
-1535529231
564761526
753355148
1101422051
974312278
2136891062
-505012409
-1904045873
-1915564659
-1684033540
1668235709
-644872054
972134359
-1559327861
-2062792955
1837175022
-284934345
1628311890
1485256458
-1070299904
-2053594722
756533881
431550537
617533030
1598843463
1282865149
-598567720
-1172379626
1043132516
1062319742
1851933609
-565946288
-1511793670
-150992041
395551247
-697936435
873379081
1260269295
1043396994
2040237112
1381875951
1539876942
-922210
1009071069
133747213
-280621581
837881457
-1692962656
913239466
1498120163
1089587957
2075405359
325053463
-2025443579
364152795
-463675525
1901950740
1759872429
2024726154
-1974272157
1249053298
-339294858
-1051047834
-20578126
-1013261575
232533588
-1213482411
-97966261
1952434059
1630995176
107672702
-38103902
1867167881
-1904411114
189303379
-1815590546
1220284788
-1765339692
301852369
651628188
12064983
-2093979835
2058539270
832207238
993491556
-449165307
362296531
1559002980
-134527139
-1466304314
1180709875
-1595519998
16128309
-1303648997
-1237859525
1109610419
1934768758
723508371
1785092131
1465038981
624359909
-90189558
-1258526076
-1530213707
-1477604381
1400088122
1547816610
-15414171
1428692501
-1988499816
-2128532627
-241207156
758382919
351695197
-1126297340
925969709
1695157645
1387623906
-415796359
898779339
-591485781
-2146283472
1072729563
1752918811
1929705142
-1195959593
-573148816
-1336242949
1334799610
-2082272770
1509475650
993862563
-162439394
1163060155
-2077197860
408732441
-817596794
-1144510043
1584887125
212792298
-74030088
-2115975258
-1019184243
2008035350
-397816959
1052400661
-1741760842
-1095943349
1235192473
670657795
-1501461482
-112375210
-1471431547
-2021777708
-1921128182
1599253974
-1412685572
-644530159
1835160653
347010098
-93599475
-1777484163
321441658
1902294732
702164543
-326641307
-1964571441
1165002358
-2131093511
1540662588
136330547
296594212
-2031160540
-1701727130
1160428153
-474830109
-1028292594
1570109780
-1793461786
-791098358
-67175791
344077776
1790143216
-1051654482
2144608372
924355481
-1827912120
-600565414
-1007175152
-1943797198
-1614171878
-416107265
-1990817482
1441928694
1272891539
-74976215
-1169374640
1173202032
440840611
759140723
-2090372154
-770979351
551676164
-50032323
-20283486
682656833
1049235322
1858359963
-1849029770
-1011208446
-1025526181
1673345936
1271958141
247475377
1955197009
-867208069
194561535
-662548120
-1881691554
-1873189167
1851099130
1363927713
-1204874976
-1018105076
-103363586
820396115
1521976918
652579298
425106008
-1545303230
-596710750
-486091590
1385558386
-1026368365
1503870863
669907291
546595193
1533600414
886433238
-1920957210
-1733083584
-1786185977
933100509
239933958
12553060
-1462631921
1567858815
-2101150107
-965998929
756793127
1319509522
1180173153
2104947905
630863558
626737573
-346569217
793613292
1692303740
-543792503
2119334431
129587552
1287137349
875159058
919647473
1413569671
-916736478
-1252127842
-1554715993
-1850960718
543706853
-549131050
1779077995
2058865909
1001348940
23207476
-653382765
1859940942
1245624913
-943535164
1748534035
909352972
1230944192
1729736237
1577783347
-497873298
2017142793
1177506802
1493318017
-105396343
755446103
490158837
426625800
103597679
-1764136479
1570668093
-1925248319
886695053
-578894977
-1024386056
-2109792183
-896943787
-849863553
-339798077
722977748
1987792924
-364934727
138083624
-1413257119
-469837756
-827347488
266307175
2040091950
-1922387043
624472603
-1878889608
-2055380370
-1545042168
653505491
1326882128
-620606151
-1519373987
1130281934
-2084540061
-926361916
-549401458
-1441230212
-805142166
1683301073
-309977844
-1365965423
670188389
-1590228632
987435881
240612051
617586147
-2013704249
1782596670
-1127568332
1632304257
-669582186
1848080974
162171171
2121902255
2020948831
899925739
1633990942
-2102367558
785613628
1340060824
-14963829
-797395195
-1081412399
-1812889617
927965384
-329978983
-1626266756
-901809468
1709127808
1615618529
88194507
-215679605
1934758208
-58697555
1790298414
648710902
-1720365751
2023160448
698770669
556403170
-411365209
-1831205881
1094994011
2061646195
-1354019710
2075840230
-1555271604
-1022704771
-1044026445
-280640326
1127591875
1680642341
1134015642
1579908699
-1948641297
1570260423
424309806
94770017
1463446360
-1492188134
-328579500
-1528472087
-483848107
240116114
-1365373067
2014656153
411907777
-1132549115
657095498
1622994144
1489380590
1769923985
2100172025
1231519618
-1597906984
-811066692
570313829
1131960659
1524212381
-790169892
-591463231
34117186
-1833314004
833665720
-1210890138
-672852839
1086493245
-60491409
-77603353
1904596610
396926080
-753680488
1392769633
442202060
653181720
1549568170
1768930582
1868020719
-229515958
-461592930
802398269
727873613
2025432433
1944715218
1250831123
-37986630
1743489845
1531004720
-1522912971
-1704629186
878441724
1193087631
2140222257
-105578471
-2125618017
-1210223784
-1346718631
-760357114
-1405734047
2143155564
-958752293
326674116
307878172
387065925
-146938098
-1995213359
-402656580
-111208869
1638296334
586009464
147127281
1217023688
-299158646
-1525423090
-811208672
-71473874
1177344220
201135479
-1096005990
1613171672
1966733145
71626735
-119472625
-2001654753
1202809322
1322198790
1889561412
-111828722
-1531635237
-1554872596
1204797188
-919504823
-421955598
273119726
-2112850093
772857130
-114625853
737862208
-1843580951
-752086484
-1377567166
-548516867
-297892386
359668876
650346649
-1548043413
461243041
-1204550099
362592316
-1145332862
522732078
2011552187
1136062265
-82079570
294570111
189316371
-249262124
-336251949
1728920131
1234161122
-811700653
-1982465646
610069709
-768105333
1206475797
-24000054
-2072182449
1698341198
1519998953
406457185
-131825849
626681766
1449586588
-309123004
-334028232
-184865807
880846547
-225456725
1946996381
-1766607018
663451419
-1190564703
241623578
-276871710
-1717387970
-1486766397
-521284876
-676551948
-640079912
-147762361
1938084547
326641627
1203862313
2112055360
1651009638
-84639555
748633643
-933260257
1365783862
-725591110
1129096422
1709572988
-1814341251
507864656
1659128835
1430998806
890383401
-1054917376
-636315233
520957464
-100714052
1041183026
-488908958
2122942622
1912389254
-53737131
-1646175793
-1724535178
-1993142250
1934303050
973162716
-1404324310
1316465133
-1726840574
651288005
473974846
-1211903627
-503711899
1462905372
-1112319307
1323107633
-1313138827
-365446107
-1716346662
1924705076
755941811
-580799392
-280186052
-1798851881
1880667073
1483677798
-1495256071
-756146778
1523060808
1790947064
813855551
45458330
1289617691
-1056763564
42817552
-1618352499
-1296443492
-1855152694
-937651900
-1212159767
740052830
837158799
893276884
-2112767069
1158272779
135610321
1478239060
-2108516505
957219720
-1548299253
-811303487
1336857876
2023788886
1242520986
1233537917
470710635
-1181837253
1246484111
115047062
-228046846
877712673
2010245061
1760572494
1547604350
1801596477
-838958026
-228034601
1281241344
-180890253
-907909750
81665373
294350047
1605283064
-2022621712
2083358026
-430985576
1792528952
1368503089
793212869
-556382718
-1287097606
-1798736126
650311802
1509272517
-5287742
337776793
-606989664
1248196364
-189491594
-996660350
719905079
805075577
189719620
-969900110
1956009874
701480025
-2096974398
-538269988
285380116
1487289881
1227851350
-1904512253
662607678
-1203386633
-1293920297
-767714736
-674357016
2103453180
-1781825676
1080085540
-1634507314
-264921304
294116564
-1957919887
-305515698
685012975
-507781249
1873619525
231147375
878728932
-1351811460
1006068391
-1090811099
709061299
-1059289542
-1734965082
-2129531694
-271152043
-154607437
-1128742482
1560600336
-1473458050
-105333810
1476144413
502415277
-1753072552
879211012
-2124019179
-742216970
227840374
-4040378
1497753235
-1683980488
1663591683
-1554392034
2067016640
282924163
1550579257
1360363796
813472647
-1920258895
655128601
2120926290
-1355115673
-519970906
1995031128
1187702666
-797562743
1005291480
-224420456
1417616407
351170836
1773695761
-1596252457
85633890
-1372680512
-1366992013
2078656044
-1623408249
-2058334551
-1291719492
-784902993
-556679625
-341282203
1038342603
-361067079
1704865759
549844568
1211582051
1803573069
-1378099958
367978822
2007337262
1214246357
-2041348093
-1764054743
-1277720061
-1615192304
1491343549
454203716
1655259243
-1174355894
538114295
677356919
-1640491423
-16591922
-62001509
507258581
942551897
-1575939687
1882927207
296156531
-1555500157
-904542384
-217517874
-1188170878
2000228176
20333426
1785248544
1204993440
-2015414476
507723729
1241579240
198126698
-808441939
-1264517314
1038183828
426926933
1396144516
1822888579
-13824421
-1281742658
-1008684461
-1308428139
-134796197
1340646206
-173909690
-1767371254
-880901375
1711806531
64951333
42631112
1959021741
-464289828
-1853026159
-1576389378
489887636
1918108115
2104769933
164488280
-639400728
938520576
811080000
907921518
1447777847
-533786148
-892725512
-1731156100
-385520368
87577940
-1464999566
-86695336
1495769323
977287391
826867032
1754037920
-1836740790
-332922158
-1068789750
-2117377998
-343029221
1418271218
-1495773535
-626514463
1382090848
-1854401718
527292720
-1736057500
2123971857
-2012591809
1693713996
1246102161
204519488
-977973279
-2141986098
-1032159797
2019014270
-297739645
1764321750
-904620615
1292436093
242804365
-1584776941
547670072
840207606
542588816
-489896638
-401949038
341909196
960016538
-437267724
1001640175
2090109297
-551323957
-168151149
-226898677
-2023491191
1416218920
967255718
-48565207
-1580970036
-766735954
1815318355
1163879495
1011655728
-1997573206
-949662171
-1567661934
-1986308282
1043422023
-483576048
1512123676
498095587
-753905048
1171340209
-1631817269
-566922493
694863543
-895733287
-1357096812
1071119339
-2022970114
686095948
691591913
-916133235
-335344203
169289669
531821167
1686854191
-441809189
-813492675
-1224302348
742335053
-1950574839
2019328620
-255786080
1408220094
-1209973309
-642655857
-1272453783
-10103786
-1711145711
1703909740
-1465678644
-1554238644
585410638
808380563
-1642954567
-519120997
-2124846017
1514073829
-985980722
-45782100
1493388390
-364072359
235695304
-1274250508
1366643096
-716866563
-2053847242
2141390939
-706542131
726403387
1505427310
-1722258658
574380342
1121520990
1210191557
1349555701
662324373
1151584083
795800825
2078485623
392346824
-1621643341
1907058674
439093949
224381861
-420969728
-84456790
-592829626
-412163571
950414382
1818632040
-1133258982
-454379717
-280603803
-284890829
-1957286863
-1975301795
-919497467
299380870
522618388
-304295067
1807656170
1181294399
2112144580
1552403488
-1209671184
-1116477475
-1062867493
-258915706
-996401735
-1346835478
136168433
-1769198764
-1599365971
1494570422
1243607105
870937560
-1781624254
-585164475
1238868619
1853746699
1765711229
-271871862
788450107
2121427428
-1491007049
-513333548
-917744695
-1626632214
242210724
-1231566969
518191459
326914315
-1636052335
1519059983
-721375798
1422852012
103036396
101459218
-607608199
975070721
2074388233
1766693604
1996513803
-1239847523
-1969060061
1928626495
-667247651
-513725364
-1456545376
481045043
2037417458
1375365664
1677884056
259187803
-608896745
1644754121
1921892759
1194356817
985312071
-996387798
-858870622
-516302493
-845599664
867873832
-75841672
-1418877562
-707622731
-934275132
-550780135
-993095542
-1319782698
-1468716693
1763832203
204621455
1901605454
-1142801268
-1877567013
1224528311
-794596964
1721259115
-909737886
-197611748
1587077636
1611875380
-1635025079
-1998143740
184169911
1727347795
1808870222
-127892397
263213105
793598210
78151879
-1369807040
1134529762
-1314912733
-1048912665
-826609845
-766731248
1005669455
1763493695
-1856558994
-235908613
-243377362
-1568321657
-739006574
-1428765631
-220928760
-948501602
-588455356
-372745852
1003233180
-1179401777
2145439144
-1576947895
2026667568
103082838
1021245613
-1943438813
370178281
804633378
-649882238
1426179088
-1688603300
2033566939
1521821256
-1299960542
-633527196
863363109
805552392
-1628499359
1977280821
1630667814
-601612570
-784089361
368188849
-855713978
1148185238
-1072428179
-36681734
1301935925
670564879
8392605
1730123080
-1838662351
-1991467137
2116733512
-1575408133
-354581879
1911201150
-738794654
-1518323981
687712604
1572620933
1456139371
171643935
736030118
1896841121
766427927
-576339884
923910780
-213258653
59374128
-871281057
-279789674
801102362
-2132448069
-1080957092
1479500558
329297988
1032871769
-1619142071
965651303
-1758448576
1294717936
-1474981675
-476394032
549073480
-458951798
821394814
-610693976
-1273369185
-204361092
1500534490
-652938684
2039332358
1810961098
889271348
-393317392
891457651
1812113610
-857055398
336773428
-460701947
-1258338810
-938545228
-1432042665
1324020785
-1003032985
1147306648
-103116504
-1067119295
1337359246
1999348957
-512795909
82849791
-774270331
-401948243
859411186
-2096658515
1817431958
-2021610849
-215689859
-777495241
-364491653
-909308667
-1497147869
2107997867
-1432034121
867068033
1661129857
-880465432
41999426
487742174
-724738669
-196710763
1476709483
-1621207780
1327390002
-1345963179
491256570
-823783988
-359087139
1447791160
-1679982700
849757342
-265075525
-1354407820
-2124031133
1873783608
1583083488
-860056236
-2001737995
-401143992
373599439
1957074031
-866108828
-1929584164
-1440851649
1650822941
98857911
-644851728
1696632865
-1634348761
-1746272376
789962824
-946316062
-1055970115
216418278
20191872
-1541906707
-738414164
314076540
727055201
1669931379
-564386865
-1035276558
-1257051531
-863982738
-1420172090
-1617042797
1635951836
1530170338
-99269402
-1979144657
-580126367
-1563826587
-643534992
1208756546
-946163257
-84196382
-17930748
1409103189
1184513385
-1908135015
-2140881065
-1855956828
1557655809
-1589720983
-1374806749
71784192
-1190596665
333454929
-34763425
244991222
-1176694339
-586968012
-52278608
154448177
-1295426743
-796994084
1440649246
-631144420
-112600573
-603762112
-1274317814
-423207477
-1213990192
262330889
593165919
-8787429
556772655
2171474
-1385632248
-1106377961
767485906
596914095
161341857
-1207316067
186671728
-1066275472
110090096
-1662682048
-1506567975
1950971175
-1026148202
1448322160
97610570
-1907701146
1010230145
-1329393192
1110306818
-760738099
1081403812
-1681575929
277694997
1392996931
1784738922
1303134802
-1636918913
-34774142
-883522201
1031696887
-1645389701
1065010393
-598702640
411638405
1347074581
1901275437
-1250764499
1471281275
1083563518
305880384
-1366431924
-1973805521
-2004685409
-2143239883
-100904584
-1686056207
-2115078544
-1371654573
-2071312661
1880277104
-510945911
2140906760
471411840
355734107
1745930360
-680435919
984189868
18508875
-1205831851
990438040
-1348436817
-2097817121
-580416492
793296830
213712902
-1531568856
-1371690214
1026664665
981793571
1449918280
1102569746
393145631
-533148577
-2065922219
567794176
-2107841467
-1999132113
-1512686718
-376506987
-183759294
1085161877
-1690906496
1911409861
82832216
546064346
-2087589087
911080598
1800720468
609547129
-78653377
-439530949
866663187
1030328414
1831165659
1045328993
-2007798968
-1112759472
-1154215800
-341490233
-912243843
-1597026134
-986399735
-1311195884
-1961052585
1988229713
33809977
750738916
-1334754275
-1942206239
-1778225877
-957939933
-555529094
-1344269271
1916451217
-1493521762
-1929103230
1891491545
744301153
2062442967
580567282
163109241
1538025141
-1805525992
1474548923
951296157
1964859890
1730712010
-1726159935
-1001510313
-545563092
1794550022
-366898721
-1802463508
1771350217
-1189636244
704845358
1151719625
1988709731
-1475572429
-1205876089
1585735607
1099963123
-1640104575
799387461
-460164275
421812011
1808586749
198371151
-63551322
-1815034846
-1757067359
-1426886571
-31793324
-1661805514
582879956
-263480488
-1594113644
136013869
-1274234697
437455216
-1857371198
-1134570595
-1670871105
-1466158903
1983201039
-1069423730
-1353029245
453029358
-88751248
-1593199779
-143487018
-60103351
-88443687
667425762
1042853656
932821226
-264796245
-1191843627
-1127378487
-591178105
1568706666
1812365421
-1412837026
-1261936189
1622842034
344645961
1557055575
-470221133
853818219
2028739219
157028753
46235805
-485486021
-1986878878
38611160
-72564478
-1488884164
-121491872
-867696448
2022073054
388106734
1573384876
1495179700
71796269
1019417199
2140367617
-1262279089
1495052209
-1140134423
1236275735
1989060842
-1317279502
898921802
-1122456759
982578805
-1121035130
1155241274
985858679
-1951917430
-274664814
115247689
1246578221
-1954801473
-536628848
1696214120
1512333316
1785489211
234350418
-1808073317
1779232584
1547828875
2064211525
1698951147
-2089891365
810685110
-1708186886
2122782368
-564320424
1776994702
1330945506
249280175
-2058102150
-1717271992
1370752345
-2076153231
-968606529
-1899527601
-1193841691
-1496363882
1007857736
-1700848812
-844763458
-858431912
1380965379
-1148150103
725010577
-1136812814
-737737205
-597839409
-1770238848
-74220973
2961486
-94447539
-998961811
-1998082801
1221778287
-1526970685
481408376
303926165
-134966290
-562539714
-1243459131
1071015591
-2082165370
-2088757556
-1408887166
2106824454
403362006
1764496467
537190184
-302042516
1398554435
-781977442
-819335424
618044350
918155548
2033567672
577484264
2146525825
-795872770
-1126036611
-1041982122
-242080370
585342841
1331943277
1285366173
383151361
-1280004621
408204739
-2146976913
418754423
-143714356
-1871064635
1368612258
374273655
-2140513598
-1672940707
-1212052681
1548211760
1733601175
1904812009
-612808297
1006021732
1831790577
-1558449073
1713402654
-1799529820
-1033322880
1765411923
-1583796771
-1600589891
1710876005
-1505883348
752454299
557708402
-1790406958
-708896429
1856999453
-1168093334
-1870484499
-294327394
-2136721753
939586668
-250987015
-2073254003
-1709959230
1451938505
1190335927
-105432860
-1480796610
-1322535144
-1718442743
-315691911
-1838513542
141366312
-1811364135
310076495
543194850
-1696864462
-1817009864
1096300770
2093852856
-1160893618
-639171127
1972624324
1867761943
-901279704
-831654816
578916200
-1750691275
-404330509
1931158501
754092093
-2033799960
-1461911396
-317868674
-210269442
77699691
2072697923
-879397395
1995283528
-299405727
-1349747482
-1981787850
980260204
-646732519
-1974487201
-1516708732
719303302
-1816749550
1571144080
-1547101620
2029088206
-614374718
-676630565
-52241230
222116909
-1192357485
-67938856
1258383916
861470483
364553517
-1671119295
1083066468
1853439879
-1156765702
670936625
195907939
-1633384833
-1883520026
500524941
1785886443
-1051498895
-1856254362
-157278526
119920675
-1861285335
-1031335748
1842075568
-788460167
241786077
-1158229896
2019139045
656068291
-557375618
338189377
437619726
1860458407
1277525840
-29941547
-1929161047
1475227197
1099563452
-1999336883
-1443082753
-1042272270
-1419454108
-872008283
1071057745
1105922223
1192949880
265762428
-2025833135
1354201145
-630295481
1370584343
1475299283
-1959130662
-2016342504
1306552491
1465428676
1578639937
420869435
1141813723
1688953946
1186301862
-1816848806
-1968940673
-653933939
1288685617
-1172075500
922990502
1352751045
-704699748
-1712716596
1946109662
293406420
-1077226218
1465594301
-456988750
1896307237
796456554
-883322031
-1123067789
-205874634
-1902101152
-1900202317
542041403
448747331
721705571
-555796318
1006015534
-1279174077
1034667875
-1730535032
1326928387
23998743
849883644
-362058038
221700802
-1496069631
-956767272
1767103841
767597262
138990162
1988152657
-103200343
1876567078
-386937753
662705753
1407596665
1416156135
-1216278315
-1919198819
1768971635
-2116529131
-15257885
1383656936
1636872860
1727767962
1014784056
1067377093
256701742
-1066549619
1429144533
-490566296
-1698980947
510085304
-1237429180
224714446
-1406625481
877872212
-981480175
547669027
-1938652640
1606718230
-1833897095
-253536157
-247667266
2114629486
1327527521
-1200900542
940437888
1724126221
-323692151
-1224043184
-1506102971
-1968105560
-1076486143
-861924008
1843822826
-1594736388
774056411
1215847433
529498917
-1777772783
1563605281
-455218984
1290482064
933540289
-1272229367
807584548
1114855944
1118867067
-2013500825
-1735661926
1110777144
1856138564
-675898270
-1319333414
-914832784
-38880769
-332935062
-1158325414
1827828923
-304527891
-2034527639
-925552501
1503214895
-1764403850
250545720
1015587641
-1136472442
-994949591
-1901383852
-2039076553
1022883309
-207744768
-204505135
-348376518
1977533724
1977036008
-748559730
1212168197
1171573158
108762497
544781481
-1168364346
363128209
-1568998878
-247045579
-2138444865
1902746921
-1060218593
2130025002
1078104105
-1620709871
-59274419
880823708
-599665068
1605108634
-1980791866
2090528304
-1497634030
-1920312233
-19773463
1651548106
-803844778
-1708313360
-503061596
1266962827
1629136407
-2140451786
-1938170379
-1915358726
-844842374
-242068360
998830509
1537880704
-1724195793
-1283938796
-45150602
289836569
-1542292454
-295762096
-1026693608
-136673464
1794687798
109485418
1372228087
-689286837
-642689610
1863080685
-1094001441
1914591376
-1277451156
450658117
1037163780
1201561191
512847982
312867733
1929906755
1918245880
1928815862
-1663119160
2072865966
-1762877322
1378020234
-60310810
-293142713
-921248108
1934007900
1416543656
1599177482
-1535042248
-129434381
-770349491
-2097616
-1609416850
1090471689
-10955090
-169055310
1460082591
1686151607
-1811485296
-1694146805
9648641
950266575
1248665657
250323010
664273489
1409080968
321050949
1499399207
1876541632
-724339872
1998221497
1957299420
-1876540886
702189630
1447104856
1630527126
-799070323
1041858774
1554456373
1010381989
848150712
-2100442031
900723593
-310934863
-833790398
-2042539476
2103509446
-2022187451
-650883395
1609224543
-791299605
-473838447
-592250068
-420659774
-648102886
1273442411
-446441807
-1167292500
1193816423
1637258391
809375114
-780879395
28073458
-1324263865
1523081022
-325414499
1257553975
-277122076
864546834
-1672809180
-1342352988
1637024782
2059132354
-30348228
-1179468693
330930401
-1472498835
544210724
-801269095
-1172696198
-850798384
-1930747977
1658458727
1398385593
127957175
-1481735987
2057069520
434843719
-1995122001
-1139474463
-1955054749
1275577050
-1135221760
581436660
-706093478
-1195338569
-2037926951
1346567344
-1979874326
1976657784
2118422221
-1141780273
996306908
1309922831
1308396926
-560725315
184328796
1206888970
1897202327
-2084287364
1044459792
-2044411624
1539558399
-1054938169
752262508
-267434293
-1531837622
503249786
1790164036
-1185986913
1748287859
1416462128
-1517485406
-2016880070
1050798536
310576429
-1459008551
-1702725643
1563570213
-601423234
-1825280807
-1204083302
-499069340
-1641656994
859252933
-1712680081
-1513317101
1330403804
1824611010
133784435
-450526360
-1463739207
-200513262
-1994383129
-1343458703
916961430
-970369696
-1547719665
2084265871
-753378994
-122749348
-1502732743
-886181340
-1169038944
1074947722
1319070206
1432017035
1705398033
1446777943
-1795081273
190380104
-177276912
143318893
1251335826
7007616
1199835226
-2035957945
-267245322
2015268267
-1450909792
-947687673
1992210020
576020871
183842406
-920126841
391966895
-1626977713
1963797805
-1358591827
-1802195507
-1420310996
-1957123628
-2081491197
-1955109409
-1883928596
-1021008070
-1402987898
-1577958034
830166513
-1904256216
-37176899
-1327980553
1710908523
-998615442
1690604557
2042922665
524132041
1504445259
133958219
413370220
-935029652
-471849455
-1123140462
2040649765
-1649148771
817710089
1503572311
2122740280
745932225
1394545811
699259322
-1095310770
11789259
1145331858
1862600478
-2092838825
1211453937
2129720326
-386685445
-1464106030
46791585
-1450539527
-1188769294
-878188469
-852754250
1933687455
-1758357727
-1243490779
1309280486
-1782144072
-905612104
-1809341543
1960483455
2065326905
1097856204
1995522558
-1509840814
1007014954
-191402645
-114005174
1793886959
-1848156719
950943471
1325376472
-2041063150
1535661328
-2020793449
756880491
1479922524
-1920167925
1827300435
-293961614
820205381
-1030418419
1678706398
-1809589107
-1413182127
1152968108
73943314
-42841777
-180238719
-939150550
845479287
1206482501
1118846220
1403744542
955489564
895070519
-214324146
67983698
-537976150
-746773075
982578176
-1875108881
1108738741
1051398324
-1200538967
1593557719
1661457749
295955681
-1916255404
-1397102766
947619061
52812438
-515642749
-486597141
-89581974
-148322173
335937123
87080092
1811897927
-912908176
1405150784
-1675206872
1089419118
-1152910280
-1531785926
342412744
-1692725526
1549281048
-1021557703
942025225
1892866300
1082617641
1680510750
-1740536332
-676215949
-1341519061
-383971014
94521711
817117504
-661776253
-1208972029
-11925022
-1435366583
-65178234
1246898948
1761458204
210883197
2110553079
-112755691
1404651640
860348200
-79994930
1763175116
-621594309
-1945876088
1711814203
-1059631053
2049416000
-1701251169
363587817
45653946
192446678
2035919946
1629264262
-1857364369
1152120552
608531346
-1942734461
1362221420
-777130913
-2140536767
-813540840
-1173401713
-1925272637
-1700344136
1444706442
1399358064
668781352
-989912833
477121200
-2036374897
1149482567
-1794693091
1229967283
-858404147
-1866058006
1911156394
-1884870380
839155485
610181005
1380636834
1338540019
83288699
-372999102
-1960915845
-80053619
-1585997796
2146561493
2110151032
-507902458
1309246438
-612297937
2121494335
1105754216
-1672749534
2095850751
964328105
-1205121301
31411823
-784259178
131595225
-221049738
311247353
-599501038
909175183
-1343030171
-221122325
-1660243522
-14322242
1068227980
117229345
1523074233
1999832923
558348668
1176642594
-1255924012
-1898218121
1655008260
-598432179
-1675752000
-1667952753
-2074697990
1280013649
1169197417
610754338
565919291
419315682
-2061799012
877629060
395421679
857137321
661291503
600731890
2099453201
799268475
-460021791
-1616828443
1621636654
1551252429
717186879
165003691
-1090953108
2118666599
1275369673
-1888309966
-849631539
-1133350824
214781717
822155047
310004661
-2133973207
61939124
-138968001
1839330985
-541686187
-637174126
-553435949
-2124776871
655962103
405549474
-1627103822
-1127713057
595689157
2020963002
-1720081870
-1240441783
1513304124
-1722472005
483801992
-1282895532
923336221
-1845987084
34425177
706790010
-14755049
1161514439
776193936
-381641425
899073733
483645325
-1554840207
2009103206
826436826
58984630
-971834898
1589822298
-2014641254
1333757493
688195897
1583153034
26484107
-935941862
577572762
-1452543228
1118659180
-492996992
2003813762
-1445057050
-1024302234
-1357925976
2141901023
-1720392159
-420020607
576810086
-148105295
-1800202112
-816708263
1656601019
-1259132964
581907944
1094654736
1995138755
864077888
1828446433
-1129579130
766107089
614860550
1126203220
-1573605945
-1185507368
-1694148292
1029874838
735390661
1680719884
-271736924
-550660188
-733038266
-511775288
-882891576
-92964432
-1230383073
844699825
1225779282
256364764
1931170
1455368988
1379519386
1033075524
104269140
967366316
416969599
659443266
681989347
1948880703
918549369
-423696916
-993291434
-716058613
-507341330
-736794399
139770245
-1627582717
-263105083
384189509
-216321588
1308689023
-111944391
130425865
-565598981
-1537663717
-1473438225
-730420369
584917648
-1070373922
-1228482999
302494157
722737191
-244186465
-985688068
1414072208
1016122417
-91798877
777659359
757401475
1931235300
-1614297205
-899272954
1362917457
-1051583374
598292076
1833428239
-39812536
-599011459
1025616703
-2134590533
353353055
-320357687
-1983995781
-275682368
-35153030
-474203342
-1387254528
1090921180
-716459285
-1217066271
-1754285001
907756333
-1810322116
2004288186
-2114476938
-274578497
-816783829
2038038296
-1930215512
-120355226
-1676884235
2005916604
-1427805652
-377276722
517605847
-536167678
1170050046
1843168976
-2078830127
19139669
1873907732
-1348215802
-1568279892
-227998236
95776266
-2081045855
-1221638850
-318208619
967780864
-1719551623
1647969261
627674425
51408578
-1147327643
-210850959
-1691300351
-747821526
930884044
-747625507
-598804687
607695810
2141371516
1478702559
2065218579
1766438317
1467669178
130125894
1107608877
861827014
2066243993
1792614852
-1061486411
-992328439
-814376049
1245760245
417596996
-1684610255
1883778372
253209759
1558086090
-215350109
1253538733
-260794821
-93595198
-1649742710
2145050457
1891588276
-1631288154
-1005518526
1475819786
738591086
-2087206493
-856217351
-1474774137
758923657
-595482480
1462094995
-543228240
2054391142
364758300
-1895848754
2098114515
-1677819799
512471367
957068711
-86150339
-396676864
656302867
1251548155
-1021195502
-219504412
306585978
1780453744
-581298336
-1104288354
-1718594398
-305542507
-1592065166
666117453
1989649743
96801607
614921314
1415422886
821174168
1942211927
-1804251919
-615244997
-858632995
668382569
1774819994
-1118247169
239827191
513479198
803733476
1359855624
1467520689
469381493
1651863544
-1411050601
130578295
714659950
-244871310
1857238357
1470712397
-656701200
953241211
2091512287
-789015038
-615595541
706121751
136070532
154935972
1200659905
31617723
-1845478579
704349750
-456428831
132189730
1140930621
349784224
-576234827
1677113952
1096103641
-1215966490
1569899198
1304179766
-1129597207
244686237
-1633653764
-1884802392
1773495680
-1192799591
-1740931950
751059405
456114490
517854699
-1344763990
-1487669531
1800421061
-1937937910
2111090582
-38612560
1344188833
582640463
1210205751
-1843503363
-1610154709
-700768602
1148489634
1332179072
954618327
1739992962
-359494913
14581225
-1520928068
657520913
-1483545164
-595819727
1968045909
-1494079823
-1975419709
478867510
-1069802107
943634337
437325936
2132966793
1824776155
170889723
1795296807
-285083001
1673384983
626577633
-1005480805
666593446
124528109
-723828234
1364334130
407304208
1802314248
-1710504432
-2130625121
804305269
1797547345
-1033664213
-637208368
-879814371
-353289104
-1960360544
2087964171
557676348
552400786
1248003733
-1603608749
1622634889
-1940638100
-323281481
2125873168
723956241
1667920000
-1033224154
804684014
-108729
1456946591
-825229647
1949865477
312232288
-76471634
-999158461
-1667007687
253366493
1617028780
1854279068
1026636515
1497105000
-70470669
1480642883
60766896
268882916
1541310909
344147642
1562112713
-1200558401
-508182038
491554291
603353908
-1826221175
789950207
215724035
-1275700359
-777444662
463967857
434345493
-1253496696
-1215750385
-1160082652
-1612883040
89914585
572243014
-1131942867
-475625508
549930709
1971392587
-929395745
-1234552207
-1276909196
-572966718
760398597
-1935902863
-956839130
-1731327449
-1599998869
-1077297528
-1050546441
1394613282
62669987
527196530
185367533
-519583969
614959621
-2112074324
-689088844
-600840418
-1065699081
2089106798
-222023300
941193159
1785811053
-1176861737
-774949342
856972736
472550067
423553130
1209904781
1340797251
-1163635094
-804633160
347754330
807607786
-1241621553
2034098015
-799209285
1100032973
-2012114365
2048107314
-1494318692
-1725594162
1806510598
967035321
1512415495
-106950350
1813106246
-916485669
-47593016
-1402410380
1582334808
752276441
447392851
1450679125
1958913348
204097406
579392230
-2144395721
-1406875001
1424611732
272124906
-559529301
439783187
-466363238
-642181474
607733576
861768602
-2115018573
-426297866
-558187330
-1442549
590880480
958303680
-1335425494
1182785628
-121543823
671936009
-1893791061
1074759306
1347988408
919531710
279178292
385148125
-838341888
1543146901
-1680418909
1585784176
887270077
-1820030931
1805468178
-1094304784
-1870104060
308026484
154871661
696550051
1914331196
-1779790520
1996103237
1052156844
1963476758
-1045792416
-99789598
-1100983668
-319385670
300227181
-384840802
2049481196
1967867714
-891170180
1283154032
-1595883111
-805982613
1236708253
2102165447
914690255
-1158018935
-307319351
1559203480
1410396345
-25762373
1361391360
-1378721350
1746154296
1048075360
-184319566
2126861937
730825187
406906313
-1124031137
1509744711
-1569048242
-1191783889
1788403073
-465723358
481571983
-1759475737
-1817357655
248141971
1464487165
-397868588
-1374019097
-1068739733
790401595
600391964
-1517060498
-1956377452
-1453228428
-1437948387
-486487688
1712928285
-864965913
-94280542
-1365851033
1765697942
-276314
-1528985775
-966770388
189667997
-1753685607
442775144
-470354708
-2071224648
817178057
113915304
-1541123872
-1685299611
-1564358437
147049872
-600013444
-554007696
199799769
1829606350
1367610323
-1130121085
-679276744
510969586
286429497
1006358019
1394600214
526201188
1219199273
-1134274535
494435266
-1194473576
-1791989399
-1559782898
-1518086015
-1511230081
-1076001684
-1574546725
1557396111
610586432
-88820234
1235042048
-1165851037
834443559
-594500091
123757460
-1013728969
-967550243
-795597329
603420317
1461341383
1879142873
-246922297
-1410860895
-808496296
-619555050
-1879199739
-2136026244
-964866053
677710854
187455845
-206269836
-2133979374
490922694
1289118479
-1597732982
1124008723
1966347666
-224274185
-1656720878
-1191695988
-902766214
-22100346
852458118
-1468154778
2075990102
677745530
148936598
1257583469
-992584202
-1043084534
-179982206
-38118897
1248625822
1458286924
1521356972
1686732131
194952369
39668443
-1994653592
-565184915
-378565717
637909684
-1713727722
168072352
1347206740
492575328
-1422517645
-1824674653
-1175991758
1561407576
-1316323541
491966295
1152275006
-1500927836
-1604264270
-1271632615
-151403813
-969886780
-527567277
-66852540
436746499
723202004
-1664023672
-2145721863
-1958729533
1397866474
-1231842932
400076834
-1000114456
-56986174
1432357935
-1216781389
1953364474
-1677659747
917384168
229228594
-836331927
1223040101
-1241411792
-1480589959
-1641453050
-380706795
407377165
-1497804614
-341525836
-2034531753
-299184916
1117290948
1953078366
-1421376146
1759350707
-524152700
160203307
141308757
-1591306730
-1867075891
1826696944
1639855912
35168298
-1856695717
1147189478
1486940355
227508791
-1948753132
1849660572
-1200607576
1630022353
2035861905
308599599
-548660699
1818916393
1877467613
1263746999
-725638730
1835819680
-1514465668
-324573180
791551399
-1650754915
-546166866
2136382601
-1719047427
-1512929377
-894934284
-283901032
1183635607
1957618325
-874295597
-135144497
-203996529
-42338963
-556151081
985098706
65509
-1640971798
-298122278
12291385
426804830
1769767354
-1664324474
1621045452
-361043799
588035015
-1054143977
1396836845
9147076
-1024185651
-1208775323
-1090561195
-1042224995
78639404
1506922529
-437801213
1042393852
697832958
-2076696994
-2054702224
-873904481
1239922540
813896787
1394337798
-425234010
-2071273923
-2041113505
152249555
1863433009
431357615
-414148276
-1715795591
53211463
406073994
-470751017
706375529
1943437561
781615217
1615129200
-2036401328
-1423952697
1765786746
-228841923
-728413744
-2104822463
32378369
25309284
1319809907
-649498639
-837056839
864879753
187882460
-1703557000
-1935788285
-642312811
-1076199361
-1600145418
563035010
-391899719
-2095826670
1897053871
1593262062
1939585714
-148692220
2082163690
38228777
32899662
-1871535314
-493092836
528640143
-1956070610
-1205224824
313683270
-328394095
-1667344948
131832989
-549652070
895386245
-2055585345
1528724866
-284571548
1134967222
1844403006
-1024668924
-1970221784
-2144806974
2039557346
-1002158816
1486449926
353731109
1968245167
-1430672969
-1790029210
-2069077744
-496745644
-1120383
-1303882032
-231273089
224460977
-2059072446
860071707
1657883786
-2056030054
-318610884
-2134866487
-961434630
-43674406
1186492644
1912819633
1049023518
-212909702
-683879208
-2130860322
-193486113
2087054403
1380131599
518318007
-2103352302
348518528
30755666
98061407
1389411085
796470024
-372560406
-583310754
-1981345412
-1784065414
-365340518
697284224
-433610891
220114890
114958031
-2015175939
-943431479
-1575099652
2046001429
1049897946
1203014556
-1213112272
-93349939
2072507790
2137218103
1470542045
1980003612
1360257511
-1117828580
1363674465
2091102758
-246755538
1964964442
2136922808
960043900
2030859657
-210599133
60078219
1212362962
597655200
-879962981
-1559016595
776432629
853734275
586832626
1989500768
-103841029
-1852955445
1788292532
1395555997
-1917052485
-222007041
820535391
958871700
-1400072577
1454673208
-463386571
2141738289
-1694298632
-1387187194
-78197933
-1362134944
-1148814734
950754965
-923792125
443283923
-82529720
508849163
-1685779635
1850406146
532205977
-1129260236
-1093598765
-706357901
-963507397
747272801
-597187106
481747771
532813039
1387999628
-2076602445
-1230269501
-1470520618
-407385408
-2031786709
-1184587057
1758242340
1700027575
827890050
1534080956
-1327545582
1150434244
1847318126
-22373624
865579545
-404646669
-1311481229
1387675671
-2049933220
-398518418
1464146037
-196860108
-875961499
-818393054
1890501774
-1846420523
1020269588
191339425
-233244126
269652771
-1426594605
-1163734455
-1626753233
638398136
2136082190
-1155132762
398682345
1246832553
1544074210
-172601836
1401300357
-2122275385
-1931301869
-2075296856
1875521365
1519273762
-2032024765
-442722991
-46721772
1618041806
1348627041
-473054407
1803289475
-352609815
-679154337
-424453776
1248009268
394759643
67131431
-1388934196
1103291813
-270054689
-284543281
-1717371894
-1332860785
1181687747
-822237942
-157645256
913559168
2037404651
807362786
-1588662441
948278695
1395929243
1602475171
-11183557
24489454
1170725492
66538522
-582900042
241734478
-940720321
-1038628609
-176808203
-1688618659
311532521
668150447
1047926569
-1696146389
-1469554994
-1619813091
1943036777
239012431
741698105
-1366326518
1856030678
-1741702084
432208683
-1731113100
284542719
723225816
36943963
-1528888757
-1537576313
-1437898929
1110420862
-1309655958
1570382341
751058467
-1748027704
-1306714428
684602411
2144903047
457875633
-1755354914
1059339817
1666104045
-2137161732
-1562211716
1171082579
1701358557
230229492
383163551
-1452466431
-72999416
-1194273544
-2050656850
-1922403658
-2097963363
-1862133446
1319652594
1492114051
-663933222
290253251
-437280441
-1367429715
-1340150811
-1227606598
-258582768
1424753037
981983195
400081380
-1166786197
1404685495
-380612567
2099772014
1939049125
-1354983330
-1461314277
1543478506
-728780816
-585079818
-188283214
-17596777
926680147
770023195
543812281
-1317866779
-231018783
504978865
-1271574502
526358071
1796102189
1218062923
369283949
-1728085782
498924284
-1402135856
-191608623
397485717
45059132
717032283
1045997311
1231512978
-1373376971
-1227349149
1261178779
1683524285
532931326
949881116
1604290765
-374125189
265286193
-871143652
-1274397680
-371652611
556168673
-319444928
-1418768823
1858908102
2004484812
1970539983
861971739
-830844310
-158752819
-1042185248
1069034873
913513111
-983531373
176478201
-1333364868
1911955801
1858746263
1055077881
1999551350
-371290215
696488779
-1388638409
-1634362298
546558950
-159409521
866373610
-1563870483
1788932215
-1927586712
-257358134
-874614943
-1687935632
-1550678285
-1652694281
-1624753503
-1936163996
1622276503
1179659290
-559167991
1401877019
2045036153
-1274013495
2047116263
671438740
831215412
-260790480
-1693366963
1122306893
-1940674359
526015468
83646760
-1626066495
1413796564
-501970118
180226193
-1607984079
-56668671
1747423312
-1000733598
1248848039
97955261
-1486579958
84776972
1236966967
-469712593
1237703625
565032360
1621903751
-1621012631
737445272
1657876299
-1515594350
-579280166
-1437630833
726970781
-727982936
-596617209
-170070404
1586189228
-498856520
1109533562
-1526318145
1934086141
1457701329
-1096973574
932755060
1058519780
-156471834
655298043
1082347991
-791983595
525901009
1287477592
-328462364
1878622586
2132770202
-746610113
549323582
-505816762
1661702648
1191162988
226167633
-1748389559
-1797701353
-1250459751
-1020612934
711271814
1677087387
-324136908
-806242331
310384642
231708132
-771825838
-1720420361
-1731886114
-675595885
460434915
-958409745
1922067879
615683917
1301831463
-1517060089
133367021
-84510786
1665893984
-1247146656
1360382738
1709511393
-256533559
272739805
291623779
117002365
631770310
-634203570
-1031376788
-497087246
2067045212
-1861220655
563864199
-402627019
2033762530
2015146356
984210358
363615512
825231352
1704892191
1274145970
37164750
1467847096
2026392240
-2016727229
-1602671954
1252801067
62450279
-891436590
-1944459209
-1943531521
99602309
-765335492
-178327213
-689237130
-1470557137
1945101800
-2062940960
-104697696
520229783
1001055515
1508046187
863021259
1674791004
-1486717046
-1759262658
172252986
1268722993
-890520528
702103708
1845673238
1236009917
1823184482
1135237962
-1921015647
-1210538558
-698719713
530415185
-936571983
-119880576
2124980652
-1852153598
-628193957
957823579
-102555552
2144596026
437543661
-948219205
54355644
372617959
-995218398
-188208077
-79242306
1805939402
27430544
2066716900
-1954535562
-1751503490
-684813212
-1540087517
-1337218343
1218548152
-1571483054
-1649144743
-1026744108
-1179284273
1466073286
-1155427285
419019940
567127167
960017503
728278490
-463775388
505960681
-1095161443
153409003
1696501479
560999133
-270805032
-1882166774
-1473462329
535421532
-1167343757
-943743701
-1987021634
-944979624
675391314
-1572240911
-646735564
-608219459
1097383304
1773283155
1592552728
1309590964
-216002731
-1686117508
835141618
-2032683739
-60355505
-367007501
13125945
-1132817538
-2131588898
-899905028
1707225569
757025459
256570348
-865481155
1234379576
-1875443579
632009693
628309667
-1998360846
-786718971
1313267389
2011171718
-727833470
2046878043
-166739528
-1271860982
265103274
-1889343293
207743950
481131977
-452486059
-1537565224
486649798
827105198
-1053115484
-671063531
-61976221
-643917021
-310221242
663344535
-968011307
909955182
-683145204
139965735
263819122
1822815064
976462011
-856353672
-474469211
-1246521073
1810105892
-1336313684
-595561946
1379942477
1797305202
131307292
543367275
-1989986376
210287042
-1776632744
-764353443
-635828596
48735736
358686572
231138127
1569536886
-91066416
455189861
2005111339
1637402051
1253819955
-1962419949
-187347986
1394490553
785403083
-17229041
-206087339
-1758873275
836804313
892489215
-1123456040
1196959189
-1339544763
-1696759016
1895339479
1668819079
-1675805194
230124260
175143443
-833811581
778553956
-1701540283
918429791
-672315484
-941503638
1024627641
183864726
-1817406115
463293536
-423488290
-196721457
1276880858
303656809
-1915107272
1786390479
61208165
-1349450488
-313785550
1604151999
-1510459381
1659013369
1982060642
-1937404130
-740264577
1513789502
-1264626159
718838264
-1560095427
-72928137
-556750599
2039806295
1120699890
726362230
786966352
1412287738
-624923878
877666834
484804613
-447314364
-1446023190
-1641523909
311347785
13898615
489202801
-225723313
628068688
1381567009
1292601593
183290283
361494616
1708491990
-1041683533
1264819843
-526507286
-1627740130
700906642
-1236198666
-916058785
-1120075087
2007006070
-862299300
-1526242907
916471009
-491576179
462304994
2112443458
-381039785
611466998
1619759961
1346948505
-1182820095
-812224090
-1801936310
-2131926164
848485450
1939292815
-1668785331
645260962
747015052
-1541741570
-162740326
-910587575
-2126240574
-1110772668
-1897270560
-1643716387
-1440170878
398660504
258381141
-1629861686
-1931507671
347632700
-816526578
-2110166737
471750487
2001193181
979266704
226092516
-1054101346
1539913023
-1461330778
1645574590
-1117944459
232793369
1535467380
428737041
37400946
-2097730243
-1287369012
378027637
47757496
-482977029
-1241858113
1718372557
213023149
713332167
349269367
1179060613
281789936
1628108569
-78316220
-1214764006
-356444534
817577108
-177147916
845961182
295817058
298367082
-619195290
299610365
-647576074
-317365250
1587777377
-1023351366
-1698824376
-812975926
542231713
1962757118
83876117
645018498
-487723725
-1092431085
-894365108
1767417209
486213378
514117036
-1221040451
607631428
-339359312
1455216680
-207244783
-90847332
-1141941078
121724695
-338440710
-1803258488
2055178870
-1358984708
1947049898
-286417733
329108814
-771584428
-990771064
1674741050
2113278194
-519131433
-690377183
-214483135
-1127793222
-1187616003
45927772
212748391
-1679367958
1352387
1942392050
-501817600
-2115598775
413053614
1973846812
1482860482
1916573428
170773520
-1886887283
291342762
891015535
395251081
1571095202
62710816
-507400452
1390288848
1793013463
1130988377
-1682617808
-1662625101
-871224963
1028257532
-386557246
-536693156
-958517847
-435605752
1739528870
657788117
1763458159
2091877108
-218224551
1722904525
602902864
916621079
683981438
1537382043
1894783472
-989703094
1139751082
297314435
1751100683
1503733195
-135426693
509863736
1476869289
-29593245
1491256815
-5177950
-1434945647
1902960075
1633604082
-808126751
1229164027
-1271612597
-1482999240
1926439312
-1854403192
1198187172
-1167270067
-645438643
-1681717130
867835440
648680937
17023097
535559183
667648327
-1578781560
249044028
1905601122
-1330359837
1817503290
-1362660149
-1053074635
656828550
-490809673
-2065817619
-339986375
-630445478
-5076042
-1005532230
594131071
656900506
1378910078
1841579941
-1021030614
90011697
-1397043012
1444567485
-1117990554
-1781639008
-1952965737
870327343
-1585821800
-600540892
1229082625
-172040433
-517005866
285349143
-1648617136
-1994921385
1208772505
1540937878
1578937100
-1375634385
-514250063
-830733725
-699726070
1600745326
1847518584
-1196933107
-1797320519
-2101873056
515621962
-431314867
-642776645
-945539639
1130248756
-1388152909
-1610804297
-343339990
-858459925
1685025666
513176429
-2086106814
-1369881601
-1651960105
-1875259126
1538316759
-659965105
1415114255
-1246289475
-1312969803
-1305659201
-357251990
799499913
-1019392521
-1506882264
-818182165
-3634083
1456542084
-506632048
-811464829
128891233
448048604
1194973594
1955262318
-1800627310
-1246712300
1787875391
515352539
752454800
1985489439
1715853246
-1709835822
674602678
1368543310
183466961
1158192722
-933697685
-764116199
1586760992
-276358215
-1440965961
846860063
1033484538
143889768
-1669215208
-965558933
-495720382
1196126630
939714710
-2108570120
-61662809
-1849558588
1857699349
-1868896650
532392727
-1256040318
-1181146134
-507272882
-1053079947
1921555121
1452316847
2025515236
-1984174712
953652761
675637594
-467027173
-663838409
-2016683364
1861694860
1545826589
1329053683
-1175842405
-1797069530
-98252965
-1490503821
-1008111721
1272865570
1370284499
170661287
790699035
-143347297
-1297362800
1221756134
730444761
-475616451
-1196009353
1718574953
1800554771
-1243216469
-1566112705
-978942468
-1877309892
1361406333
-1303330367
1400139249
786028254
-1741573310
1936166769
836016728
-577389890
-264916523
-133693908
-726010770
-880302275
-1853164045
-1869706445
927971154
594877184
-602962162
1073485431
-1414470914
-553465901
1600229728
-1372260074
-407934348
-621414710
-1008770750
-499351515
-450653897
1709542057
-2141503555
-395915345
919546876
1326335109
1599603809
1066889726
-882394975
-1340854613
1855746133
-1924983016
706052446
1958039999
-1975998801
2119125132
-572178630
-1928325080
1509578245
-1152182930
-1685262401
-194903125
855729988
-1922565473
901501424
1565104470
-672119361
-571831471
1798880891
-1612666978
-699394933
58629577
781274922
-1817031989
544367881
-1180499865
474974623
300045203
899629763
1516042979
1104347456
-1726876667
2012719227
725884888
658875503
-1092102488
1432466049
1018901126
-1040996098
-253754396
1481974341
-206887725
-1127134238
1365916063
-1816918228
400650643
-1972348891
-173827798
-1018912602
-343714040
1364371745
-983380130
-702624384
-417614420
-928637974
-2128864510
-357524362
-1042180307
189375500
1502926191
1646449164
993108408
-1195214986
1521770870
69171101
-116065414
449021364
389719169
-242628684
-732667293
-1856459164
1426222584
-1378350183
759069740
317352674
1660448997
-122339793
-1053515109
-546971835
-1722436646
-979793923
-796807163
-1709144433
-1003054318
-496637815
-634220524
1137569311
-1097469739
-234839828
1893767370
676410474
-767193055
968176547
-1680216123
-627360022
-285960826
1760824738
1276411844
375511893
15546961
1480273070
-669236631
-1819590638
-1909277204
-1364044052
1844830784
-185819160
-666238588
865777588
1912273151
1790035192
-2005026324
576386474
-700092913
-72423699
-31892543
1391334927
1536407883
-1086508943
-1339808307
772587860
719851015
1716889570
1490546096
-909263632
1522578003
-39489723
1453691581
-638341518
1273497215
-1097756806
2136161057
1407941593
-1396768542
1909441201
-1679900854
1390402851
-1228070441
1721561628
-1718556795
1367077667
2106401800
1559321318
-1001103383
-1371539561
119401710
849186403
-768768397
1911052921
1274249623
1513800071
1172207474
-694624107
169608106
-2104746084
2039807013
1333958491
-1083639128
-1265232849
540426145
349483510
-871535244
428589131
112619000
473277340
692424725
-1895690519
-2060934761
469961512
-1113257543
-488956762
857064176
-999537691
-420145412
-1470896458
-898679208
-698044501
-1873015702
-272009960
-1973636047
-1700262352
521928002
308933643
494012235
1943827863
-1328641411
1029271744
-405967481
-1283276723
-538960371
1813589328
2004051645
1663009813
1449989737
997965807
-2043101729
-1760303520
2026350153
207581538
-555157410
-264314399
-132813650
-1559523666
2035931084
-772484767
115345701
346333713
419615170
1013208015
-1788596149
-487143627
-1581669885
1029496219
-1910569837
-1894478173
-1935451423
601656131
-1395542202
1346118773
1853593567
-1961883347
-1490045493
-1789153713
1045018263
1892197559
-420747480
1336480912
179714525
-1088824692
-1122124344
-78599485
2058402597
1779496505
2000626046
-478057637
-432468447
-963733761
311457225
542423711
-64718162
1735601642
-205504423
1652221155
-471715600
1204603170
1250440146
1500826616
349199291
-1798979456
-339107121
-1598654491
-639273676
502863716
-53502167
-577405226
-1366834760
2009769925
-671266440
2124511316
2057770235
-1364301176
-225241895
1010036662
-1093974668
489386261
345899761
-1528264234
789311992
1847354408
63970354
780489224
604798373
175676388
2016520284
803627592
-446601727
1930306861
848227143
33512114
-1083025566
877021238
-1065457186
808999990
1514054543
-241998760
-1927808146
-225215861
77594279
1086338341
-2143999200
828561763
-352213439
-800729923
-1801998908
-1977161503
658527956
1347358559
1876619215
1789883719
-1815497895
1365564482
1642200999
-2112782860
-2074606802
1596526502
79910941
-642840692
1427204669
-163472859
-2042081478
-1297261192
-476053667
333965646
-114414275
1225356945
-548772617
1488272755
-1296879644
1413574935
-1284847636
2021525698
14286314
