855758579
1725430466
1918064601
-1006431107
186641089
-1070720836
-769295692
-1769216612
38635401
734181301
1776358446
-1993033628
1987070030
-1649575753
1146111261
-1290637034
915629650
-1126171117
-2041470058
1388924179
-755837971
-2056597594
-772635673
2000235206
891072671
2004205406
-1842324277
2026630081
1672309353
-2051304964
737131224
-1203415770
412885080
-317657062
-1498777797
2080772680
-766371231
-528817296
-1723980376
799653265
-803116428
1926849618
-799085173
-972942427
-681833782
342801276
2076328579
-118508345
546180482
265600018
-1470615536
-1346692997
-1452101269
-1417864735
1344351370
-376006803
-1184534493
1927962602
1855563604
1092398993
1485658464
-240956639
-493631919
-181672310
252858253
565874034
-1226111337
2108943951
-1903101544
-2065613564
-368790429
371060748
368803338
1637512128
1674276427
2100568389
-329098409
-1031085292
1510156217
34277185
1258418551
1950834675
2125880983
11603109
1604751540
1924246304
-2091616185
1183796574
-1354620475
-1574766164
2015656406
-1347371836
1521203996
-1231552067
-1976660112
1238567420
2117252988
873107344
2096240405
-1435048291
-852221491
727770816
-798678388
274437013
1853524531
-283413561
-636115816
-1456744371
438147164
1718456773
-1324106391
-1746876405
1058533145
-587831168
-623912363
1908472216
186594608
1830495915
1385077959
220796194
733173615
726932587
683654263
146070627
-250128380
-1915586026
1654937819
556667137
-1539883252
-1241729219
2021944796
-1558651592
-1264320407
211543532
1215979469
1208722102
1292331736
1584690736
953602712
175788997
-1744866239
1772695001
-1232191430
-1166296401
-562989231
-1393600384
222626416
-711896227
-799328698
-1534626869
-1901739086
-1461675199
-214911223
1448991727
419007328
-1831404683
-365736831
-1024770954
-1195910853
757051684
924803365
732219713
-2127002602
-999991256
559142611
239633360
-451391540
785316852
-1334898720
-1504571199
444362356
1455608500
1921709423
-274144874
829448403
-1686698318
251825926
-1084180805
-430118382
242954747
843120478
225557958
1330514608
183201858
113441401
-52572160
-475449671
1118317315
1618020602
1393333539
441727799
637273067
-1156961104
-1417638299
-1251965207
483098998
-943998349
-693940811
-2091529678
-335519270
712801587
159866179
-797826476
-2137212893
848197197
627219270
1424311261
1107310494
1542180640
-1066660359
862935137
-1330884229
-1499934752
1525969893
-1658616984
209324205
-971116631
1799427173
647578282
-1090609131
-1542827561
-1926982553
2010586489
1930069726
227558548
264885103
636770174
-620746966
-615344975
-2132732703
-1961452889
-747210002
-1131230534
1621096831
-498348961
-1737127143
-1453480637
1376324911
-938507776
1473854715
190080136
1459088642
961464453
1565069796
-276382923
-1279571599
-390843516
435797260
649754753
852904168
540108634
1045935026
-1984217216
-1290334584
-1302687065
1007164294
-1507991623
952658217
-1082422532
-1247823029
-1165483274
1923149469
1016430803
1699074488
155657307
-1804466373
1777303231
-965544289
1644922042
683519387
1523787748
-1621464495
692326437
-1618876770
-1414370904
1452177215
-1174099773
-940231248
-829811542
-1487484444
2146470631
1826591056
1780519154
-1120279838
-1636024738
468687824
385818986
1672021867
189581576
-534502311
-268998003
-875539486
532608681
-765578190
-1964101538
1451414721
1526385153
-911201215
-859865190
-581645892
933522201
-616384815
-408963536
-1837861081
125642463
2012254613
-1583341840
-856413804
22828021
-934906900
-1472916349
-314683456
1813065925
-291203738
1359404955
227987119
-1069805864
1460902022
1194706026
-350555116
-46243992
2100747721
-1983057065
2128849654
1464235315
518161127
61296879
587454097
-9105519
-1115975080
1371818265
106362745
-1872231736
1840064281
-499506802
-1431142651
-1302949473
476416175
114720647
1699640554
-1214165968
-1111850133
1783960759
1868583717
1048610818
-293306128
1226811259
1059929118
-1684421289
-797694734
235530831
1049030410
-722102847
-1168215488
1672402564
-990306672
-95102982
1740094467
1128037935
-1474097745
2021481717
-755636409
349604196
101947102
-1107080656
-887701317
327602852
-767819404
-627716788
-1794151756
171366035
2012236106
858453214
-1028249737
1336142573
-877544290
-1898986873
-1710750793
-1347398
-521464774
-1902196159
1975526748
-1570015807
-359437868
-1733233924
-78724475
898070841
1956622520
-1358877591
-1499855664
1990739910
1216386212
24456724
1372806360
-691461469
-1704664334
46830520
458230271
39036443
2111234556
-1270289714
1962662508
154084157
-1999816005
-519142042
-1662425257
-788569905
1387157681
1490495034
485708163
-1965426814
-1689295864
1886968320
-594132468
-696730265
988166651
1162121727
1952691042
845345953
158861173
1832735717
-1175861611
1777217884
415525367
-370011433
1441573074
714287869
1900493502
-1141668408
-644723411
-1994265446
-269916124
1252036365
1776909984
2015631532
2023457094
-1130821327
943820371
1785934851
-392505370
835718406
-1722277347
854862841
-1546888045
-1103887108
1773594442
-1278702614
1101437191
-864804427
1391668638
-547809821
1641442511
-925891624
-2145538407
-1549487463
-1788841935
1163374372
-271514371
2138696859
951787849
818879176
741447821
418409163
612122485
-926289166
488243734
1205542410
-285869838
197746598
-2099565646
-1388112334
-1345925433
309257424
-1868058293
1569075785
-1993780511
-1401639013
-113883810
78913522
-939580289
1212998915
1990139393
-1485349338
-177942833
-1068579415
-1808486874
226440996
1632792025
1869724389
-161992927
-2009406042
1202142620
-2029805279
-45171097
688216404
-432244874
935912292
-450620520
1206144637
2105418184
-523617235
703861438
519351556
-70339111
905785218
1036304087
298410648
-656097285
-1640918457
-2018619248
1252076583
-1482695189
-478170413
1000830291
-1398078828
80002941
-1860700480
724040323
-1445454170
-1914303112
-435289598
154429702
2134231108
1606048446
1539750714
1418286339
1404593375
-1937931344
827441484
-926587412
100956462
-67231792
-529783250
-1210230082
1700368929
232647079
-1905032445
1612025479
-1685174002
496386280
-2140292761
1550893352
-1588865231
222309076
-155519476
-700700580
1437264979
1110537440
273467525
-1839395592
-700793657
-344531562
-141138846
1149532276
-946439523
139290552
-2112397444
1907472041
-1606636014
-499434582
128156049
1387573212
-1432411835
-1651852527
-845186798
-1829937414
1067012912
435202742
1301514555
-141170651
-890853931
-1236232528
-1963817628
884544367
252754871
606131394
-620450409
-1093718044
417446027
1931593985
147538017
-820534579
-1695721169
-483241798
-961882643
627418931
1803491035
38107026
1710741582
679149986
2037041558
-1239688467
-496915173
-1233933266
1377861098
1051025299
1508795456
1567735482
-868519462
353770897
50462739
1911101303
1355771156
117679709
-435574107
-270628949
-1036588958
-1433532100
-250319782
-1352234829
72857702
-1964361240
505952188
-554975925
-2021970042
1507442028
582704779
528859915
-147723484
1425391955
-1800944616
-47376332
-779436014
-1821245183
1349411026
-970909268
1667725893
1818107231
-1158223071
916544839
-1674484793
-860730690
-815744654
-932451257
-1193621774
-2116126476
-1254674030
1015423526
-1153835046
-278832693
1571641663
-1309789294
-2103643893
-1101076068
-1263969284
422551992
-1673629836
461659702
-1247667675
1672814020
825981345
1946263555
-371321534
-2108251992
-216134096
608088429
-825995873
961198877
1664071037
-1535793027
-2065373925
1552835047
316707487
-960487739
745052992
256293468
2144997272
162610048
116618900
-959141082
1679005895
-1199326217
-84398290
-1081461433
-592241759
276143653
1581198987
829282653
-1058390880
1348555165
104675489
1467518247
798783610
-29453653
-503115211
2004813127
2125046934
-1137486918
-1001342871
-994093239
-998538565
1316968692
1240202648
-1357367325
-1825809398
1796434479
-905732250
-176203394
-947398866
760168199
694495762
1738583797
-1803125295
-1838184121
-19055347
1894291099
-117988015
-672677492
1283392720
1524052354
1209314995
2054789676
-804717078
1033595642
1240715735
-1785316269
-1855302312
685274200
360703981
-1934380177
1926068760
-2090813192
905832743
-301782323
2126623744
-1814196604
-109047376
-174399100
6738891
-1240783499
657580508
-1141835631
-467971980
-727417383
-2090373729
145915715
-698456634
1066624087
-686969021
-1110154791
1201473588
213171056
-4140715
2087853673
800702949
-1883138809
1755882464
1340630018
-1064514285
-1879973854
831172829
30933013
1553661845
804630258
-326851607
228572688
605510585
-1154590448
-489096904
-1314775733
1462524503
-102695415
425928649
848691495
382157346
1370500124
619166427
1198505844
-1242488767
-666718399
1221070495
-1251856109
-1436142051
-405156755
1323869230
692955356
618000508
-1996919532
823410876
1089270977
-1388135473
-1251410193
-1441444850
-932262605
-1617278521
-1342436353
1784816169
1663850180
-1256973267
1174261456
1087392843
-32269811
-1586665230
722159362
-2037525218
-2107173423
1022798725
-488926715
1977560107
-1511927966
1591244644
-30503901
1746095244
1818330435
-482713610
1024851395
-536405275
-584128498
-397407850
1632491755
-1901318507
-1659503208
-251807758
-744731898
1704360487
-50392494
-989401706
1870309095
1138198286
-1394942735
-623972157
-858494195
-1163577199
-1699039151
786188677
-1195775960
-323663356
-1340598378
1456311556
2142784475
873856056
-1713596268
-1719727591
2137068483
1239393844
-1259448208
-100259036
-1264112456
1487019300
-1625657721
-1742692068
-1168620974
422324113
-177098354
201501671
-1168309585
-1199935534
63580921
-2041506837
231955058
1618913729
-950412128
1690872036
-943592178
1531371442
-1098531680
-1847698953
-866890429
-1541924191
-867562625
-1228915961
-947668504
-2087790166
-1806735213
-456062136
-1173855509
1846217917
1746028707
-1690496751
-1767146858
-1647016303
1270395598
-1210032395
-1127049453
-675276328
210528171
363058707
-207542222
-252914251
-1982998863
116881837
-610990744
968103274
2096530905
107341815
-682665958
207509334
1992806273
2057702449
-276077029
-1059451107
-991094125
877485559
-1235681165
13690664
1187442918
-627686953
852007522
1816864080
1097242596
668163876
882068644
634922709
1226313580
107085577
1730758901
-517068908
-1001219336
293259488
691372502
-1885157255
784742658
56717252
-1454536047
-1778317007
-1916883805
1500063076
1852896123
1582868772
-814023299
659351066
594257529
296625058
-1885171237
1136128571
-614266940
-1070482597
-772847850
-926152528
-1139941648
1578584340
867576890
1245198021
-208450519
-695221864
1131332328
676090176
-1928507968
1493214956
-1527584131
1772251829
1265605093
-1381705531
1479530867
1958271768
1734070454
1099266110
1889716487
-1519604588
1568164472
493933253
1149384476
-387087974
-395377117
-1149204394
756998751
1925269564
-1878098909
-1172348692
1561715882
-45382
-1369548451
-2053995213
-1231056979
-1873834659
2014733935
-250540415
1927081931
-1481361021
134618940
1236279815
2092964161
233895419
-119554393
253299523
-1387682931
700724370
381797021
1130498489
1301804813
-329474835
-1106891687
867812833
-68464411
1035832473
-1215364894
-232742558
93036838
-899480480
-1338257960
610948737
-1767135445
1453758174
-1314113935
-1317692717
-1925779386
-1972622253
1915735229
-1976649414
-366044004
-927551559
-1727808719
-607299826
-1726804403
-1204684519
-1492975006
1661786265
-1139349801
-725579494
-1963569392
270670025
-1329989957
-1141839398
-1073959834
1479043104
1227948897
2607360
1817613951
1307248367
501843768
-1786175727
1399927084
948932290
-1647914975
1635514371
-1750620428
-570884322
-2052579315
-280383217
-1962085285
268591465
1855828964
-1290616885
-84892825
1781217321
405591208
-715106697
200620895
809446769
1197561562
238778774
2092394709
958772375
1986866204
1143429824
-680451609
178098986
-109253865
719719606
536103616
1047758114
-1502449250
214688950
118267493
-419270567
-727382765
-522773231
-955195474
-1832985798
-1311206135
1158057210
-211315055
1551276727
1486095403
1891862943
-1505501786
-217519232
-736584869
-1814018947
1227031526
-286627215
-1111815395
-856868112
1843136182
420192331
1887477558
851282697
-878827484
1559237798
-387348336
-1306836573
-179559057
439295014
1643864416
1730803128
158716364
-143206931
472731530
-486062864
-1207297689
2109541456
-1727436477
-1893857925
318222503
-724505396
-43171848
1100628255
-980225098
1715194682
1720563054
-1766240876
1459337792
-812751806
1501593385
-762145265
-567925895
-48540915
1146092562
-743773668
651533925
150384190
1623474259
-244488784
1443476051
1260257313
1716943749
-809351554
105925546
371920421
-126739187
464339593
23695591
-886627449
-495363389
-2124270598
-656047131
373019472
574160339
-1009242573
-618400929
1348035969
-976119320
-841986013
832798899
-1363516533
1775932038
-1916344357
1360313832
1269757956
31822519
-157631647
-2022529038
1402082712
-1093707031
790596292
548536628
410360125
-1246426858
-1064427664
-743616443
1311890346
506674981
-267027261
1997244150
-1168611831
-116995184
-1208613409
758879635
-1353662998
-142821306
1908976833
-1753256343
1658944635
-90577967
-215908718
1185234312
-1244191498
1153468603
-253877955
-1531586358
664628826
-199469266
426120769
1372302355
1018623069
-444332838
-1272195385
1203086809
-1924496480
822703898
1109073143
-1338120218
1891398948
-379589799
-1198395770
-651935652
-272773892
668058034
1950825619
56143610
1721897028
502648278
-195351373
1627552413
1499989585
1861112370
754605898
-1549493496
686872873
1643776337
-1111570660
964197095
279202101
700572030
1468917283
1126454800
2088233012
-179024211
-111311966
1635956748
-63271053
1667847834
-1874514054
-2105221418
-379288262
1016642354
-1227610437
-1802369566
62915977
-1344411854
1594387837
-1922966176
-1908071932
878412046
-893570575
208712129
-1145098965
1443547155
1429458098
1712326522
-511630131
522264527
-960761248
1795075847
13750206
934833584
-1632310673
1704957234
-854621497
-823317270
1768611644
-1449733228
-1609121571
-1502651234
-1544512671
-1727478436
2138450582
1236380728
1095190601
338633806
-827494184
1454672408
-819265018
280261134
-463716653
1847654516
-957066143
1183199646
-48148688
-1388229509
1701573938
-338512603
-164028278
-1398522946
-1536208910
-638614542
-2031157987
-1273439285
-1474709874
-449733441
32131516
-562530277
940526461
-225372103
-645050360
530407981
566491412
1803939775
-2076575778
-1019994126
-1553331688
589556842
-240901103
-301556629
366557077
-614989235
-2136955303
-1288225136
-545767443
780770301
2019229322
1440483955
-2009048269
1158060627
264984840
-1547161435
1620254905
113839216
1575583865
-363548712
923840999
1167188993
1806743228
-1344344891
-836420018
155462083
-1982617318
381576272
769799420
-585075127
-297864261
-153035799
858306321
-533155076
477882459
1414444084
1332748178
-630167709
1324125245
-925941269
-708004740
-1579280731
-923467425
-939568893
1334301980
1722184011
-357183762
-978700787
-1780729443
-1112383671
20823292
1213731295
478025698
2033002046
156317551
-871748749
1254113686
147337210
173042748
625509390
-1532719232
2140550465
-509306667
1362233764
456601115
-1037578034
-1867498784
1853033338
964271973
1370472090
-1765468120
52155661
840664567
-1198175395
22958552
-561278158
-1886614187
-1639991211
-2046036250
1665263486
-2066480249
-749889723
-1100953140
78368231
2135947240
1494704832
101330301
1596373162
-1723403459
529323686
1095069078
-1094777232
945069320
1467010287
627365332
-908249428
1516954142
753902247
1632259270
-1704492986
-1918472073
868772153
266626499
1289853
332307525
-218011665
1041636893
1006594056
1598423623
-962285128
2134948246
-295484289
-1649247394
-1299590356
-1020628462
2107069433
-369609376
-33694515
74706574
669383925
-1668479701
1164660112
1400485200
-1844161411
-203012611
-1590189669
94244192
-1185590136
2014632451
405047630
-271908042
449811615
1640505391
-1679881081
63145140
-348952380
1462367054
-1740169694
366331990
-933655922
-1114438055
-1113693250
451965863
868266136
-13094390
997537222
-1455475466
-784156644
-1662613582
2048465839
-1232419767
801129690
-286442167
1656244350
1927511954
1141635902
-1565407546
396483469
584914464
-1756579647
1834725553
1178790285
638908248
-73372018
214634485
-402878002
-64718684
-901807511
-1880777990
-974150722
1723524778
-939861556
1534312435
-1700882258
2058024384
-1108544686
1787317364
1930356188
-25541216
785953369
-1509787066
1948183213
1119415384
-868826911
-1218218626
1750466361
1246903427
43822010
-1657950260
986212109
-1368966467
574037214
1133876496
-1929302997
-313100717
-272443365
279999794
-192928171
2124167482
1392926197
1489483570
-1334136182
7422786
193485001
188983677
644996817
2143126667
-513984459
738362242
-2078732748
1247251255
1621663415
1025862789
590633231
-169830303
1763018132
329685939
-658100854
-2045210548
1901214458
2057889141
408417379
-1820050977
1875615336
-408794616
-1365131792
1643348305
-1481294003
-1987552947
-124699804
1427943968
-903724561
2017361885
-1796175792
-1419977658
-1194512754
1425248608
334596205
-620963665
-244642104
2031952927
-1863656040
274571493
256408895
-443248170
736082461
-1033507316
-1682601096
-1757236786
1111233335
-105491691
1857004038
671391787
348321751
231228974
1720106727
-1304091006
1145376676
1148177784
556643885
-1586783826
-2087614909
-478231812
1790662880
1509572836
-613161257
214164446
748463650
-1354524157
2041949131
-913367341
508979860
-1019277520
-700283186
1334302160
1035399672
-730140254
-570776289
205063939
-12669160
1605553593
699298826
-494759674
848362981
-479302571
896772529
744359506
539780066
629085541
960206351
660128753
1874588354
-1988761666
462356538
168574839
-683036336
1569151533
-355200025
-403128270
1974742670
-570607153
214377267
-21629024
2085069601
2140780959
-1625866080
-22008543
2122138859
476276560
1403254109
1105195245
1508487417
1031477596
-420898871
-950695353
1166905248
-1659229604
1811809850
-1034906382
-1253452062
1592300954
1465371129
-634420764
2120961813
2009057508
-55187823
352972601
324484550
2045263778
756996425
1015286634
-392340774
-181585110
-1672377106
983070654
-1286507530
-469554093
-1989458475
100228607
1641112096
498246216
-248395233
-1031754383
-1958595162
1916981918
-241087938
1966256895
-782648258
1023151783
1649528248
1138065591
-239614610
-1089750520
1681926186
-1856841608
1248119085
710448776
2042804880
960597482
-2042506038
-1238402773
-986544957
-1051814995
1284497933
-2124563329
1314212674
235743188
-663552869
416285748
-1675766476
892916628
-1665672802
-1138678286
-970750291
-1863634376
-1016543835
-2081535129
528669488
-1728924840
-903279416
1300406686
1206682740
278318153
1914454287
1170090391
1338061163
1256803543
378602259
1866497555
2104770943
495700785
-2030227226
-149314898
1968171038
1019960100
559128367
1422929971
492405880
1264845964
-275136359
1605202475
-1380109945
-1218401018
1764089710
-650819145
1326699087
1403218154
-2091594370
-1531385441
1397169767
1978492792
1896885829
-1957642326
537621175
-1426264496
-1435713716
595271471
-216044926
-255125465
406471375
828539115
-1392671578
-245740873
-254480225
-1582863339
917264674
975280119
2116194634
2042059952
387850969
-1540325748
-1767659656
-1350878433
-1671913067
-2098610817
-1625076841
-1816315650
413833294
569061167
-434725446
810493742
482634666
967040904
-1352207938
-638084814
282961095
1551421812
1433409966
-4363847
-513188808
-1217648751
481194600
-1970375557
-1418210994
-1874746331
1093572224
-1833461433
33796504
-1688816562
160095075
-915317667
-598879060
-200050051
1499528383
1160099832
-699240410
1195215909
116169250
-867634385
-1014036496
-1647552850
-1290179871
-1108831747
-905929021
1818910639
-886420421
498119326
867560174
-959589284
-851407427
1952017436
-926313642
969284669
-1478418457
1517486632
-28002115
847471393
-1102345969
-341769683
1227509574
-2005381551
-1974418299
-1463706206
-516944840
-1199222521
781610999
-1451240033
-1271796734
1461736480
1679092503
1856261043
-380005250
-618486511
-1184543366
1197591540
1766004601
-15572969
-195143997
2048386134
1715263859
-497301070
-858931968
1037507904
-455565150
-767407277
202210643
-493377700
315625533
714606419
655037140
869044910
-1583410186
1002846247
-1856981067
1762321128
-279248953
899665618
-1644227417
-1407380229
594896881
270206106
-1180171651
5302769
1652946241
-1817848834
-203341298
-447313159
1009170836
1972669670
728780382
1977965251
-1667053410
-378996708
442412287
-1597241330
32446694
-1331446278
-94871371
-413747842
-463343340
800654437
1806459480
1330596530
538797422
719091705
-1134476290
-829865323
1751493024
-941083515
256795224
-752121100
576993979
1055211705
1196181596
-201307823
1835345279
670273822
-157996764
-1606706954
464252125
-1363491259
9999381
-2086169012
886166710
-1335092669
-1693202620
-2076882067
-1854434071
754004316
208815124
-707309066
-1003439988
-1251294723
-275740125
-897303006
-449893000
215828463
305470566
999040788
-912668662
-484886838
-1036897134
-1068638093
-1931428056
13590439
-1083914051
1108195643
906978434
-308707815
619431749
-696724526
1296735514
-926277540
-1405309712
1870490457
-895492603
-346661169
1332271444
-1060005307
1329639794
-681634145
-952547975
1862759981
-1048377365
-804873276
-738426692
-89746203
1522457051
1033573937
-146991115
11554506
-257565361
1038941767
-279655716
175460959
-1170582528
-1574146934
909325224
-973578984
1062614417
1243558038
821347576
-1216139914
1225013780
-1557339309
5325303
835715667
218138834
-539137945
-1195961158
628833150
-137425077
-986082580
-1772411157
2006314890
858899579
642048354
-874831700
1936427747
-1565959073
-37583641
998912437
1377422369
-1588645962
-1427691611
-1839281986
213627296
1811897356
-105109877
1241111844
-522376112
750149619
454046271
1671868102
1408674760
-260720749
2099022674
-1296293840
-1492330591
339164517
80039349
666308347
-1333655039
-1884335301
-1697742997
1089949299
-320053386
-501606525
1875302015
-125884294
1369206788
-1236260149
268724792
-1045460821
1638794624
-870069881
505332620
1559836098
708666143
-1915797998
-1055588143
69057850
-521080247
1833561842
-351928134
773911863
-1028626253
-1226207904
827050112
-2135541594
-1403012180
-1190582266
237672799
1946337698
2114286773
-1144510966
-766023357
1463862809
1059666775
1418686027
10531523
1332034223
-625956815
-1221902615
859820110
1050959841
508409168
372013322
1611159203
1389329773
116613059
1177314523
1779311238
-213356559
-1376104851
1203384789
1941048752
-2081559342
-622292452
980006721
-1903132922
-1423073185
560779994
1827617021
-422819314
-1667790283
-347177341
-1431554944
-1075605090
421542884
270126231
-1160938982
-505175595
150330834
-244864175
-262465920
-106171057
-1834607009
403630584
564056200
-314582636
-1903071414
898446452
-665960656
-248944944
-24496814
986428451
-953041948
-320356663
2118438432
55339501
-841894656
1301137164
1277661283
1326093717
323495058
374723178
-782751171
1865006674
250359653
-767431262
1440088541
-147574626
-60149702
-148389025
-1740145556
-547158708
154841944
2097302372
991579949
158795232
395257415
-2091730683
-1342882081
-632618470
-688701481
754801880
1903948133
1002269396
156132455
-1465487956
-934562392
-1776794099
1944095331
593358010
86140348
855363652
1535795982
346626330
1703855937
-1488888054
-1435972735
-1863637384
-996405749
-896444206
1724369394
-1323947257
-1411357435
-205498869
-386819271
1873311925
1567662417
-2051752080
-224226160
-628501089
1924760500
-1026064994
674422170
446646214
-1050596303
-1574466074
1829979814
2082695171
1415160819
1513197668
-884293836
1899786296
-2038980241
816423760
477507767
170424520
728689353
444014483
-358301284
-689202872
1447557751
-320402787
2089206922
-856498058
-1216820700
1991463285
-888809493
182081385
-352000042
1272586513
180418987
213091338
-291030702
1931603943
1515164480
-1492312382
-1958080066
1557925059
584761833
1976823668
-633832056
-1858025765
1808555833
288359853
1874716807
-1495432416
809995734
2097201178
-1198030241
809390806
370593406
-892512454
-1243864
545382246
1710743883
-1591287981
-2034449839
1914683250
82704183
1507063209
1577130434
-1089042134
1640429537
686656749
9682752
-1489488419
-913776752
1972866292
1261793814
-576673069
-1656194696
1618426280
-1637414160
449543001
876280380
-1078684349
153814025
-361023460
1374174900
1802711481
328523656
-587866182
-1971604753
327296373
2122190887
1597981846
-2104613509
1992955720
1494108182
-818709525
-56423709
1643877790
-1891675618
66103843
825750904
1953443058
1549981960
-903823255
384648532
592179587
1278394686
-475463812
1664832667
-1826590649
39516339
743330758
160932868
-1570424032
1442177280
641392301
2065812375
1394574413
1247983567
-2092809944
-1943522376
-900891358
-1821400708
931625876
-1689200029
1882024955
105331192
1224767175
-801986376
-1475629714
623628273
1115720293
955260090
-665643841
-938955217
-508259214
1881951059
-2023858280
1367611201
185628200
-1027637605
-1908363015
1573050200
509020683
-2027883431
1806059373
-4681614
-1620908230
1137672393
-1521622402
1911432378
-1972926970
643504543
-1448178839
978969390
776444360
911052107
2086974741
-1401202046
-1273580562
777054847
-1841502399
463926851
-1918270377
1322671085
-60724995
-7615936
1870220001
677936213
1888722523
2025861157
-1588310465
-452958530
-441381531
-1597498521
-828478449
526714627
-1689305519
-1697495193
-545122773
-1039110511
674818803
-1902664751
698569022
-1668337299
-112578190
1469752134
-1511290726
-1962274948
-674185666
1723486266
454970185
-538284546
661659969
-454603746
-279689631
-1349622437
-1898331564
-1039721280
-965013348
571041570
1605052660
-722179086
1053661991
-1019559858
-138638539
1062280554
388127674
777223114
1549064182
-1010213144
1126794216
1803118902
-984108971
-441117027
-393815624
-322090005
-1227553691
1610044363
-900201101
-1745455556
-1716959458
-1932417624
812738751
-2101979905
-1420268139
-1554285432
430494444
-1876250805
960310636
-2018772678
1445373581
-1987207550
-1094111605
1120325297
-1523891126
2091811473
-248896497
-448587290
-633352460
2085582454
2138243202
-1783802883
1839635674
2001144066
1151842636
940819110
1414589018
-486654496
2080197994
2034174662
31760826
-656467243
-830012579
-66139819
-1799992264
-188201656
-1750789532
-57911671
1028161631
1893626885
-1038603540
1623463732
1780703644
1633466685
367039047
-174587799
1659634960
-1919883055
-1639529060
1942237542
600625062
-1304322353
316069918
-109525075
566042984
1099934268
1962344576
1702515059
1783095822
1027399699
-1588262488
-1813216706
1666564824
509516429
-1611818334
-385806903
1920551325
-249403229
1915455959
83807530
-2071463646
-1330662960
-607342722
2108920374
-550688081
1587106331
-1138955439
1034243364
-1143444257
1727951444
-1997581948
-948082577
-550339656
1051336861
382251762
1316192001
-10410502
796224812
1093530777
-114634611
924038075
1630015310
507243080
-37218244
-1328111053
105895598
148220054
-1170495093
-288962348
1564962007
1147414
-988416141
-1280754786
-500618506
542909384
-537204279
1290698416
-1762457628
-2041805615
120235239
1451024161
-403905948
-476406418
-941840500
-1568209648
733129640
-816441050
-342596864
-1502539015
-1806158310
848918591
526692731
722986570
573877336
-1513532302
-309735737
1475562805
-1790970753
-1758020383
1813493540
-289061432
-942898261
1442241864
-688582549
1846909498
1628202430
-1171168141
-1271332491
618294918
2138602849
-230007313
-1836803139
782471997
924663880
-1050447100
1062648643
245871000
1715499961
855361250
-102530893
-1099979572
403156302
-533405159
-2082027066
-1546808158
419404792
-2135531186
-2021962776
-158161594
1893752135
-1164879061
-42584805
-1303424930
-1746181399
1159704983
-1654556902
-1600668834
-1459377040
971686439
-718462783
1174839066
-1133946536
1332226515
-447583829
1288606876
2114836295
454201324
-56011748
1146280759
-167366506
-162550707
668731681
1665002460
502611728
-889979696
-1720626442
706571691
195020536
-1538793980
-619062873
-454008884
997768784
528022300
1703020025
-1014133632
1846821976
-1516353239
-1817923958
-1869244046
-313258668
421790091
-138874058
-2046473901
1107838610
1675120549
1956113084
-1028537691
82589355
556312015
-1122171231
-297668651
-1500111352
-1263866480
-1244769965
1993690255
-1385817176
655165196
-901256558
-440814514
-419948001
-2043130949
1505256971
1150748209
-1873213215
-1742862245
-1838026683
-1148145131
897574336
-42130905
913202624
273318623
1905220275
1782602569
-1931173
-1363199463
1181545432
253225612
-2015387914
1823264960
797389243
1525176917
1606896471
1615032667
-1586234408
-1244405037
1531040337
1476493135
1520777054
306361205
296981026
-981975183
-922122699
765583260
1176601373
341439965
558592578
299360913
-246767992
1542163717
1723959529
82374329
95834055
1476467212
591801043
892632071
-19508295
1900925524
-2074733584
1767426481
-715347359
-129677739
-616505409
308299558
-506691895
1263859120
2032602572
-794290114
-2057885406
2115670147
-1321907590
-1221711693
2122624815
-592676353
-1673199614
15237839
-1657182492
-917544906
1963357115
397335911
-23027894
2102197561
-78056549
-2024106745
530477989
72176994
-189147139
22053998
1508453591
-841677075
1325096356
-538218436
-687024890
-1348436275
-1644127233
-1921713687
-1549672068
-2034424131
625744814
-356102663
1848252111
2042552468
-1627205308
-578223763
513084225
1971413725
-1008893874
-794570116
-140514455
-322286938
-962671980
1642479746
1616536850
1394210456
-1841008738
566308665
-195765150
-1186562233
2022604921
201984294
-1701163202
1885167819
-153121861
-827779755
1490717421
-1979864689
1713702339
-1813318585
2001704955
1847968360
1873244485
-1791461333
-1926004641
-628284439
1620446213
1735871564
-750136353
1481870581
1494877154
-1618403381
-464351565
1062506132
-2047248363
-226080883
141706856
-2079882998
1167248058
1571556214
-1829388025
-356436443
1048381072
-1396305194
1737841270
-2102526761
-6136580
375235619
-1078010851
19909123
-76152749
-1032803351
-139285812
1421187739
1379327576
1176354557
-525635877
2044617450
1850015491
1003588600
-1894409582
-938795218
2041023364
-1487573021
1011774155
-525805207
-113393273
1055269423
-524780074
-1749763976
-1326098760
-1451971609
258833564
1233742948
1896157320
1705188904
649351686
1931906039
-1496148943
808565712
-1981580129
739751826
-518606088
715688564
-1463875977
-1926589122
-968640847
-1353417064
-1880420534
-1434453504
-362450296
493795097
2080003298
-1284123536
652942333
448232430
-281911879
-55792500
2135371824
-432671729
2140482017
960810185
-1454249634
-1385642316
-2124771800
1436313707
874449067
558046146
-939418249
815354645
1002436641
1041543042
-2017147782
-1642193501
410487032
-1070404205
1623292805
-2030851017
-2072718825
-1306245343
1724822197
-848455279
276755162
-277989289
-1962189738
-1683948636
911457814
607760658
-924796540
2104122725
-216559271
1963513046
1707756820
-822541851
626318453
2113160709
468687028
-1788689246
1156455743
496332877
968493136
1529162521
-934456428
-1742305694
1314107319
-1951564897
1162359196
314058477
2057420414
-2142573200
903908434
1877466307
-1441280476
-880065016
628936771
-427692454
-319852938
-1355581519
-760447339
-1574162312
-1339976652
1108022621
-1337395637
-1243688916
1161154037
-422924363
-687665722
717965313
-556440761
-236294287
1517437070
60879985
89047578
-368082711
-1966967470
1461844888
1645731421
-1280563988
-1301700563
-722306007
1361340393
1297054416
-1776368342
-138987611
-993068386
-195078198
1759518474
657992649
-211637045
-1698185345
242118212
529452871
-565927981
1523634650
-1199590324
246343097
-795642100
-133873120
-162799849
722738898
1611454698
-1205818560
-952489761
-1404177194
-1788387748
-962701969
-1063374813
1539735115
-1689152395
-1913241356
-1210053647
-1330108688
-2094205873
-1273001408
106618983
286360558
1319499051
-1043563711
-2030979210
1363523405
-608658211
-1908023817
118661609
-1980033367
-1883032986
-904895418
2044486821
1802570020
-1807812894
-102745842
-1130678734
647057566
785451172
-1089728904
-602582918
305148451
-1528572769
-604881517
1114135247
1396847013
1125890567
1054329630
29683762
-402303766
-2130721737
-571316825
291882449
-1551425081
-346448171
13349076
200553937
2010106766
39725107
-146968064
425996878
613303236
-1377679880
1244361225
-1234312033
900211223
1475731455
1327048807
292256990
-1681156210
1333339518
856064897
-1949960794
-263134974
1457422442
467690043
1887686686
949742796
1770904346
-813264173
943262774
1124476863
-494658518
1563585261
1623712048
996386136
-2095842143
-551138069
1482029666
112596788
-10773418
1883221634
-1496171463
936593345
-246122353
-1735756662
212030849
-655619016
-1986418454
-2037532652
-405298974
-482614838
1348109952
-2047391551
-810345811
-1913083367
2007900486
-120815535
-251629864
-753059095
-186767433
731659130
-2007604409
-887048937
109454511
1217858554
-1563221427
727176905
1406023578
1580201967
-1780274831
350010598
735488717
1698257510
-339615628
-22231096
-35910605
-979977935
-1598153582
1416861488
821144620
1893049340
-852683768
259346810
2007672497
76345506
1301972438
930720273
1726470843
-729618244
-1100146234
-1313055964
-377261083
1670397051
-1910358868
-755038567
2063133263
-348205385
-508232466
-886853054
1538432198
-1434407353
771205958
-1552526514
278161697
-322121582
1725973446
1346313473
-152246547
162816358
1732502300
1503561383
-328390580
182238216
679332887
709835973
-1973344999
-1871224437
-1102921367
-470191726
711013456
-468549531
128563118
596000933
1800877997
-1271799489
528425901
-879158802
-1372037742
-1983296245
-880252708
1396729834
-1669423827
-659636133
1085353001
1246618898
1031491801
1454112753
1366593271
-2032511852
223253189
-1623432558
-1871669658
2004849221
1994735571
-1115888609
-1422769449
1326394837
-1407597374
-6171163
-1792205906
-2009397949
707926414
145145907
1622750041
-1391947117
-138965226
-752727764
2015291281
1715396798
1766544127
-1133431585
1801970144
-712352790
-1209741864
-2029464940
-1658774430
-787418917
169164670
-286102680
-1464734001
602156968
-2051129918
561415708
-1800902728
-748264015
912193864
1914180649
1922790928
563274448
-671716175
-1603478505
1766303470
-1771512370
364304892
492942606
-996967536
2059119640
1487485481
5138349
1182047138
-2086518607
-1826258145
-567916519
-746625088
-756341142
1693378511
-464528039
-1166102471
899246417
-1089374568
1988045281
1208587286
-1329454234
-1198474771
-258774676
1642712154
-295067500
1405959988
-63809522
1518659466
578440671
1921066993
1659393673
-1633732241
719251417
1905404195
976617438
-403209447
1349295194
-788947730
1550386215
430348071
1877021551
-1125545351
279403684
941522502
-301755502
1046464537
-1687081710
844685303
-1623739109
-1463379026
-800135613
-1803766892
1556306166
-1974174387
447118827
708803988
-135211370
-606937057
1477169079
13016333
1615959337
1955472776
655195043
-787387014
1710523405
1320099466
1807799692
1564295358
1973888642
23117676
73710084
-1333758616
-342940001
-148182634
1436310629
-70636232
987079562
1779789759
608199208
1002989538
-1090736413
-1833650103
1674960759
955155985
-670388864
-579624469
1235224831
1395816622
759074655
1753517712
1044033291
-103341983
96146136
-1357006722
-1342646834
2147393879
1925613330
-1438435910
1612971775
153595718
522174903
111365547
1911421099
-1452993107
-2118108181
1882195197
1018185030
743374944
-1418818951
-1721039928
-114200318
-1482569661
486778191
738671088
-1269176221
1937131605
-344411604
2094392782
910631955
104595184
-973453673
-735387377
-1941619214
-1235386546
1150899474
-1472309284
-1138474127
2063333199
-1157547633
-154120645
-1998595808
1756810616
-719480541
1354012596
-1595604092
323001151
-1424881415
1530144055
-1498732242
-254605435
428912776
-493171395
840081928
-576240285
-759407864
-719916500
-1387501583
1940994856
1301654561
-8213761
540261516
-499673694
-306549787
1963217446
37476437
-1715254371
507059712
-1863410006
-1029638412
-1887087192
-945137618
1311157140
833443029
670670366
1457818604
-1294429809
2044195320
1601858916
1035351922
-1599506740
495726085
1760024175
1834856927
-215992027
63345059
1522198408
842335926
1441535620
597973257
1242866515
880514185
625145734
-892824620
1305806348
1250845427
1644642394
-715985381
-1043948780
-2005179446
-738243601
-716081472
-139499860
1324028821
-865667762
207091464
-1981798401
2065640764
751162179
24948590
887568229
-1434688258
-679802301
1101237683
2090632421
1627414182
454678665
-1526845383
806386428
-630959359
-37732223
205015697
-398472804
616568970
742618474
2133671762
-351642249
-1870101657
1084485174
-1753414868
-15988868
1879003288
-1108000076
673422652
165255329
-287698835
-1811663120
-1315448671
554530275
-1924611015
-322463527
-852821170
-1548031862
-2032393404
122606628
-877881823
495955633
1633073925
-1314168720
401785397
56594437
-1200398704
-1417646677
-417833101
-1303512371
2103351629
-1615433037
-1823987601
-1417286359
-1572333334
461800000
-201019535
2125508254
390873746
-1108637184
-1119184688
-1453318703
356869982
-87695357
-1762941306
1504286354
-1474868213
182436441
1012295937
981120028
-469829651
-1278759687
-1545098953
2030138266
194772772
1382001123
1495261180
269843181
1980218380
1062141833
-538423657
556304300
1084369913
527819115
-172454766
102779500
-1098685660
-1034352896
-1054433583
-1529073088
1392233439
-1082831652
-1233589275
-129110909
-1803770608
1607058446
-109928031
1412668628
-1931119652
2095633354
-150446098
2079265121
-221619038
-1329114809
-1909179173
-1696237720
-938305750
1938469354
1929213432
-1450748933
-728927714
-184173660
590963427
-170343165
-1710253640
-1599776873
1053850915
-850506106
982619580
847604479
-424963788
-1739409364
585347753
494918223
-887460638
-905003266
1696254506
713431706
1036426970
-1856790671
2015141586
-1011354316
827988861
907393955
1961475849
1068523929
-349512969
32825828
28189504
-710174324
-155597680
-1104939145
1971387243
666356611
-387679423
2111441816
-1588633680
-1487663294
-963715190
647173825
1240782940
-1997045563
-1719510398
-16324056
675279126
-1372281502
1670268463
1461785484
349195094
1925938991
1154877207
-290670287
1923015703
-784403808
871279383
974369321
2061009098
-173514124
238494066
-1530896684
2059237262
1271834066
1509122092
-609876567
-1883683170
-30163793
-1285289319
1751889973
-635982070
-115415438
1067019568
586286179
1390692010
-52494631
1817830052
1806431742
2027730255
1742423325
-647956939
-1312281484
1647120698
-775491244
901633858
1957628124
-1607397679
-1481753578
-1452477917
-181979078
-286525553
-354829213
-1464745419
-406708735
1049926716
1559183299
-1183633099
876995288
296859230
-2138734417
1143871441
-1394398303
-250188562
1221746479
1463202684
2019605686
1339420751
1668382660
-1254414975
-62419595
1329619323
515601543
1552306011
2076053502
-2056619905
-603728751
1017356354
1969860923
182754857
831972765
821667849
1788466464
1834839294
-1296712724
-906329305
74437427
-1338585743
1046082664
-2132380654
619427662
-1328275118
-1770492660
-988922413
33409700
903557764
1527553922
-632810538
-600233727
-1106716429
-1129545203
-937217278
-1446779307
399870916
-604040535
-40667127
1558546546
-1506455091
-999427985
-1097890048
2086459668
1803666758
-754145474
-1246668751
246567970
-380363071
-1657368169
-191742416
1632417331
906001239
-1492224823
2006497579
-1134465197
1707266595
1863924557
-1501582458
1714617861
1371622644
601846131
-549207129
2125166220
-1727072195
1226270781
-2036519155
-931022234
1528102480
1301553802
1559816871
-1157880808
-25697845
-1470926730
-2109324189
-1890866383
1861315410
868736256
186802692
44483720
-1628488066
-1054780946
-936058568
1526432455
38881812
-64907795
-1305615127
-1014711507
-710768775
-784856837
-1291377709
956707470
-1143358107
1567769353
1966001238
657462943
-480822825
-1467647781
-1000582771
971655024
78624584
-821114061
2134668702
843855160
706994467
73851949
1310926163
1074681432
-123262093
-1035499796
1321662697
831420826
-766512674
1330115958
-1057788376
-28280647
2033586641
1444892892
-379834445
-965144795
677671932
-722839650
-678625887
1700321542
1775581441
396633676
1469516619
1912192641
1001880935
-2116559248
14018151
-821997765
-2017924908
-1953802325
1177762645
1331614235
603749499
-759087331
2062682808
258215251
-502573870
1878214922
-1904270263
-833353057
-610053496
-1362405190
-1957823769
862149583
-1290608970
-546520417
-1247402511
-1629903997
-871350700
-2045965123
548873176
482108981
1039018222
-1062350522
663564783
-1368955011
-616810
868198276
-170177147
1542920079
1607465244
948975355
255570485
162387207
1868584060
-773596978
-70686341
-1597700376
-1226511721
641559393
873119626
-1297657118
2911782
-497206209
1833808221
-643730477
-1672679189
195701822
806660108
-18123633
-1525808856
-272207391
1833112928
-1547414812
-1311593900
650354173
-1449212503
-562671912
2086030604
243254942
2067004110
-54891980
1867153991
-370148310
-159931228
2136333381
-283935282
1958374599
1524910723
1060404705
-289168406
1959057914
-1249674729
519008680
-1739700642
-1232976752
1151258483
1423936651
838122647
672461504
2012277355
2110734994
728779553
285750417
1432347938
-1353180199
1049529949
-222852487
-1999626271
1463023067
-1474470799
-1766911418
1060599338
176854258
-1168223617
2125160001
1057370380
1908951582
-385253096
-73590128
729565881
856862981
594144243
-126409508
181851989
1530710586
43372761
953416243
-1716869360
191624641
1534061027
-991322322
-1652656778
-1531735598
-180478232
974218838
-955762171
-754630179
24468016
463157443
513175039
-2110774834
-283020180
1358578950
-731423870
1116301713
-11834390
651376712
1614662101
58541272
-1221633276
911369650
1889770244
1760486171
-1003036199
-72187889
1749036718
-1187314720
-473696449
-129840720
1202822684
1428194108
-517778185
2009456272
1907697046
2097588889
767357730
1391492279
-681816335
-2142156360
504121076
-748556574
-1076776596
1072618489
-2007943001
-1763312285
-1811326275
-1655882278
-1417280335
-2106947258
937833829
916829885
-1523221448
1863398837
2032074828
-380019987
-963618619
-815283299
-1111315575
1998784994
869766968
-1906834544
971320960
1534364868
1904123
1997177325
-1157944527
531142957
2042278522
-1962585795
1224471247
386645043
1559511506
1820497632
247906192
1801089445
-650231608
-191840792
-708757565
1467149203
-1377794308
-649563068
-512586202
-1394782701
2069481821
-24979936
-1337994375
-1581948094
-749938721
1564240780
2074299726
61672329
-1743289749
-243803045
-1115560413
1787751969
448682263
-1908572595
1323240114
-987943464
-925385833
-243064464
1197508742
-2036324844
-2016154638
-1197883710
-770096687
-30051304
1722226808
-1888162533
-64304516
-1422929786
-1514827534
-335921079
-1304739200
668761380
909220635
147125884
-474087052
-32814366
1897765455
1923913700
467855206
587365403
-1977844094
270757016
-387356947
861407003
107327091
-345248583
-1865311106
-692192031
-1815027424
1995607767
-684259586
6821925
37853820
1611372690
-792349287
1452062875
-771670178
371905924
-697041199
-1159475591
-284035907
-576366498
-625470247
1261074999
1802747418
-479483312
2123500324
-740662123
-1409773763
1160580270
-256368328
1957696226
-874822365
893038800
-1749260601
2123086714
1981332022
1166805561
-706736897
-2131992945
130640318
-676094214
2075785504
989669164
531453591
-1297745320
857435215
489248887
1677928740
-1188387412
-688466774
749423414
199145603
-1226224758
750394267
516898707
-608013567
-1534891739
953091441
501942051
-1182639664
-1353895438
-1207339476
-627586268
-1464957961
-1254192758
2079633303
-791973114
36592777
-606128172
762174620
1178824492
-1634398183
-276841629
-1861517869
-963974157
-1236607636
1900174876
-390689957
1292022002
-1540473488
-1399951333
-1630314515
-151965565
-368372115
29478102
-2035957458
-754611326
-1317704070
1519586947
-1132684989
153128276
444092721
-1495723081
1944532394
1088611371
-2090804058
1687337807
-1006690488
2142247303
1291364756
-833357165
250535869
332009215
-1543372071
-169102953
-611366913
-232717503
1861984292
275243492
-1820718042
-609197226
2102974444
-1294718120
1586088068
-570364886
-2034860893
-26692790
1672266744
1156374603
-329000661
1839061489
-1083112573
-766814735
-1189445496
1811636741
134578971
1190388029
825681111
1455419046
-707418177
-1210310971
-999364225
1323826045
1822506699
1445257808
673375397
602518305
-867918195
-1039856163
1379451877
-202553413
2005515287
-2099489558
1865959486
815772140
-1953215914
580415474
1851428173
-247989779
285750883
-1002732490
2058244029
-1457164552
304813337
-184892480
-2070567171
-245403418
473322982
1230539172
-1577507276
1723183128
-1625731354
-200444279
-2133354383
738854811
-1421380051
-1882697369
-560411609
1112233351
-98542492
1996796049
301801943
597357991
-263963498
716484342
1290457614
1232912990
1795241292
-512085597
-1711989102
160153544
137526998
-1712291445
2122900184
1865143583
598487787
726613386
158152632
-44877729
-1008502412
1287383207
1425940067
135032877
-97767772
1697618073
-1066244460
872157172
-18721205
-265647988
1792885765
-1589407151
1348923500
650613796
-1867561180
-120785488
-365100276
1969086145
142716166
-2053046473
-250811060
-1543558395
691157659
1638156258
-299804742
-804936046
1090852643
-1808435218
2052216291
-1093915112
-2031789599
-2081860485
1787333932
1238912398
456408845
-515406996
-1471449887
-882016066
-2145241074
-248174191
-1402272882
1811249159
-1718859032
-118962424
1913019789
-450796194
621507826
1159001568
-499754784
-345729643
193660109
-2136084738
1975249472
-1582769697
2039881617
-1752696508
-1216360586
-1172208237
1373365576
1682646767
-1582167320
-1440086992
23914655
-1172634304
-2060647306
1516850081
-1507070502
-1357438370
1621713798
1078177473
-1323883256
1069780346
-1332939171
-700918752
112087928
-1296648908
-772785488
-27011833
453877867
1910261820
-384083078
1227868345
-1667499766
561183804
-1099646960
850608123
447168409
2128961269
1911048306
-1085705001
1412938221
1358697896
225473251
203960988
-771263717
1642737334
-1998707014
1193130536
1679918194
-258315894
1955025018
1905403496
-1955038806
1001298102
1264581408
2057049376
-1325251492
470843996
7582396
-1028614169
-237276491
419816143
754580547
1836233077
-774202010
-626035335
-593889630
-207166687
521683166
1811228670
840857878
-460091740
-125930053
-933241951
1897743034
1801400354
850869373
-813475610
-1507258527
-158747541
688345212
-593405575
-2008046170
-844206211
2114893339
140037198
-249417152
-1198491827
-95979458
29538312
-1382579046
1649108678
-693221127
-1768923234
-2030239582
1755237649
-1870136951
1960086844
1629772257
434818327
1257373063
-1755568282
-1488360501
-1730629309
-1558483622
-1256688541
218940247
1259501452
1206336493
660582360
-913003054
1025022386
613389217
535746226
-508567312
544576967
988647045
-253637303
535957540
528677616
-1803043388
881148866
-529267919
1525415532
-591580066
322436276
-1905917441
760601813
428476699
-523806195
1698474418
2035714982
-1631747141
453858359
-751993096
1097236221
1078552945
659832694
1882313122
-1862105183
651500690
1432814483
1629209974
-1912664763
-1523154039
-461723202
-894266302
559819021
1629350670
1636328624
-1702339276
-1945213870
-597600361
1987933968
-477293207
-166715486
1915157006
-2011653097
-1333301821
1641801226
-1560953917
-1818044810
-405421570
-1161547626
-1079110237
137087350
1734763781
129064472
-992172374
-1496317855
787996290
1010754344
1492860310
1024575520
1722215859
221050476
676088284
-1582072027
-1982241404
1921662233
1128785887
973897610
-2014169639
-970114119
542178399
1371539322
1714173482
1481477934
-1847848145
995083215
-843152043
-762760714
2123953450
-344334084
4625070
1134711216
-1127536281
367838765
1201742939
1745254622
-603138645
-1378296148
253554399
-319287061
1551544863
-1567943290
797348339
-2109767568
922682434
901834606
1865879196
-1864799822
1264375072
-116314400
-129299847
543935855
1425790660
1473449609
1387951197
-1583082023
847817962
899587557
-613589475
87838178
1300532473
488193066
1709449130
1317406906
-1323669201
1769581924
-1328146591
20823445
1111431965
-850500127
680237985
-1118725199
-1585102506
1288873934
-2131955298
-1401742697
-1872444317
-943368415
1988713844
888851104
2067871481
1082042298
1316396927
-1743115846
-1233549971
1244662212
-635800855
-1630568340
1920903271
822868065
183820675
1842088727
-1063891243
717852294
-862224168
-1262685315
-1026968797
-154008030
-2055017345
627826311
1288703912
-106658427
2067075505
-348908990
-2067306909
-522264833
1768431642
2006284330
545624038
-215996728
-28101645
-1518403669
-1971927663
853820191
249236816
-159505180
-694281469
-1413096780
872573110
-1952866387
10459854
-2138684086
-173093648
-1015447845
1711471209
1678860952
-1769217502
-388025406
-10938006
-89293968
1055172126
-1416343045
517849076
-2132438749
2045448694
-752941210
-959295379
-172048606
1599866065
-1846046606
1147494516
-1146121496
334923778
2045389979
549874962
702184983
-1826963370
1929729844
-1740366289
997902049
-1806294867
1714178150
1111936326
1887804073
1307029963
-144571784
65028956
-294181143
1520468847
-1570672817
-1799036371
224255062
53582501
-2107944392
185707688
699678785
171569496
-1141173787
8774302
-507776961
612129579
-480272715
-619830347
-887964660
-724671608
1321597240
-1377153630
1164245420
583956728
1450646770
-1751742057
-676431918
-712967755
1399018333
-1238156039
-1599229307
-1797720707
1274098484
-5320363
-683463167
-1070942040
-1171861522
-407926892
1320229851
1624470652
-2085102200
-1570059666
-78795161
2034407616
-202650489
-1803897828
-1065566627
-297356658
1694179901
-1550206127
1995155130
1682498669
-357330614
1580710762
1414822627
-247510114
522622565
2136656867
1253833488
1473242806
-1809932964
342989581
-697308441
1436733804
223539801
1390690301
776056423
796649908
-1206713498
109819847
718491911
782316044
161855026
-267943444
780884766
-443251436
-1105078763
-1653862384
841357701
1400663652
-632234415
1748761840
270613370
-150913895
1417520282
-1404485998
-1784091961
-2145345359
-1507547177
-885340227
-2139373022
-1781829992
-1953233110
-1421456213
-928168489
1699107586
1793418541
-1938481412
-1450917212
-679505285
-1852032129
-104442642
942716643
286860732
-1009294722
1643098059
-941282834
-1643657409
-1850945195
1503786402
1400739262
2124203540
-348988872
1984737849
-81705259
1926869493
1512728302
262705985
-755804578
-414567272
-982386289
1997460427
-1530551663
-309220284
1453421967
2031577851
1683515740
-1482728537
-240454406
1600057850
1378249023
-2007678235
425537024
1894806833
-1369985929
614135284
1315450036
-555834189
1517511262
-174652378
692938000
-1822746630
1863019281
626967815
514875708
-481191723
287471955
605396584
151883791
1215867297
1404563120
-2123229253
-13568043
455588534
-1426926107
523259553
1948176723
-2091465948
169320318
-648109887
666652423
1043476639
-1173715775
-487940389
-1616440141
1290363575
-170216246
1285659932
160310044
-1995627189
1945153527
205092019
-465093617
-2043224513
-415468155
-987018588
923271844
520643180
-899258501
125005787
-1764074554
-937450024
701499590
2112269955
-1512582414
-174539994
-1101006427
-92008
-30406850
-362031536
1155978823
-553407558
-927308644
-2086910318
983620529
1570070084
1142140255
-2029478999
-785221915
-1476564579
-1303635970
-1376032195
834413120
213706189
-130874088
-1046518886
-645647069
-1533605293
1855558072
1383117990
-1317303851
692496437
1001753049
-1225727985
1456217512
-683101865
90341164
1619101635
468651865
-487104240
-191428584
983423397
2042208188
416733690
591424257
-1477340291
-1129899880
-1649586935
2014788044
-179842513
-1633698353
-1441923618
1008968099
1664819247
2128293058
1604302941
-204442891
-2009893068
-92353037
433884028
366486976
198584619
-1619051285
-1718493858
2101829138
383181934
1247136349
793062559
226800844
894977845
-729187190
907219697
403032233
2046670412
270348775
1004756199
391502718
62352134
-1997878786
-1507439856
848461762
1802300529
856520849
1492930632
1808210513
1345939402
2063312644
1391124809
316161132
741383219
722667516
-1772738168
305928708
-1210430046
1096794434
1965078846
1791860791
-2097319140
965857261
256868548
-52695014
-1657564125
-123598144
-727601885
-697286215
1934625133
-1814403376
804338155
903902043
-1624369962
-1576312214
1529498691
1415891210
-1187773290
-839730637
821340993
-1295277999
621335990
-1971991409
-1223956100
-489808825
-388167233
1184124742
-151514146
-1103819316
1736352693
1713257317
-2086536770
1244503058
209420355
-813558942
240869933
-1927188129
-837518025
-1397299326
-1901804913
-933335024
-1107876817
1335344255
1920944749
-2129251360
-1898263404
658258020
-625780598
-1107434646
91842760
-1506494020
744533299
-866445844
1043034778
-1890698005
-256971301
-1194143411
-1192121598
-1444629541
-1714795034
-1441012640
1664000266
-1777290278
-356421435
906371434
-1275251703
-1234723391
1536612674
542915809
892372247
-1496079271
1697217052
1061049462
48040892
-528788229
2126330838
1307533909
1561444842
1074169462
707103691
-1779425109
107191085
-1878470092
1898006662
-1696194200
-178472160
-885523553
-6774960
2021006917
-1442570462
-208213568
-1201492215
-1104886520
180989770
1931745065
1984037947
750879751
7203479
2049219605
774128236
1863523050
-1908694420
-1793902899
-73232717
1689646003
-27428550
1120728652
-1165652083
-963082237
8394878
285960997
-1192684048
1082283669
-1769123346
1003913892
583582624
-959042289
526098414
-359239628
-92257598
730384889
753973576
2098219264
-2023824722
1028725517
-2102580196
1646147035
-182997495
279419824
849490965
1134452580
-1714139631
931043264
1739735005
-316540827
-1102950598
1794463376
-1087383086
-677901701
1750571770
-1914408400
-541726727
969271548
939801313
-2008949007
657422131
-1910936044
-640370453
-1640011993
917800365
-1199610319
2146021657
-353460432
-482049891
212520352
-1696700355
694261173
-1380030166
-52444040
729906197
418366511
-1778264917
-316711754
1222639772
1840972717
-1809630188
-1530943831
1028955803
1309182419
-1571729748
-481452144
508659589
62796325
1638939651
1531766401
1186288260
2006226821
-1890899677
-1874633845
1072174799
-1248673286
-1282718459
-71496417
-1677764802
-1737462606
1772564550
1087838123
268210975
-2016925623
-193680358
-844735609
-635203510
869457227
1848755328
-273076972
-1700613518
1828352759
142207415
1396794146
1033434046
-1507221946
-1947292432
90597266
1110069911
-1432675029
-1956441020
672476732
1946994883
1665851931
-1210861080
2057188882
1359290290
-917507121
275065502
-53479291
-1553189352
-376568505
-1622853778
876505895
-79000901
127535634
1491283605
-749832303
1512120461
-644003124
29241278
-1448702586
-1487663107
-1447641624
-1488449681
1007924056
-40085111
185772207
-582058555
688175242
170642839
770493576
709059684
2092134070
361176453
-1506696071
-1529303128
1462635697
-1043895810
1622636269
-67963104
888217580
-2093620593
1129332663
-365315781
-622546916
-1672918407
-2004765097
1472405059
1318418717
1312192200
-792660870
1103394443
2108514067
-1463674460
1692631239
2031085540
-1036222254
806579942
-2008038952
-1480917419
1855360127
-2094227986
-1986847354
198251530
27146871
1923540147
-1918613399
1538245772
-1114434961
178118683
-1317238370
937090866
-1508647205
93750668
-417663286
-117928745
-1739951468
-706502206
45149279
377330892
1482400948
-388828958
1659323934
-1902301936
1266722500
1208689615
-534766628
-779214402
-992143079
724854460
-1567553912
-1670635578
-1904770694
462044419
-766627477
-1038024993
-705689594
-980498892
-148980814
639559356
669752916
-1744519057
1148661289
-1534948483
1541928155
-1948853258
-260110007
-2135409304
-1903238508
1810379773
1339207540
1580580824
-1058659619
1194524868
-2096943234
428219253
-1054700128
1347933927
-1830177937
-503062620
1689529780
-854521868
1845270406
963741505
882039171
857929790
523267457
1969681547
-1020710420
-1868857872
516911131
-1299826593
1622551401
-1614832284
-615109930
-103212887
-1780775564
-1121438027
-1542694406
2027686423
647091238
-2054981486
1425884893
-472739570
-1205796831
1635396693
1684218979
1665940961
88498352
1184182099
-523423800
947959872
-1298148308
-1796166283
897620380
-1281585682
-721061215
810545415
336624399
1115666614
2045900464
-922887217
522804078
-1861611617
-1984735050
454253921
391186925
-1390340258
438114349
-1434551631
-1893478490
1398662667
1360379730
-189154583
228867553
1560874520
-1092539128
265096573
46341270
1475724414
984781052
1714322811
-795263697
-1406355912
-954235384
1906984487
858076561
493502708
2042621660
-1713431353
-1929689251
-1501887736
1474066651
1448395706
-1586104462
-1916995934
1002957122
1711291087
1624906166
-2084926397
832411791
-412475181
-121023210
-1304922002
14794784
-1025435029
-141925430
-496621412
1629912601
-1536470492
459183069
-2022960270
1554166667
-2100861496
1150307308
915560501
-1026154286
-989965069
-648112083
1257070973
153642045
-1240644379
-358218829
1998946088
908508916
1732717976
1063731695
1741269905
1071563798
58442772
-1873777543
1391259650
-854436319
401749506
594925840
433134694
1575196311
-2112124289
1605618655
509134402
962440157
-1698055117
386042369
-81411354
-198606491
1324736673
865767495
971542751
940303887
468775103
761197112
-222796625
-2051232564
780142281
2145396057
-393032513
-1048792188
454960465
363445421
1704796308
1623913529
111860635
-676210561
1823551297
1391920236
1936612135
-538358178
543285532
827434687
-472853874
274189672
-918830924
-1130212645
-609476207
1696563915
684760834
647157651
-2013513106
1668809352
-1268988195
2100329289
472106102
-1301776262
-1949862989
-961266032
960484315
-1610259049
531070838
-625335021
6212302
125201780
1175485395
-701912908
-1592018999
1833760782
964405929
-1768965384
-1134508759
-251876410
-1704752712
181205153
338202111
-539819091
-228596327
1342239644
373255206
-941914622
-2114213907
-1664764131
-2038230120
603086584
-530787111
1750919688
640683773
1713333179
1751804849
698495890
-961416828
-831536715
-777838862
-2136160728
-396078602
858054156
244520822
-935054193
1442833160
2004035951
2131113698
2011886923
760233200
-1066144750
1140297058
-1635567547
1518611514
-1600565770
-1776945512
649654951
-1372349989
287580013
549523921
-1012513526
-1269604218
-1961941539
-1042216583
-204103725
755016510
1306259651
-1909531183
-1122547238
882014508
-1897301253
1890199262
-1026151093
-1879440718
398269502
911507876
1827802833
1382431679
-1188393237
-736486252
-1394371856
-626909340
-456126967
1733433154
-598690382
2130243751
-232271989
12101978
1769904261
-1093288809
-792699178
292570324
-445134237
1729128864
-1304323199
548808550
1267494451
1110173728
352084059
-892727494
1682170735
99506233
1461655217
1699743457
1026413830
-1661650712
-343295536
-1368490874
1031459458
1786049622
2145390280
-1051060122
857921389
158621038
-132049805
2360959
1071801585
1959391919
1928785845
2125899655
649925054
-1289094590
1935857668
-1187521249
-1673612240
-1611543729
1956431914
1875338568
-1012757841
1464719499
1010235209
-2046625515
1939474009
538791957
554786335
-719248734
-1662837794
1892639874
-1549153141
1192164932
-981975380
1000575798
1377391440
252467969
-350066101
-76055563
1071121943
-603656638
-640164343
-907928135
-747873862
-644051257
-1948750119
-217740091
1388028607
-640701734
488805239
813528569
772110370
560491975
938118864
-1268645016
1508638294
-795064182
1181703329
213644839
512188046
1982648778
-1373682594
1346373991
748875320
-241028858
-1967638956
-202050874
-551105847
-1075541747
-600942831
-1345809439
-1516704321
937235891
-1847239421
1531851053
1238170851
572453057
-412113826
623428103
915036879
-1306349011
-590340797
-1002328567
-77317201
-392208502
1416263710
-1558344802
-344473013
809393857
1302279247
-1062882344
226519364
-275816447
1925674252
1607909248
1408449693
1610380020
-1910587259
1043415406
-1344952451
953006898
-1587081912
415978011
-2129864142
1515157498
569754086
-826883980
-416347015
1193562911
-190936361
-2040988688
-961536004
-1141298369
215689882
1334774756
-69769445
1735314747
1188931616
-817289195
931435502
-1470017310
388792170
1743701646
-1381624950
1190923503
-1036076944
-174771532
-492611196
-2138810827
-444069820
-752877161
404873138
364150296
2143510647
1191442314
-1296835016
-1423719361
1246531771
1356477173
1298923458
-103862393
-281026871
-713379735
1849792014
-2036170182
1914747013
1664252916
317002413
-903889536
1496769631
-602201162
-1050884087
-2143885291
-823929861
-1226948684
-692177239
-616100805
-232260333
-1081531669
1759013555
1465688306
-290825060
801245608
-370659918
726717031
-1525512153
150034710
-1883828071
-944742999
-1096289910
419873816
1175622152
1585968034
-248561473
1420519768
798549197
782194500
338225163
-449888608
-1414718804
-812930302
-182299038
-1366205080
-851658909
1167368577
-1208128503
1072170159
-1340280856
1810859407
136844669
1063674894
979769844
-1265742509
-1695010669
-259292151
1754795972
904932550
268312544
2145836968
515542046
340024161
1281536090
831816518
-1168588143
185008408
411776319
1599849640
-379078655
-229933434
1166605877
-1367807920
-48554142
-1100577688
-1870165070
-322222061
1973731011
-1931628977
532620701
1319554793
-1995005810
-1381395311
-190334923
455138819
476091661
1194494336
1417812785
1369304867
-35272656
-1254132258
-1593039063
702973991
632254349
1251051663
-1181336268
90133477
-1945250649
-782324336
-151575343
359232574
-1932968078
1669857320
-2059049974
-1918017171
1327006998
-947344292
51082710
845408928
-777306381
-303238233
1226736319
-942265399
-764285467
-337098518
1452638148
-1031369547
598642120
-1919109215
-69675137
1409424732
796679486
1964313175
-727645814
-528817285
-2002395729
-2062130085
-583226337
843115872
-812888175
-670743884
-908239874
-1690747388
-1001115927
-1234888623
-1187797357
785311326
-1061260272
1429797252
-997037481
2043404277
-1404134214
-1107359055
-782063242
-1907589961
-1193688780
929539650
1210575537
-371621879
1151023596
579104221
2129609861
132265247
1437571382
1127922393
-1509853556
1284576908
2040462668
1200103917
1884468516
545970972
-424935785
2128543274
-72283314
1859189729
-1943224788
-1395902677
1096578775
1744701323
260561048
-948521334
-1799216452
983783165
1288126688
110903445
231105482
-319490276
-531675198
-1581865920
-1264624763
1500109801
325604161
-416319906
-1996724918
2076422353
-1825699232
1379388427
458535351
1330829891
-111216339
71084141
402240586
-545227645
-55316224
-1857547877
1848657736
1374788541
991340804
-1624637220
1683859935
1798547805
-545037578
490971668
193182862
-1122757987
-807823315
964859514
-501604412
-2050382753
-1063521575
96546446
-1224206137
-1842358212
903878543
-1969500342
-883072809
-792633636
-1917648124
-920979817
-89767278
-536839289
691994648
-1634430206
681159066
-959380228
1665956374
1159635631
228984948
1227956097
2089234234
572018061
-1798555469
1559954491
75859827
183365322
-1836730027
573270463
-1842867351
563069321
-1872367764
1171087848
583235520
-581294894
-2114171648
-949632790
99043486
-307647798
1601667635
-205168217
1740151146
4482851
669523110
-557130943
-302037801
1785016533
-1576847077
1561426928
1349595424
-2033399027
757869404
806657300
-1145629548
-922211994
261505114
-802446195
1280998997
-44416170
1203633816
-1590409398
730146652
-1867830550
25921737
-570040032
1064685503
-1547347275
1348863672
-1390283300
-451990474
-465211643
-1046857625
2076389275
2066327515
-349192616
737449851
1554869848
1670970928
677545230
-460215594
53918917
2103636326
307402847
736981125
1646935647
2142544092
-2048142194
1399128541
-1499239748
1241007077
-1974617506
1223415264
2047945255
2068139214
1253044165
115885540
1098229614
-25085922
1161926623
-549373834
-1678710023
-1054372833
-745425371
-455010693
754029342
1427360925
792596702
1687187096
-666354252
-1575983379
2139702997
-1622349101
-451971355
647617072
-649065397
-479757190
-115130040
947232729
635487023
-251731389
-687830225
-1582262164
-843586932
-400954188
479601980
1167130759
-1386815166
351741124
-1474949574
-683396571
462591992
-262293310
-1989203927
1238414881
-1391374768
-535440522
-1593529702
1918462457
1736435549
1567408517
-273029571
1397145045
1938350417
1997244697
-1363268168
-323531065
906959994
1588385729
535689145
-51814062
1792646511
883518101
-1755607474
1449328688
872201862
1226855581
81977203
-508116145
-1793031032
-151861390
-1764670740
-769686755
-141882713
1445020198
1440958805
1460501509
-959366736
-1282258335
-1805129609
1029940792
360660604
-769059893
125409500
-1714666064
1479373740
-426460751
-2026686299
376960625
1804448404
1520889570
-87046246
-1173702383
1112031095
680216538
1828802690
-1750154374
826197237
-400129246
-860056652
2038241775
-12643648
-76057610
1820083949
719860812
-1214868586
139031335
-287834524
13972369
278048363
-1474135485
1484264219
-858494048
-1089894684
-648721166
1714494072
-927840955
-1043738356
-675130206
-811154668
-1280983945
-225989567
257430118
-1535169839
1391591133
-1731741329
1879984923
-1590885839
-1859850605
1705566336
-1994042932
-236449563
1500810541
-394233581
438637655
-204410972
341414651
-347878805
-1045574064
-961148098
-408570226
636819113
-957970908
-356694800
-482842501
-1191598787
-1200375679
1167508473
1818036062
-224296806
1973605877
672320621
554291233
327211817
-1038256427
-1069699256
837226110
1254510463
2084661600
-1698551866
-1166388798
-1363644463
275316259
-779896336
-766924334
-382183257
-1841219938
2053629562
478621811
63847119
-1493059033
559826892
773153477
-1113583468
-365644530
824503390
-1346826480
520221231
-520419839
1481081416
609606338
1163050366
-1214554702
950872089
1834919096
1305412851
-1594805066
552728294
-898414660
-1305511474
-1724204112
-1660511834
683245902
-1517861490
-1005377106
1482786237
722927783
237635236
-2108093230
-323835690
-1303453190
-1851235222
1989574964
-1245470731
-1553655300
-177377710
-411340281
-616838197
-808544858
2021014114
-1772599047
1151391308
-836955591
339769055
629780448
-1067352706
524415362
195289928
1722566802
88192916
-1938583969
1360389254
1417248531
1801225275
1618269569
169191520
1989990901
-396296398
615982707
1853000756
-119313156
1995802656
1271578842
252033763
-1055043072
612701089
-1626193411
-74238451
1378044951
1751644577
301069959
-1978286466
-1125058318
-1801792275
-2130967413
-1644408857
1424372871
1749764103
-601443895
588719056
1212715760
1756085049
-936752593
425553869
-1136126830
1375496172
687368866
-1684778257
442005634
-221690567
-1911114755
-26040707
-35466973
725723584
-1379718567
-1218140700
-1419165933
-1014516040
224969871
-1798462997
1467020871
-752689080
2035216378
-724225238
1378152820
-1700649196
-623440767
1722851260
-1629096016
-600844519
1883710676
-1540331469
-1423779751
-375267395
55666420
-781897780
-132251339
330242337
-528736007
-575769629
1039389402
-945616198
1770407439
532203176
361191248
745473823
-736051263
-333938413
-1187954956
1049669923
756354937
-7790571
862406558
1630748198
41288775
1101578511
223375878
-881718872
503285985
-1769311865
-1885558429
-1476899298
-1214853654
1945191960
607961428
-995944696
1059869815
363949226
-1174278652
1015529539
-782918450
1255386595
-235267448
437425819
588021104
1844122077
-1143946870
-568955484
-77699495
-1512858599
550644780
-1931526455
2109084805
-1274260814
-1096205530
417801637
-1458669130
2051933397
-1446109647
216944017
-1610228620
-719092624
-1910596185
1512809597
-407604139
878659369
1082055274
1683318531
-1348860290
2006295185
149661701
1503517113
136988265
1937905561
-1755978478
-1179532346
1471676135
1219584324
1496348122
-1718911305
1257981800
1932606110
672187714
-1144606829
1601128826
-2120085524
-1789136924
1531837740
780688015
1863716644
1509490044
2046646200
160132610
569133983
1034079365
1802020255
-1159978148
-108140276
-1778740189
111143317
1663497426
954106279
-467263421
-1782106645
723601938
-1970259029
382938112
15335714
-1376685250
-1700838907
808156744
1742122945
-1595092936
-2076208055
165391551
239626088
-478500832
-2000461335
1460185314
594706212
567178522
-1984994141
-483493009
459415811
-418076588
697691707
396677636
1793061099
-69653945
1269341546
-1641266426
-154874713
1545542460
612101654
1068592068
995227970
-770336751
-562620222
27348187
2018398616
1053656892
1562244423
-1006860069
1085229609
-32460272
1124717764
-452105942
-240263632
1304079935
-1841199406
2139016488
1788131827
-1476895841
217054716
-489658476
362165853
182123056
-1736685715
-1090064851
-271713847
-218620835
-167982613
-650305636
-595897824
-1700791934
69926916
-643513456
-1698784219
-540547922
-1080286842
450169131
787827727
274656169
1498837043
943056796
1316318039
329179704
-115205195
875455756
1193451475
-951296609
1131409615
1488316350
828641284
-2047056794
564086741
-1136200335
-878462805
1067374176
-368056738
-1942747896
-806025311
871944424
587450423
-1169865108
-1609969688
-1750428818
857736090
1754301617
-696653060
1544595505
1402682526
-907377033
1205017455
554194253
-1508156431
694390930
-1221851980
1906022904
36404421
1312222957
-2108797894
-1038533624
-1353824760
-2052085845
-1371981892
-345921096
272638679
-1341997938
1996446935
-864439382
893390388
-767451492
454505948
1291871024
1164764661
-594692097
1667215335
-1321897786
-844072705
-1562365908
328664624
1326587619
-711932748
-163099065
1007910560
-2083619600
1658000809
2125274566
1785912231
-699836776
191102876
1884371284
485398348
-1922477246
-994942812
-1504059401
542129029
2113014235
668656554
-1686194060
-1268618296
1236274392
1977923095
1561454321
1534096353
-695520645
1311204558
30562524
271544326
121544020
-33745827
-1623430388
-1886821848
493504778
-1016887186
-876851675
1383319691
229252955
794930819
-1267217089
1954580888
513464672
-533815326
-795125047
-546223887
-1686818539
426921677
-1804564565
-939361850
644622104
-775466250
-498972501
-2052799898
1183015089
-752318159
-1468682735
-1691319015
1683939858
-1351845269
1501819276
-83320276
1239263455
-442778150
233635414
450807628
-446371089
2014235253
-402139241
-878911465
333053268
-518853722
537428230
1444707312
1470441368
1134382398
971591126
2123250962
-134748343
-1836166487
-1184908849
-2080332569
506816440
1383509346
-1888070
1217843610
1074016765
1660085928
1347315713
-1359675158
-679716547
-1396092814
-1861603689
460450881
-128604369
-1539206753
-885336299
2029605380
1563266267
-1293139599
1901568037
1132281900
-1154163804
-192657860
-1406812381
-510069739
1896974985
1459284826
-1333333760
232874902
1874922407
1767563873
-47860374
-1819491503
-1106512383
-1220697193
1124571177
584818251
1759774595
-363732571
967847116
1162039998
-1861106876
2015954059
755343492
1493370926
-1859702773
-76750892
1255278159
617181881
-1308525804
-1946281974
-1781874344
-945621069
1484489492
1015999339
-1900432995
483198834
277843833
223695324
-1611004206
-947601307
-381241355
229287965
-835396219
-38523029
-1917272003
1897814589
828902018
1656930657
-1035506675
451166544
-184305544
990034429
107777904
-1679906720
-1416512549
1837024218
857890621
252652705
1545847052
-91755054
-396245532
1429794023
-202131273
580233619
1638580330
1311882332
2004100733
-1475436692
105318321
738675821
298071506
-1465226392
1849133565
1694007812
-1034569433
495556509
348223667
479357436
349271882
1428318149
93843042
-851214127
-651662579
-1258927603
904622343
833569175
-276375258
-605224659
796447884
-1019793363
-943169451
1181735864
1027948946
-389164366
1817864139
-600798028
1884120176
695946806
-1217622070
707557741
-498464646
1480759988
1831143560
1664520326
1712104325
-426671552
1351152473
-748749232
-333802070
-162209924
824652300
271667806
-548003510
-1200763056
1469466772
2117528152
2096127827
1725680089
1958491370
2092217871
214938560
918214305
1172398386
-1200052014
139101798
-462139375
-604105700
1862036479
-724679700
-1619793373
-507247731
1097344732
721873690
-1315311525
1071377789
609841063
-2120504745
348057335
602495778
-620774933
-1864806036
2100050789
593818190
-1285499372
-85222514
640684020
159381781
732780101
1322423706
-852807986
-850792526
515239017
2068948129
-622772186
1299932330
-1123019384
-1628835673
1370775469
1071081265
847881819
986331048
-184054455
1699167181
2037386529
-1262859045
2039149832
-1880475847
-1339466573
-676804551
-756006318
-2020744309
-957713194
2011540032
-1061916066
-375336040
-1674126384
1602025460
613407207
-168507241
-2071192259
1288737574
-118205922
-406123004
-1117535710
-1178545416
-1475559198
1022373830
-1160497598
-1196973921
993030189
-1051038061
2060070576
-563995542
1123018961
-1626302829
-967219803
-1713303804
1208501349
911547459
1379712915
-1300714763
417671801
1802216348
545992058
-492019090
-584520432
336418163
271048825
-1648634555
-1271564209
-1862097118
-1345740121
1057102653
-332920463
-1633716120
-874616541
-343347573
-278601475
1531489165
-1253215383
-733644139
-1360042949
737713097
1818987495
-762522884
312369635
-433449498
77217231
1420449500
1292070424
-1025001692
591664174
-1906146222
-2099803756
-2110269860
762656317
-187629506
607029283
-1627694233
-613354249
1320736329
1943398997
-203937600
-1499849237
1850357033
-832889234
271448935
353183571
-539940061
1233149089
849274120
-727152284
502605521
-1381592451
1268958300
103864551
-664190939
-1205464665
271540175
-33327352
2036960685
519501257
1760888419
597944941
-916321768
1051030986
-129377581
-644008566
-1965044232
1922929727
-170119941
1693564467
1672847817
1218241312
-840530570
1810471538
-548852687
1909477054
1076250505
-1330096486
-913424247
571417588
-1015018177
1383106715
1451889051
-2029795939
-1270144556
-548617064
1200639149
-383400635
-286278058
1941620406
-1844944706
-1771023582
1964633225
-1425086921
-2086046193
-704956092
1132278795
1184048582
1375721956
860608011
-1622968904
-1224313581
-956898677
-2087269926
-1895589553
-1999243358
-296841315
629296137
-2117930667
-1918671648
1754557059
1619286816
290355513
1263064439
1001089851
586628161
1919373752
448500194
-2023299748
280100324
1192238978
-1389054397
-1703362217
916058570
-872468451
-1390428300
825460223
1434276395
-1944876791
2143049051
-1599801782
-1898543567
300500261
-43915646
-845789352
68860329
1250681937
1311303910
-867487051
1412283383
722170195
279368718
598304986
-1379902901
-2019319298
-173594529
-251254791
-1208112879
611472784
261953454
-1720714502
-532746067
-1079175844
204382999
-1641618240
-1564135064
-233079896
1391673868
1549106096
1358066341
781624536
-745707856
-1874740878
1215058263
850136779
-135826587
-95124743
-684424778
-746288508
1523709347
1556294849
1885026352
286663693
1221212683
-1818853545
-692408931
-1196284777
-1114796613
-360775650
1852453559
-43085082
646889699
882803279
-1651865911
1258083819
631815832
-160742335
-1594595931
477453746
1774341608
424746218
1148027098
-692423042
1371820077
-671515227
-946382810
-74274255
-494595930
-1855239115
-737237719
-1849863183
-413107901
-188753655
-1385607589
1296714248
945701055
-12945983
-869526208
-190332404
-985373196
-681283600
1890612185
812110655
1812302954
-240683997
-1383703203
-2014233800
-538964432
-1443062494
694474281
-899331902
645650159
-1427721355
-763914508
-1287712509
-291349445
-397254359
-821612730
-875670816
1376601900
2103401939
-1252238550
-1879921504
1451074349
2059523797
93749282
-878573617
-1290361325
1218156511
-1086814885
974085988
1259627889
245413816
-391218399
1156924453
1470631210
139709758
-599669356
-1663450294
357067590
1835135147
51953307
1750569824
-1101077239
-672723687
1597637401
1121102704
-886691519
-941144505
1616568159
-524507040
-2045692961
80901789
801345249
1123001496
-1972996407
1739786605
218841899
569140712
1361329134
-889604741
-619108843
-13433432
1946195098
-68428865
1777781557
-725911776
1218996747
500338280
-506215275
184913962
1015448387
-1000045532
1835093669
2072934422
1419023391
1908767646
-2002237582
972267725
574990760
823776072
1290462488
2011803192
-1346730072
-782935718
