-2145910571
-46808799
939856052
1560868130
-299946092
1000168542
-2145774750
600464494
1380637519
1565067785
787148273
805830625
203317270
309266571
-1553694757
-1398864793
-1914986815
-1562500446
1098901202
751926473
1823488544
-97683835
1555341590
-2027520138
-295898249
671025995
381288710
1611617413
1553062440
-1022633844
-1649162758
1872953338
-1565441358
2146837576
-1437667761
454143047
-11093798
1699306247
-116320574
612743446
-1356963546
316458562
997063425
-2092928443
-318997102
-163527423
-94639233
-1239633102
-314832514
1177840325
-2040968057
1686239799
1043767525
-1499748185
358773396
-109662088
1548166868
860644544
-411537441
707307995
412868376
-729078837
-615602376
1764696407
2074341177
-2106185463
2143172633
37336434
119503527
-148361116
-251947017
-1558959868
412667443
541730519
-746853157
387902528
-830452032
-362969844
2000485681
-573001228
1334583097
679424070
-1510225696
2081789199
-124276283
-318962303
856891290
642028132
-2142324679
-1877577002
92063860
-521381203
78784462
1961018148
-922415432
-275463983
-1673706477
-824311828
-1805006854
1642219625
106685733
-683176579
-870635671
-2030200704
-2076021476
109831504
501609062
-793192806
2135630024
-1515908427
909371994
1182871031
604231580
-336341586
1829273540
-1538586856
1817327338
-1983016934
481108624
-141839486
-1765544880
85549333
794936239
1413190081
-796681358
1578701470
429612003
-1308103249
-373132568
-1524580997
1688439770
1183588597
-2064540550
952780633
-284579458
-1461864494
-14287734
1835015990
2122763915
-1657823717
-1229720367
604822531
1593556065
-1056139134
-1413996979
18063748
-582440677
568954394
1209871994
1177513851
271337951
-2066455014
1761508287
125157124
-967266697
1192000992
1028248875
1341854274
-1665023456
10353465
-595943072
-1908516293
1276282274
-1276543265
2004056271
558520064
-1787603296
1536555842
68857637
1556764177
-560146383
469939083
1169260548
-1237191938
1490571438
-1976850723
254071542
-831668655
1732743373
810740701
-1122907490
-1714622805
467384302
1290125428
-903376080
1488093228
-519870027
1379684819
1563632674
1279157784
1703823576
-901807945
196667683
-125455690
1506593593
1341138414
1103857228
1195039099
-1915700425
1988074264
-1089590380
1603628904
707000896
-631141454
79965065
-1974792784
-2087692118
-1464118704
11979069
-513721699
-118712637
-1793759703
2144694653
-440763213
1016062758
813145304
1090769737
-843121643
-749835697
-1738455967
-808678529
-1952229849
-1242117262
2073713009
-2031724584
483821428
963741319
-18129431
1457849624
-917893166
1512093609
1620939677
-1118925695
248886468
-2110803040
-1619157160
-18869112
757761566
-177776196
1832310819
1817561291
-1478555409
1628778212
1685964486
-1497121471
-933712742
551589358
-1377527409
1589465266
-1091244474
-1421166288
-895709103
2070659690
-1407791496
793442646
1058251951
2072768297
-1394377475
-1321011851
-259132774
-178886307
1052991244
899842144
-1664178921
-1965793134
-2039819348
-1538975942
1239182149
1498876969
-2055185837
-1105744564
-1842759266
-1276211897
858521551
-2010193640
1999199101
-451380208
171324777
291696302
-572778273
1118671893
-1592101305
587723581
-26446739
1134113802
-1747689710
-944876052
498714041
-1470323524
-898360360
893413866
-1643891768
-2129962175
-1594798030
2140118467
1459573712
-1131632016
1115807145
112511989
-1112969151
2026018707
-953406379
785154243
2107751433
-117651877
-2086479417
-36615864
278394388
-1558597612
-1544424920
2112053198
-1324072686
-886597095
1197741985
-2022815392
-729926788
1014628233
-1517798403
76691613
-2127141929
490693178
-945368947
255871438
956691770
-101796115
-1921019828
181791803
1918625806
-408756029
-434681790
703925434
1678258965
-487723024
-537968084
-1491348088
597747885
-216721491
-579455652
1532499803
918416468
1933676403
1562173918
-1348489289
-285475730
-213789851
1316403676
337150080
1887441990
-616957939
1903246659
-97530672
-1765774766
-933690038
808643493
-1677062390
199790266
261393545
1641869408
-758014929
-1736282597
97185331
1786309888
-1627674513
-1150927737
1572864614
-586250783
1728086275
160402640
-747693850
-1502440167
-75690183
982915078
1684571221
-2078529644
545323216
1970075965
-576707422
812230783
1143861637
-1041014382
-1552571201
-276635926
-1878912531
319686768
1343643542
-1683316312
493897605
1253104655
1373904957
-1348639367
-1794690553
-910903747
-963956377
935856491
1117258238
2026707297
-886738914
-906721924
-439079780
-357680709
-1250994770
1287675780
-2030958389
-239872272
-1326502684
1057688145
-145380991
962439621
205383288
-2117561581
-1740863144
-1644271062
-777764665
914833658
-1975526563
-683232901
-1170852156
-927134947
-1586850521
-718979839
-20846032
-1982068579
-807565781
-301312834
1300659465
-1501872374
768413775
-1170974103
1106939455
-2016185596
776558012
2106049719
472993197
-1230643419
-704974856
550832860
1256741702
-174263010
688620595
-2003614640
1161291151
-678064865
1360185568
708739286
-2105427124
-2076104836
-665464697
-151708487
1607681150
-2122832755
2117053913
1776260440
-323381620
731715285
-1504197372
-408772123
-574220353
1776325477
-617914808
-908880791
-470456845
507978882
-1083879990
-631027958
-49187701
-1152826747
-1492663128
-1753998960
-985459291
1409251074
-1091985587
206816037
-1533648242
-699724244
-1617312507
412744796
-679954568
-91358600
-1470075693
-1627830924
-1368508822
-930427265
-481338494
-899724068
313001335
1999630632
684683001
-1512654342
-234636238
1671393285
19598035
-227254233
-259017632
83301373
1920612911
45489662
-684248593
611490860
-1437689149
2086268118
435459623
1723613958
-1043700425
219669644
1528238622
-371330622
-911268176
873609093
-1744008079
-1786264075
-1079640150
1568303858
905424432
-813249156
-3376118
1343967061
744835866
-829350753
-2102503309
-1184137916
1106483465
1614455410
-1585067817
-456893843
-1796150609
-432513154
-434039727
160819930
1478418818
-1186078047
1650825778
1261433460
-853390603
1335570482
1247122521
2000497357
-1711858456
650082152
-1006687544
-1097494247
-800897696
-626574853
-1743737742
1255739517
-2082848390
908249611
1027015001
1922305164
-59854948
-993246655
-1926714920
-373059571
881742062
1016224820
-846143683
765928450
-120050168
1521469709
-298604134
1563071205
220451564
-768806803
1507655388
51518516
-313797066
327432589
909786908
548920368
733814674
-740343130
-1059151307
533818336
-334519955
-1058690412
-1029150058
-1818165924
1258584558
310137013
264630616
-1100646329
-1433358553
677261079
1190584210
1259428508
1062926983
-194628911
-1617483540
1032348078
143021971
502511281
-2000249998
-1323286679
-1576384043
-179731433
769202346
102817757
1886719508
23166496
40422375
-809172227
973286084
497900294
874836447
1694772899
-809823296
1373573061
252511611
-478462762
1492309302
1113182722
-613325330
-1118238129
-1081017887
-426322904
-1324365303
1435044153
-1296490370
433528788
-382528308
-2136097736
2074604664
1009660530
-668770497
169434541
747208165
-58245080
-307475582
705902391
1850735797
838942962
1246557475
-2103677572
-1069497560
1914448909
-872017233
298796072
1833943936
-2081159783
-135258997
824188469
-675691272
-2056478087
1846316292
1333247597
1037595636
1207649917
-1872589405
2106756141
1932181881
904495299
380151238
143188074
-1723906594
-1195447718
-1581105557
1780522745
81107651
1144367911
1332809551
2043191306
-1217994686
-1594365684
1812449591
2015538677
731177316
94537030
-554921588
-1039590599
1459784663
-848573418
-728816851
1799959744
1561308893
-527238493
-1906333568
-182709145
1461532038
94879518
-1802460470
-855926850
530468896
-1845029081
-952143168
1175027467
948846830
769470574
-767273378
-1642399595
-1423327207
1657941917
967045110
668671006
1229335267
1585578357
-777409909
2040208048
-1483738590
20814391
-833384609
479143580
-828572693
-258586812
1328373962
-2036115521
1180101772
-904268025
541199948
-1979445241
1057786560
-1213097198
1671943654
-47602635
616084253
-360642425
-1701009755
1424968931
2130742992
-449185095
-2039637890
-1405508663
978452877
-372630510
566070625
842084667
531006144
1516648758
1600933767
-447099403
-1744972280
-646774168
-559890161
-1760043749
-773368091
-2131886292
-1601310520
1824563834
-509097041
-1627416530
1572087888
-245155565
-1695222839
478763874
182208349
-1840517670
1025459478
-1978540437
-1289944998
1478230715
-619344724
-375266496
421448245
1668029917
-415930680
-1354980595
-1077109897
915401001
-493436416
1205298006
-2031304044
-92953075
-1078992450
1314044258
67006340
-1962624644
-1542286356
-1590026282
275628689
1275753529
-472216084
-516636001
-1527155598
854891349
242230475
-1185110763
1413639065
2005759222
-557722443
1314883165
1831785161
1726307673
-1135981654
-1851840498
-1236302614
-1949161447
224390001
549247766
-1760566752
-131280464
-240781619
441874142
2137350681
-444971714
-1807294994
-1804001620
607483814
456407689
1411538474
2058385737
989698445
-927764412
-1416533780
-1092665629
1538426012
-1995651436
1695352300
1400389940
-2121725183
-1673069105
354722976
360534498
-877919015
-1956176506
-2013032207
52144937
-217565690
942524357
1217167154
521387703
-745521851
373292185
1275945805
-1684762922
585621630
236589522
1056769855
655422928
1300712030
1792271113
-1068034875
-317227122
-1688466141
-1901494812
-784169385
1654372738
1727463094
-542388584
-654724267
-1029038906
-340573698
305205423
1219128192
342750853
422842738
1372915722
1266144683
805499545
-363061520
-1202371031
456066481
-486396811
-54879027
1939210154
-707101271
-1705711035
-258522068
635450895
-898625960
-1026202029
1653075091
-1523435068
-1768437017
-135771476
-619738949
-997734305
-2076048427
-1933589757
-1200644954
1150241577
-156402386
-1667020588
131236087
748026332
1927173116
-1767535156
1048971133
1758258606
-1432795394
-874239897
1600345360
-1398460274
-1577167209
1795352283
-50723680
-819858260
2048454665
844033076
-1277040758
2011340863
-43313182
169081791
-1158154451
1452329346
-774092874
1550882476
1719684029
-544686338
885781261
-174338066
1886399574
-935045106
-1651316833
962198118
1354796116
545507744
1069415614
-1500801729
1306167777
-760708296
-1946171885
-1164698981
1681179086
-1166911430
-729924212
-234056593
-28210009
227506536
-1443063660
-1391453270
1354463488
-109837656
1655749765
1370400156
966694677
-1779031797
882312794
-118176875
-965580398
1484264714
185489833
-121816883
353472430
1345950993
-1649300785
-1872000381
-1780908931
-1510058943
-1677494164
519892583
-1019359354
667922802
30599185
2010069820
98574995
1635504758
-762742216
-279724103
-1678352184
-1277907036
-1190426252
2078155696
886504183
-1680485484
-37418775
387823474
1461947698
2147472167
1075787261
1557255536
1048562080
-1046167095
-1422708401
154155557
1582021780
-640604679
1918415591
1870558771
783662555
439431689
812600751
-1513234740
-102128811
1779057954
-273418718
-136601517
2103969990
1918695563
-1092894653
520935234
-387333906
314850602
-1773664049
-895954099
-304036906
1592413514
750222773
-1619924792
-1578553748
-2102102370
689617349
362771525
814884690
-1110245243
-966105176
1858204801
386907378
-1368214897
-1714937840
-1985716608
-1813770027
-1566458049
1242724143
256643061
1453286453
-388884718
-307761812
-2127887385
1706809808
-1509988416
-1499744428
338570642
-879558402
-1549841471
1650102478
731651466
1689812485
-1528402414
921505683
1062622502
853959596
-95050184
1223174364
894561307
-983756275
1479430276
-118235556
-868062106
-1822314833
144533145
165365360
-541325201
-593262124
-782164949
-1348967532
-1430220949
-1493039858
-1230699511
-402555111
-16989183
1991364375
-703790756
-169542892
-751699664
777619682
363301168
1656475545
-593356433
1034627053
1191442484
149563177
-871203819
-1753175591
-1624112963
-1945579928
-1856230149
1507323195
1027306768
1965648658
-288978337
997376948
-1443237408
1102229039
30629131
-1583509186
1245588757
-477039226
-135147851
904924361
794225870
-62189490
1291838121
1157690886
1449257641
-112059605
-170371931
-2059479935
-1934547135
-773937320
614793731
-575859723
-348950024
-1659068128
-1249099491
-1335488037
1148659957
1569368466
986827500
834138179
1422554480
-74918028
1709841138
-1413791257
-496203732
2019431287
-1450612391
-996154499
-386426299
1404732332
1168483164
350066252
258192939
321960502
-67828250
-2026164222
-276919058
-326722751
-672579976
678982596
-1867195461
207236658
1254176335
-1802246011
449717670
-1851404769
1229581253
90652826
1745077673
-1888326271
-1349976585
-286644594
1021877484
-1614946008
1695665831
-367754445
-2010717882
1753638510
762338916
-1655271175
-395456509
-179578705
-1188870424
439242882
-1673443097
-1217771016
256931776
1606890101
-101083790
364442366
1291229490
67766929
778166374
-1693209008
-1508427430
1817223173
-1706548858
1797550800
-1636554858
240217855
322535839
-1071283873
1144824355
1309503363
634550987
-626247209
1840069128
802354557
1622817012
957860670
1299157298
184942104
-1965752681
-834784457
1052071648
344948304
1571918282
-1448787781
870065728
735741638
452064639
1849462281
1595812698
476008658
-927993078
-1704417829
1185788461
489261278
-2115880992
75417561
-1428683753
-255301135
-1932588127
-1126956974
1202599801
-1477673334
-1897536937
1769572137
1115215258
-924837201
2066304768
48994829
-668632372
-347806908
-1025041847
-342407700
-483666740
-1286474080
-401309284
-1318136919
-279338130
1467189853
562094684
1477168139
-1765040263
1743131247
460412271
-27736327
-1219269681
-1493940873
-1755578628
-1414759964
15267025
857772633
1537349237
1625471363
1590157825
-1208493301
1687415511
2039964358
-1547698712
-2016114512
-84252880
1936875267
-1454786503
1974881508
1578490721
1152595830
375268917
-1547426727
934939941
723381224
1227105617
-1236046174
-2060724911
-531496788
1266320407
2108174159
-286995107
867170258
1484870985
256887865
1755697442
1803594135
-1228746421
-466035426
445208805
1918185498
-1715574334
666886255
-11341933
-1580377515
1419703159
1326573928
-733394610
207477322
-2129720703
-54289567
800898600
193897084
1454183587
1670121060
489958701
-759355744
1808958962
-503826178
89557926
250966932
2105035707
-1729782950
-62413668
-1641000304
-734232157
-992057461
-1483551589
41151387
-164899570
-1202400472
-1658417737
-80241857
-1036830012
1601093149
-2087677997
675475327
-381363502
786234048
-119979744
-2142568439
881153710
-1823046878
-1118633244
-368011865
-981152355
1208037287
984145532
1274336507
-1076280487
479642329
-374012252
-1021222805
-1197060883
1907252856
-2090358540
1941710169
720906212
662681045
1183503277
107890839
-1248419934
-1695116961
-440896587
-1610029542
1649829136
457340798
581152480
361338860
-566903681
-1736995169
1982275184
-1402210201
-1225022011
395512975
-341987873
-1403743329
618586796
981911308
304357851
-420152288
-13860979
957659545
1673366417
-1664092455
-2143567305
1786549394
288697389
1954542166
-646470892
-1249203841
-700674911
-1248772811
438580366
901302444
1810681254
1931784146
84450478
1174856696
-1128369152
-1801011900
2022475014
641370861
75183365
-1355669619
2086806737
579965969
752977759
-671837428
-1111209640
-1444575365
-1528169456
576673078
-1042153322
134389416
-1860525130
1934908037
-1014511074
-1831965298
-145423344
1863599
-1750044100
1577552114
-1538301504
-201213413
44432219
-332874250
884105810
-986887280
788347301
-1735414027
1675643516
538819887
-281213712
2024794515
-2030347097
-1678244445
-1263786792
1561905679
-1340793938
-1336738154
-1345365208
816168922
600339940
1781615974
64172157
-912930963
-1625482149
-656104680
-608999635
-20959913
-189625757
131106700
816592996
2011819669
454394193
-156097550
1000325008
-861910491
990575745
1920319612
-1864615938
2117228509
1070064029
-67507883
1565913285
-1465075592
-54726370
1269526225
-533587230
-1185434895
286440210
669299940
699258276
1885950739
812227616
-1817311784
591338826
614620497
-1892809015
723770426
-1836875798
-207213614
-1894671120
1570986005
-211108717
-565524272
-499262053
455889762
-599150410
-165684702
-1445106949
762038718
-228313151
-1103089130
1390750889
2094565213
-45948660
-831841916
1658245682
-898149570
1024696312
295675679
164264405
1048250528
178444885
-1572489202
799375242
-1773644876
-663979772
580214202
474003526
-1330903661
-1306861859
1772541161
-1650418307
-527551631
1019472338
-1314760180
1082535144
1817941267
1284661844
-215453996
1724350600
1174525566
1452047605
1786799370
-1605672215
-1678585616
755913294
497304223
125002667
-496115949
-1919323870
-1407298814
-1535889346
1284358256
1829301955
1545468337
752104684
26001441
-1504994892
-1334928877
1095027228
1134039754
-1648610673
1649715331
-2071301676
94805962
-1706438871
1040332975
1047325055
1414965676
1948306419
-1986683613
1844450288
1847134691
-660148318
-1834357728
849543078
1479013302
-1146903278
380272050
-840790703
1127379577
-1214812313
597145345
1858173588
-1148905731
-1714160523
184334054
-836774644
-1341421495
1142454625
616216513
-526902895
151907209
1938558344
-1807205751
-1584888901
1044928326
103456671
-2041622748
165892520
-81148457
-1839838950
2138541560
2128150523
-85247210
-1031660591
1021155009
-2078555609
1678184791
-15655455
1283664036
-475284756
-962354794
-1127309360
891299716
772782369
-1425818897
-451718924
-1569840491
-640254796
927112530
2147268116
1250766894
209242095
-1245156490
928179791
-340118814
1769259260
-1153480691
-1139625412
-193209392
452945835
-761228742
1062246738
-722665926
-1708055695
594867519
1535848842
589301844
-950096461
-1596375173
868869442
1073788254
1721752644
1384461458
-1940968604
-220836620
-1801842644
53530349
-210526777
14287780
-860074837
-1803049883
447844821
1903841473
1886861949
-543071686
-2042685587
1612533110
-1227121826
217158729
655262217
-1363054307
-1716653617
-821023874
367779875
-218284335
-794402534
-1142982778
-252705580
-1244415935
-1853879916
-424966199
-1528297538
-807622201
2079024418
-685103209
752508716
-610458696
2007721981
1946282400
-390006665
-1998736131
22899129
-1762527575
471986859
43072226
1541937794
-602172547
1403445097
-1632085459
-913438551
545886753
1751952910
299562354
-2073789858
-853466550
-2033933036
1332884645
-491282497
-303385325
-1765732936
-483200527
1693540625
-1722226710
493778397
-1110335545
1479036236
-350311733
-1069241296
1473641529
114322652
-511371855
-9905525
1873159559
-396362586
-2042322616
554459806
441836538
-313109176
-1410550042
785014988
171982064
1999864485
438291388
-140510894
-801201352
399724448
-1533445304
1413075886
95574175
830917158
1851217166
571697214
600429770
-1653374094
-1969991290
579535910
-927644346
-1200615285
-2083380649
-539515017
454720221
-2079748335
-1121267258
150741388
1078581291
-774491590
-2032638616
564465591
-1480911504
-554361834
1938257951
-1852464611
-1888359002
215746330
-1947926717
-618575138
911739094
-141065253
1747365662
930003832
-459622489
-2136289511
-1353665890
-601697172
1274041399
1023968255
-1460491707
1993894690
-611165139
1282256552
1262560868
-776730103
-352937970
-50527515
-871362425
1471221506
337830864
-946848963
981841971
825740286
-1877185364
1947329588
10843854
-1201500699
-827557832
1636964304
-1974722850
-95310407
331483316
-1746080424
1378331254
776802299
1901654691
151101790
-1881744148
1853077069
-1572587619
434485760
-67843121
1721780056
-775767453
-1854952599
312443671
389263599
1252171827
-2060926818
-632801122
-1864021900
2683742
-126989193
512672463
-1228272262
1480088343
126248682
-590264676
-2101677396
445316236
-1712538993
489967797
140267756
-914302662
1751131743
-562639370
-226039618
1598373501
1552037823
136877856
-2013981209
-1155327386
-312098627
1829864395
1562188113
1342786000
-1636168040
-503170917
-733242063
-1950534731
1897170053
-618191694
-392177813
927679933
884121264
646537829
-1631785420
-768989672
-1154834048
1827696433
-585465095
-880890228
480344351
-1911361809
-2011658369
-46398255
1065389369
-1858867641
429441354
-54762468
-1693545214
1395480674
-1155358909
-1725666311
-1006995586
-574647325
1119634836
850135133
1633182716
621378326
-1880230954
-1006287109
310628067
-158653590
1175660910
1640672726
-78418256
340338716
91171892
1348724503
-934881986
-1647481803
867226964
1751701024
940990792
320702390
1760282745
1903716832
-2020457428
-359771120
1573615911
351912040
2017828849
350178265
354853480
-1835831362
1310654859
176140733
610276522
277743601
-860898467
1955246770
-848560665
672408173
1973937150
52885359
-786493434
-1449946480
-1739784897
214522142
-622909055
-576156804
-251295892
-1650348721
1847813191
607440686
-118225710
1467211056
-1129599262
-2100151601
-1405079167
126794747
-1875487780
-957266870
-1839893677
-38448977
-302247073
2078883102
-1840658900
-1159297278
-1549683941
1397321332
1997580418
2100984725
-19388309
1259823732
-1622029281
-305408151
1758642362
-73929005
-739012827
-367595887
-11736029
-100281168
-1830452909
580884009
-196112809
812779936
-1313375866
1615455622
109050307
-902365689
1229848449
1877038766
-1279198990
-785812311
-1714614800
1796012554
1905297967
-1756971136
2145284265
-1096371879
-1340919442
1682535887
722027317
-2091473432
1348994155
-1014302857
-870034545
-1917620737
-2098277101
-30846584
-1287295701
-902130274
1490820643
1557026842
-634662855
-1099137431
1007457807
1693321566
-1287366358
1326566112
-1564177372
1679789551
-1706419085
-1868576558
-1054510096
-761959827
-898729328
-2070638829
1642480353
-923879860
-484446133
932889196
159482923
1860463593
-399038659
55588306
-858372369
-1259133474
818285205
1707727323
-194557287
1012063638
-918756329
1528999789
1647709577
999522083
-1772763801
-1090866760
1609409013
-1135712690
-1233731193
-2136609947
-940872436
1556748527
-1421886818
1679502095
-1812843425
7262847
889243643
1454705394
-1841947268
-1866484501
975337560
-1328594975
188122076
930460330
-715557790
-277519491
1522845950
-1097431535
-1156364936
-755520093
585466579
104024549
-1725807437
1670205734
-1305760676
-1776318670
797636134
460550078
1057209489
631950426
1991595110
-1988961985
-1604401276
-1049353872
-899100596
-962196979
-2138305082
-787485242
1512179961
1778130126
-1693344247
1219371716
-356679654
-2104712351
1077603590
-2022195205
-1553805716
177969935
320767905
-818412423
1414536322
661385216
524960586
-2041126562
-1981946939
150094832
-61370203
124748207
1024408508
-278860766
-1516252052
723975017
-41732210
-1902028140
-43849068
-694911527
-1159718972
-128031117
321927086
466456874
-1776724910
1468409809
1199893648
675167039
1501414103
56711828
1083727924
-1365369405
-510960349
-540443471
1887019999
1573970301
609905658
853941146
690992517
-1945009432
-364242409
1382876405
180352107
-1683139582
1018475379
32001677
-15418354
-309541020
521278662
2084596109
586697027
-216704878
676532046
-872958741
2012630431
768681364
-576142130
-630701279
993580312
-1929507387
1637302233
103532322
1469800939
-1729140246
-1033712561
-689906549
-679910719
-2025148027
1440470056
-1207951591
460023565
-1965514389
-2038086544
1755759963
813217207
724154260
-347226478
-631000408
276376062
-186247118
-1479271976
-1737542574
750615193
-2138165244
-608962255
42262043
198332192
1408411627
1272936757
-568706585
1368704938
134184381
-1378403738
623132339
1930779318
-102803880
-773698631
-431439163
-131060402
-1858511622
-612648620
1316511013
1099975017
1318929360
1313063831
314600011
-1253747056
-1168754228
-1105264032
-504616935
1013561541
1444342203
-1156712309
-209249013
-1949222497
-1602365802
820763575
1413627564
-1768513607
1502783767
15438927
165710667
903927885
-1336786289
1922447816
1508313838
-610363621
208185590
478056231
1637313415
-2004774769
1368727619
-1240382522
846965861
376484386
-450493186
-1943929770
-264467219
-1170539265
1589591058
-44996569
300135049
-808786198
-1384690713
-496441689
893762015
498361693
-159092048
1301053735
-1503680699
-1376385293
2087996929
-773047067
1228302965
-1268269302
981329827
145361222
1652451709
903366562
1747401643
1194970722
1698449144
-679199349
-76248119
1003839430
-2131798142
1805671103
1013519325
771118964
-269911448
392327948
688255951
-10216146
-1350612577
-678750474
1852662431
1317314035
1190581495
1546387674
396197562
-1736280118
-305505136
-1048203178
1435979663
1237556669
-784875892
1150867432
1425788002
-380127192
1936493574
1286504661
1802632288
414565683
1596586305
-1176237749
-792296462
-527123044
1622875428
2046189769
-169462955
-1641856583
-2083834906
-1302714690
-1814402454
94278333
-1806640891
-10186896
134702538
-930522055
1520331899
639841055
509200669
-221834778
1056380724
1337928553
923925164
2062083489
587932346
1277829872
-911137741
-1958372938
-1229613007
614087481
-1166742277
-213535904
880827018
1329851607
957104424
-18755184
-1726795789
1527727560
-285164977
-1377227795
302345869
-839374306
-134906549
964853276
-2083438495
-106988831
1586864465
-726015168
-819809645
-1584576717
-468093888
823289284
-1968438312
-1006474315
2129342525
574244695
-1957960155
-1690680279
-462883201
-1603451592
401188776
-672967847
1397433190
-1073718093
-2076805381
547358006
-1122807854
575067114
348272279
1808723779
-27683918
280529624
583373702
-756272333
-2062361125
1262344339
233460572
-271325231
440694042
-2046461744
1903562087
-1236816865
1598420620
1452101036
-2016754907
2107099330
1593074988
-1697711703
-1636561930
-1586330724
-1639047507
890082806
-584136686
-1142781510
-1223112311
-892204814
-2033938756
397382513
1739559001
1383579891
-764195913
400729795
1713978983
-394012862
-886259719
291609606
1072370049
823975786
2122373534
2091632839
1253463311
-2103843150
-1698621665
-1577323285
-1500767641
277047271
1243244995
2142371351
-1717329312
583612254
843467604
-601305775
241519653
798796600
-1924465898
1329824487
-1473962677
260998119
181278196
-817431409
192231204
-544974607
-1040450052
-1908205105
2073677141
-485388813
-717634291
-73309538
-2060619355
-2013522967
1509854927
-1364921269
-543307496
-1183483220
-1416847902
620877982
420871740
-216721733
101810265
1248865084
-1276279615
-249020611
1412960105
-41832113
-1626930609
-1313216442
-1565641123
1900463974
-51089260
2013470041
248231117
-1128674919
-311243621
789192749
245780494
-558474768
52488036
1749954484
615720940
1504979204
-1854264400
347749208
-421780842
-1814879001
1985441051
1224279687
1676387289
-935251392
734336112
-152469391
-2120219759
1558172602
471809336
-1667607536
-1126467749
1284662175
-2007394156
-635440024
-1954782321
1644413887
140650828
-1962366704
2008369005
-1304647786
1424698663
174481136
1450883221
5364909
-1042692228
1503543627
-653188676
-167496384
-1906556664
-425042177
1143683228
-828245728
-58461950
377085963
-1733992660
-1139539749
1533813613
-1210020014
-1309055983
-536944871
-977760084
1397669022
1078548052
-1098728376
264976987
1737931495
1989632084
195741819
381337947
211123923
1688985085
977758095
-2146465489
-303554176
1317675577
1090288527
-1008780154
-500151423
-1402495066
1124036953
-1539078376
-1694118873
-1927255926
-1281952895
-1482549068
-1764499199
-983614973
-802658444
-1006025318
-188419675
106858114
-88237856
-1169827835
1674036143
-1148505222
1219442515
210495244
-1125815543
1839791699
348588578
2144716458
248478316
-1616659292
1274478220
2109302043
-654165977
1412950945
-1645186018
-677009047
-665920737
256918226
2042194776
-1853970619
1096684566
-1986183674
1880324752
-1045906406
1207658287
-70856058
73575702
-587208353
-805430863
-538459252
1325445272
523894828
-1767065589
-16430603
-339020600
822571536
-976979945
1009582902
998285627
-835724511
-199361630
-1425122420
-663779948
1814337875
528299820
1803806583
-2059573279
-1101724403
800227563
-2116788120
-1316137660
1177886457
1628376086
1807366328
-1172907819
-895432933
1536119903
-1346635044
851393734
-632106715
1363295680
-1236342825
530790856
818448904
-644092806
903907567
-134104914
-1721793842
1020238170
-1552209757
2044627535
2063905958
-499390915
-326867237
-1321322065
-1666624960
-1146521897
710171745
-2142610336
-1859986853
-53227089
-1453915761
1891632422
90259355
-1615803027
441502794
-1996473127
1866414495
309005911
-528828114
1379181967
853414738
-1471653863
1773745162
-1619481607
-1312847231
-1157843004
1249153934
169470733
518362286
-763901416
1540430915
1929946597
-1083630301
642359814
1953480378
1203469286
477499465
-1584327825
281019656
1196931877
-609466310
-1992464846
-1551965327
908195077
-1966461293
-2004241051
-2004524958
1464908068
-729864305
1228439265
516245412
-761947529
-879682991
-1334171901
1098996943
-380706125
1348577920
919696561
-944652036
1100388334
-258672872
-1258993253
1650229182
-1450592122
-94047617
165616323
-491423919
-982724287
575252438
-1825968834
-833089516
-1107209803
-347078254
-119678149
371226420
2075214570
-1241651894
-184523452
-1705946967
1835877437
-1204045614
-1241377852
-267512730
-1854737786
1202234503
900082888
402754252
552607101
-2143279380
1418297865
-1215620001
802778969
-259207819
-113665238
340060347
-24024391
739059363
-1726103491
-396371768
-43588920
-517127856
-175658869
-193847252
1488998811
-746042037
5886356
2082988545
-1304710948
978006311
-1777483180
369945799
-1251952467
-422958768
1455734472
245481884
-402806586
-35077026
2041687983
861756074
1025834975
1226100909
366166677
-27237152
4506965
1451888429
1692501516
-1766465308
-97105657
94224245
-641563076
-431464633
-1230013055
1076779294
655207838
-1787671558
1802326108
-1488648626
744353284
797113600
-1241471772
-742673517
514782684
586774628
-1751264005
-2053912335
-1862142540
114369901
1374215228
316071997
2068494848
1263262993
-88698525
-1969484628
913186075
-1285026394
1499304427
392267686
421991819
199812575
1555547128
244569824
-214440823
683784949
-811625865
-149373015
-694081345
1360338468
-524138621
1732615042
972085587
-1341434536
1012082954
-2129796620
-1890095836
-724882648
1623276464
-1297089634
-2108575150
-1323611645
759943154
938717837
2107251203
1004639912
2020621710
896455632
1023179876
-166117925
1995272482
-1854286262
-1630299922
355428693
2025861139
1590139593
-945301782
1078054907
-1169869136
-1875863209
-606401994
1304008019
-623078250
628297680
-3850167
-1485820877
-1170478251
1118766516
576903539
1144205498
-1336708269
-109168322
32797289
156724612
327412464
-1879750219
1358258689
-447053799
-64891925
-119753983
1557516089
-1063923547
-47930621
-29004160
-751721603
570216686
-693713439
1837518106
2114837801
-150227327
-775576780
-823370094
272238155
-1632951249
-1128335074
-583402977
1753994158
706770615
1142635982
-558547909
1502031891
-1268143932
1888151149
473959865
-748341311
-488701415
1259780158
939591709
-594483136
-1193015798
1621198848
-440022233
-1462204320
924079405
79432598
683448241
905907328
200308305
-1598971415
1974223802
2101934860
1675213487
146748685
-72426559
-1454074553
-1754549921
483629730
-2132507305
-29013942
-1254826483
-431286660
702117615
-1404655029
1169663724
-686955642
-1296885512
-1981052894
-105402902
-762059038
-169499603
1764869897
1919355172
-1395789483
-2039164629
389815971
-196473189
-535350558
-388534973
408874815
2145363752
1482146996
-289478511
1479391325
-1719182163
1890282816
-1803472563
-1811221648
-1946314867
544080554
-1141608352
-2037098779
1767489373
-155119768
1433500474
1466025315
-1258212645
-290153179
497749730
-1657967276
-524465378
-2072557081
-1957353394
752868516
2136071695
1401949043
-344388108
-698151735
-757795817
426132719
-469246304
751545090
-1277188839
1417876169
-1694058104
714612962
1941655714
440463576
-489892963
1354309903
2116920671
-1068687680
-360903133
806337607
45689807
-542087527
-1033248125
-850836828
-1471199176
709568978
1336653663
784430368
1288431582
-737486765
773780199
-1751659686
-1839051406
-1663224351
763387498
1923928473
-1280986935
700977607
313765680
-133635311
-363878963
-1999481679
-1431746426
-411188123
9535160
-824866598
-166360295
-798432659
937237886
1981628521
-981645945
-795592392
233105546
-483656168
-650110413
1200629588
140105389
-2142010345
-360518056
12628300
1021953619
-1555518161
-1519798688
-520291983
-462449673
-1212599255
-466537610
1296560093
-1050041384
1768689007
-1968277927
-1558872396
1105384172
366687988
1942174579
402634413
121963285
583017041
-2085391318
-754729008
1380693650
-755360464
1144623477
-1265200511
-641700169
1472748525
1727816625
-111297348
-418266656
-1882748295
836936628
492353441
2138135715
-1313011838
-1947371230
1460375859
-1573625276
-180867632
302289407
-469504420
-1326129043
-1196142606
246652805
-1373787852
1386891806
577522201
1065503800
-1954771070
735718882
1622855235
730660663
1183122818
-1436443837
2129710747
848691411
2138411240
-1502942338
-566384097
-13904795
1658818596
1932190074
1306197891
1392171867
-1352818200
339432694
610814548
925734292
-305495834
119069954
-1400852895
85988078
1780701150
2125213104
1649907030
-488609252
74240471
404692234
2110718632
-1405138756
2023910060
801669958
-834354760
-1580142424
657179594
-1040618952
562156082
-59754869
-1664351946
-1859567609
269072055
-489007689
1169912533
2024145187
-1128429125
-2129416906
-1948512793
-339178122
-1499398993
-1011697122
-1879213356
-1526948647
1204659553
-1389370583
841857835
686753481
-1232912989
1714284932
-245388313
-1473490598
-1962297045
613946087
-1887377421
-811287701
-922462791
1034969317
1621937903
-1909836262
-1289549442
771320197
-1027427276
-1118830214
655487932
-326327024
-1165919723
-296034173
727495593
1730626860
-324330136
-2090067894
-1544173159
-968562391
-1328089788
1493216881
-93297061
-431963238
1757522699
-410936608
-553825054
-253033177
1985359530
926474420
-182343129
-343301983
2090543903
-1110785417
1026099022
1830337623
811908923
848397713
-1212040697
688940199
90341033
976058623
507868983
20599767
-417464530
276968258
2116414422
1853612837
-604080591
-562742375
454000666
572881180
-1633015170
1834062449
-1613584171
949618985
-1603879354
1610009884
1816554266
2016835693
-2119854742
-382617407
-1403193817
1032453075
1559878648
973584531
-187861122
-1922186395
-2004225803
698176325
-498823852
-1885632805
-85575332
636724157
-885064913
-2042116235
-699687066
-2009095929
13141194
1514003210
-789036532
1549365644
-1986849989
-2075585441
379394249
1743863171
1131972695
-1919443780
-1369469020
1461335206
465298517
1987629756
-2037751955
-275530967
-1400594000
111297125
-1556273594
-968625689
1079602002
-1455191433
-195132315
1507200478
-1592946450
-488455416
1896661271
-1918749987
1894178221
1551907152
-268092409
539739515
1089975564
-1206283071
-46453056
-337745845
1896061444
59881819
-1722121617
109123661
-771586966
1501821757
1484504557
1599741094
1455007896
-1730250882
-166047747
1953873299
203855181
-1383553475
-307316271
2016212635
2011417553
-1692894730
2103598547
-1742170108
326907484
-672554985
862647969
-1980724345
1259675832
-535841070
-1829242280
-2049036218
1915524901
-1512731595
-881037804
457441789
-190558340
1711848055
12840375
-418644104
1932492950
-1166920301
1407839210
70353988
-356758546
-1311662566
422997601
-762148439
-724066940
1941597509
1297336930
1742701271
-711678460
353324617
293938567
389040222
-395357401
-523683601
1656602305
423085795
-1825346983
1836917091
1324696480
-1737005808
-630707812
1810649419
253081042
-2056366900
274371243
-1961312741
-693918487
1573929900
215925858
202895527
352960609
-225304920
2055407196
1886671353
-880998944
-1705845487
611674845
-359272092
2113867711
-1148090686
688335602
229185497
-363313207
1132521877
-1513676585
1795832952
-583269823
912044569
2111767704
-341561751
1080345897
-1003824255
-940224774
1831241709
1687633857
470788830
-393222501
2059910831
-329337267
-133584496
1863449431
1890018656
-264378853
-1639034118
674345965
1562014338
-1757698620
-472422028
392729058
-42688382
-1889352271
-801364347
-475287644
293550860
1967191265
-1930380719
-655934221
1392438683
937995752
-1397109168
-1316299396
-626038962
213282874
-355926208
-1876243002
-348854270
1129957801
-825064868
-1290538415
-1712256356
-1280904148
733702606
-1460718340
-827760474
197004257
-461161375
-126692185
-1698450659
-1302257324
1845679226
-68777192
281345160
2132978689
-12207544
-30823134
-100831156
1017782551
-1662882502
-1338463997
203236158
-924536194
688476337
-1239316722
1746020730
-2852325
1497968630
388845705
541736306
1074828626
260279662
-1191280424
-2088811447
-668142388
-1267060468
113435866
-1009302687
-1570184071
721594886
1855556754
-308962510
1550815192
176404427
1312011018
-1239114915
1139148405
-2127835597
918667379
-1994669056
1379304627
2039425272
2108410512
-27768756
1119945931
122626660
-576243883
126002771
-896181228
1247002956
1622238667
766863398
5990532
-1287933380
-242122442
111567391
-1705897354
490086387
956424824
217383546
395716269
2092769041
-507272265
-2041215446
493767832
-690052850
-35304899
1970939626
-915825449
-315809170
682601120
1779996305
-1175282691
374376498
-1573229790
-1736746070
1624284567
1573052561
635160666
284418883
1647170413
1976302311
-1447198701
1601920005
1599638791
-1333130514
-1239742861
-904024444
1792699250
-150680789
608921951
-492099880
1541967172
590074538
184256030
316842860
1708914396
-1032318484
2082698556
722427157
1569831662
-705451232
-1131654992
389192806
1451665214
-789931631
1651095616
-1753026494
612006315
-994452384
-1831028700
-477120079
-2136809106
760879218
-1955858967
1156653303
1127665827
983426475
248989592
341428194
1201594889
1022049115
-630515433
-882848412
589289221
1018867704
1280984014
-1817184672
262173164
-509706226
317406349
2058031048
243019905
54431858
1907342252
610459111
-697783620
1540743101
600589171
49753339
596351437
1536236280
-2100877124
229693190
1178323808
-2047522412
-1498611241
508941029
-1547205343
-1183791972
416456621
952541345
1497308289
1688726829
1012593959
1645586180
1793771194
-802007515
824807632
1983796847
1073669393
227824921
89164984
-676649749
2039632218
-930337139
9640091
1863759741
571371201
-1786162850
-1820065213
1581632701
1737032390
-1969793661
2052710442
-102974295
2079595145
242070004
1493746274
527212982
1108377671
519069161
80448953
704741160
1372816676
-1669541561
-985307880
-1841563486
-759618774
-584968105
-1492794069
1956015872
713538449
1369042616
-121620922
-1575053724
-1952778944
-121367146
-701319034
-1293297266
-887128173
-859547364
902057527
-1893982607
1577172319
32962855
-359184267
-1598177278
-152200142
-1829344965
-94291435
118935890
-1864492066
422091706
789886149
-1324155425
211765816
-1241953198
-24693647
-929916122
1150138141
-381026889
1879039208
-1178419332
889889973
-1527275886
658632127
-656444899
-1312000005
-153024072
-395308939
56641669
-56152708
-237447777
-564927273
-121568002
1507907166
1973430029
1869049765
-1071838598
-1662885468
1840216849
599019382
-1947354718
1314207151
-1586652106
-797516840
-911668434
-289251833
1036269302
481399483
-1728119946
1859146075
-1962622611
1304393742
-884368567
-58158138
1913104974
-625325142
-525542915
-69289645
1671103258
1668528495
-1432331065
1816562883
888478094
-1844516948
1282340684
633298573
-1775061924
121243588
383555959
-1986609115
-466622690
2128465165
501008013
1317351296
1753592199
-938283525
-1554978435
-1997834536
1080417755
1166807933
1499929212
-1893743444
1890701984
1705302694
-1213781551
-1155153910
1782598549
-1322464112
-532347923
-1357046512
-401527325
-1341165444
-315833666
-865700433
-1855067246
1365826622
-1901199292
657877682
-957863362
-1012373801
636567139
-716484354
303014153
-1621532317
2092660731
-151392485
-1613536813
-29099467
-944689355
-100004109
1007813032
-15290816
831229216
237234136
1696552058
1575677112
164062843
-1894013749
658354191
704499960
830421460
-898069766
-1653347780
1394611878
849246929
1063879818
-972519853
1273932820
-777142579
-1825500265
276678105
1930921705
-161702234
2083451256
-529428356
1678024448
-1545117228
-347218361
-1619040445
-528403569
-440154434
-1828690785
-1083058425
1200340619
534871112
1818203559
-789307871
-1278657973
25174192
581632335
416020836
-63660693
1734728090
-73830695
-1850815411
636465394
324983144
1272846747
977574009
-53959497
614426063
859731458
-786532266
-1017510400
1680290727
-422526246
-1970433763
1642134635
-1965151231
1790700235
-375214081
1983901969
-1039143298
995457574
896403102
-698219545
1936499934
175329
957987518
-896142488
-1861551145
890099936
1072774460
-1245881744
1766872359
-2064533386
-384656322
1737975915
-882800916
-776971990
1353073835
-1338214482
940555315
1004778173
-1454577955
1565664804
1851411150
-1819137429
792359573
-673852371
987206249
-558791055
175136303
-1898598974
-874235681
384243151
1576578326
105816540
983128009
62656591
975595897
870837270
-1619038376
-2073464123
922191166
598414480
587018852
-1798382697
486495799
660703767
-1847689276
-2141443201
-1509940845
-231785854
927014111
-1276252529
634219158
2039729502
200934787
1629016437
-277350260
-1418566451
-1184930571
442541824
-715143174
-2007365462
-678392760
-325336606
-203990249
-397991951
655784434
1988863671
-2134434438
-1330078626
273467036
-1732224442
108449555
58309715
1236011832
-1922314235
-678548897
-2010413314
1443632216
1310670050
-1111672361
1705469626
1451587262
-322678208
-1500507991
1845921206
100620591
-104815297
435739306
-290467628
1206880140
-883833280
2136373130
797492435
2107646754
-837497689
-9628344
-8164945
1722778688
1284791010
1059683816
1803952199
263463177
-270246230
1197411427
2102404672
-1237873268
-1107095159
-331645729
1556608041
1624828177
1881865627
-1691677664
-2058429985
-1768403787
-1950741864
43686461
-1266189005
1448218425
-535963887
-475216746
1857232585
2022306326
-1695161863
366095109
950257986
-1626108972
-2141173657
1451512915
645910173
-249134181
1894652825
-1620711955
-344639526
608334346
174625595
302129878
-415102240
-735085754
216047593
-309271073
-1654617440
1537603158
1406575090
-943486186
-856369799
1022932398
-1537193889
1760722043
-359954978
-1950169847
-1675699149
759846393
-879806155
-1756188549
-2127004685
-753740652
-782950142
-1902466874
631966568
-921107234
486474308
-888268565
410508194
-1293327185
1081296671
-2058714876
-644657344
975039508
1368524474
-1510823343
309591791
-540069497
903358314
1006667919
416358960
1182211424
-871366897
-2126291824
1675116637
-24715125
1237390782
-1291523064
-1977717267
-707190149
-1727598944
-383130972
-938370570
-817587618
-879690983
1590603872
-1477267469
2065860498
1057758251
-1113360103
-441871929
1591721303
-396863971
912189793
240135681
1474704836
1542691415
-574028654
627193441
-2003279873
-1389573232
-1805893595
206781083
-201941592
-1589616598
-276004796
-853202086
-1189436523
431113948
1151912348
-910849657
440119748
139391377
1061534840
1075299786
-1901472115
-512251249
-714330869
1689752656
-346181353
-453208101
61369612
1566980303
-979540212
-318172964
1741429384
-920514874
504283536
-741529026
-1946318861
-677916151
-610687634
635018265
-909307521
-1521390724
-738370924
1590781521
-4590672
108938782
-147958079
-1704536257
-1743423696
-830640055
-2118549636
-1697654640
1607239135
638717239
-322627769
-1841846675
-2087912146
-1716593976
655804948
-328051492
1799180717
751685505
-1391883016
-1147615387
-1676519455
722801880
2094351646
-1686503688
-503822757
1683677614
70609405
926474766
-1363065595
-2119304932
-879028531
-667163891
1641881022
-1214197391
1424637750
-402249488
1535304233
292661115
-678888630
1575493159
-1016161598
965345798
-461168971
401574331
-2099096783
309619105
-1426878669
-362965323
1824200674
-1072736089
1644695105
879455680
308263125
1202759549
302737943
1519142157
-1973918286
-1889732328
-1943189036
535169654
45840160
-462754879
1216219387
1487408101
2139945302
-115207652
1040733726
1467564535
-1863070735
1667364965
-1319532328
799940827
671116040
-2074232323
-1251679489
-158329984
1475261821
-1757615323
1891447066
-2046884625
-1232255851
-1438983416
-1729921519
1951898612
-167106357
-135695874
1713425955
1997475076
370024416
1959604238
525079835
-786454950
1460443190
886837173
1430051782
-1032881566
-1304423074
1421955301
-1128380257
-871576485
-1875916305
1617195088
48070604
-1934482633
2014608025
1397870309
-441872819
-1547819323
2034237049
-1668821606
-1440066446
2095688465
-1374949202
1578328428
-893967474
-691499510
-754358485
236151715
1982661353
-674739355
-25902386
-899014054
1812975610
1395223233
-661787470
-19335874
-1700745771
-1751176180
-1364814656
1455020694
94861282
-2045569500
-1916975732
-2075697022
1045703631
1723878337
-2020253346
-542941561
-1585938745
-944452975
-72786803
-1278131382
-1465314845
-804980572
1700120851
-1209992549
-1881605664
-1327487990
-814676130
1792257973
184126994
-277161798
-1133727644
294907843
-1588350311
44970164
2119896313
-202444634
-839970351
1803125354
-1526452636
806682613
1085208846
-360312484
651918383
1610833477
-2112631671
-2069715711
627034942
697961129
-150255980
-1759041043
-478326238
1027883644
1915287061
-1718697681
-2044064082
-666715811
2000924721
1167647227
703230155
1930612090
1561061703
-1859620472
1953848968
979254289
150612255
656536891
495707509
1838357044
204738147
1022903045
-1769329360
-369355316
251237709
-1012313080
1920761664
1882014431
1393792417
-354214528
31225889
-2078672619
1876405214
-970812448
-1698187873
-630422153
-2098921041
203242555
-1312647577
-805260166
-620713561
1927802853
2100223706
1726904380
-2052095442
223589978
-1211672796
933375757
1066849205
1646516573
-504449395
-262910416
-1567875536
978229092
1605464078
-1442155295
1305463237
2058098739
390018087
342371226
1685434049
-846362682
-358990865
1362482065
-2034652981
-1812956301
210219372
568887941
1009625435
446760272
-710031068
-1663170886
831651180
-1746986543
1216438516
430681922
1023392367
406989749
-630310881
68187261
-1994881405
2011177507
-1413344087
806169826
-1016188957
1835732240
-141268506
-2019591682
-1769486433
-901039133
-429304755
668432828
-334417009
-1963877798
-622330223
1874905063
2065525636
1878554542
-454441998
337351661
-2144152129
1231494133
-173497393
-143995163
1549563558
869191623
1026087552
-1968654893
1693575092
-113362396
1583526754
-1740424150
-1032631887
-260949868
-764483534
353770129
-1460296157
-780561008
1682514334
1915782634
-76581885
1785938208
2078371097
-1164914033
66859956
795144133
1634647022
-639596578
19486256
-1214102632
1988214680
-790648841
-87170172
672850866
-361187505
1909862340
1930531966
-1100470834
-789970202
-548465863
-513846365
-2099696083
-207319340
1372600796
1883920742
306620857
-868061809
1115111303
-1540597865
1365608045
-465882592
-1466237587
-2118752231
887246323
1663623155
1812864858
-1726631208
33883790
-624196625
-190887618
1323826937
221756986
-997930298
238522603
-1756650670
-188210160
-1782175603
1740656669
-1944483301
954127343
-1786681970
1040552635
1024408550
1412249688
-1923832739
1264231772
1788487116
-1250089318
992490792
-1659205620
-1722511640
794532142
-863647149
1098271054
-665325303
1120545892
1096147524
-425751195
1720690850
-1703329474
19495546
276678095
108146693
-943265125
839081956
-805249775
-1556719152
-404944745
183873648
1057774266
33373863
-133482959
-719494687
170017697
-1681862109
-484479697
198107621
631585392
-1520282871
1883931710
-563862682
1409131622
1764952766
1431038812
-1672631008
1147524695
-872083462
-2089661830
-2079490701
-69366280
2121859260
-4921764
1356584826
-1694155943
2098784125
-66850876
1445154139
-526000463
505397160
-1456725810
755145696
2041740897
-1244639928
663506077
-203936954
14448947
2033531907
-811481801
-71022251
-1046202142
-1773160122
-1671775315
-380866384
-379320098
-950469183
241958527
-988073618
-731179697
-133268970
1272560189
360550120
-501557670
-548955444
1337532529
-1040718124
-2124846172
-544254071
-1641342788
1968813458
-1966101484
-1234501248
1844338750
1096338373
412216796
-828701401
-2048279749
372361510
-1220621640
-1254517971
-713477
-363532140
1804559480
-1218026325
-1254954512
1057204590
-1123488324
-43118951
-1447512034
-1472970203
-348685570
877566083
1599680951
-1789474804
316039126
-1771943301
1884749317
1458505842
1137351800
-1290475951
1021498508
530910962
337125248
-216612863
1069882991
-139545336
-817700879
1975806316
-642397678
-1937107225
-115797125
1823532363
99300608
-836107894
-151780100
-1498704544
-1886171121
322088457
-1756278968
461002733
-2055708222
1224105517
629047341
1075021929
-247133458
-1765364154
1244489649
-274016399
1223782815
2666555
979867549
866070012
-719473093
1942430689
2025576254
176623571
-323217688
1725915280
-1998024854
276574527
-1615895253
-2087009292
-1997376831
530461699
1294512593
93305376
1271326260
1657782156
-371633391
1875030760
-1250038325
355493990
62695666
875599983
541565346
705239794
529482730
1668389630
659386164
839384406
88035783
1419535895
-1970296101
251919540
1056732370
-2021715255
-397658729
-430999139
541813041
2126801734
-1107084530
1982121928
1910774925
2045858738
-1057272877
-1540459266
-1838736396
1771007037
-462006294
618171224
-715031553
530006131
-690139765
1278689965
-404447433
477992914
-415211482
-182266555
1718189748
-1016284260
-303678553
1760521169
-519218937
-1620326929
1300539386
-48016225
-1280316583
1958956562
-2090770223
-738395639
626628819
1863321105
457319844
-1547875282
-1479400384
-93774453
-1795209735
1724027364
599187441
-167150135
-1124323867
1456133356
2028566497
2118660883
-889342254
125066599
-1658930664
-1415735490
-200392575
-91885431
-1931017901
1245188489
-392440238
-1158691188
-50321948
-1032028246
1744626883
-1257149466
-329574185
-1946444766
-632536266
1658847677
-784495274
-2094598695
-111831562
1816891802
-1349888946
463817958
1968655483
1996056669
1774276177
-2033227603
854573037
659860592
-1410197570
-1394885842
14628326
1465230143
-437595362
147875228
1050725244
-2005706265
-1969310255
