219965622
-1281643630
-2089660719
869315309
1876300493
-1406852609
1033751265
1987144918
1730815563
948729528
1802790767
-2053617654
-62187566
371199766
668713826
970576089
-1501721939
508306545
-1646704653
-1371116812
-728798923
40500911
-2032201293
1748181022
-318922891
-2001746915
17819090
-1288427998
-1595384815
-626199935
-982075491
644173831
898628451
132961647
-1426947512
19652226
-418184986
1595510235
1734310637
6316971
1338491607
1922006767
563273428
-528044557
1209183257
1543123998
-1538334220
-1851462059
-1790691240
1251021945
-1599569478
1017810380
-115863951
1511749441
900808712
1684694532
1763761425
-1287066180
-271381889
1546867027
-335356516
-1318857140
879546881
-280148502
2082021711
993103036
-366832015
-967806905
1782582440
909429725
2084301500
-324075282
-1035885308
1639715921
-1281870563
-652107433
-1157196662
1936665766
1785737116
-1036925910
24709191
-827584858
-1114608425
-2078522199
-868954982
70571500
-164567804
1375340909
-504214574
-1514830918
659148597
818126420
-1152363755
700558346
277236446
1520433593
1954201987
1045913570
-1141269100
591257830
-1972730470
720759020
-222033641
2113576902
878546139
-852743611
-870285934
-2087712802
1122732462
1684781717
-2111525856
573500030
-1526287486
959122271
1678851474
-813006285
1183180088
825373081
933769583
-1548976257
-842547775
1821582207
-304371397
-1397707573
-1798002939
-41451613
193438716
-1174250084
6285062
-293916344
554528249
-257614587
1516642117
-433289743
-1144010556
-2068492452
-1993744796
2000652340
1056640891
1038400304
875898892
1076605907
1710545738
1887579513
571545360
2135447308
-24974285
-1042633455
819133906
1177367855
-747546095
146141539
1135651045
2095201905
914117081
2023166049
-1094473741
-239963904
163701539
-746219589
-1170358047
-1557973161
1246011881
-642611891
1708060976
-1210918958
-1504698227
-1953508648
908042662
2031470980
-1742961120
-114784012
1598550061
2052325960
1327416544
1676840261
-363383814
-1918594538
-1387842302
-164454419
-544399375
2134318999
155752370
-2019673023
-1390926009
-503309830
-803355049
158224574
692258921
-1441418232
-1767599589
-1345256899
2033558043
1635318902
-2071423062
-1562907034
1359705828
-2081970311
337709881
-2132565662
-1589345623
-485991009
194035913
-815516972
-289716584
-687037475
-223873876
1473396233
2140483399
-1107250972
-2097440696
-1925011091
-682575588
-961363017
211691290
1445654848
-261687570
-257896575
908216318
-854398582
1630297836
1374982307
172998316
-984863924
1844904382
881024781
-445156987
-1651072777
-1571909655
608719310
2145093519
1562175009
944558455
572819437
1181541054
1722445430
-1902414890
1847241337
795834997
-1784109076
-1931062784
-1309148194
-1045734837
663718970
-630744356
1101957242
-1561835247
-297183862
-1801094685
-20362129
-2117182444
1674594924
198125062
-1717804358
-534381921
4773134
1486977743
710971780
957748675
-917939798
865697734
-1081423944
1403492441
1176797247
-1061322219
-1432002603
-1597942969
-1591614077
1554752622
1123695620
759163395
-1143183593
1495730476
314183532
-1727954091
-860061956
-548734280
289302725
1391805024
-537370043
1579005486
-1597418965
-54866974
1726666510
1806875711
-1996580300
-1101112390
674035116
1470549080
1988106820
-1333645654
552487205
-843190780
-1797812705
-1861335970
-1345715486
1628318862
1735250111
814464429
437204386
564652266
-235367833
1826708253
-1050850382
307684820
-1245389833
-444932180
1070935130
1881502265
-925502590
-1522705459
-533543782
-469936682
-348817891
-733567824
1009379094
1851286559
-1488274695
-1365869626
563918670
-810755743
953996212
-777770364
-1779362799
1818224170
-1128022549
-909404570
-114445005
-490009368
1854052883
1034490166
-270602115
1401370063
-229770359
1227581837
374233573
1912249600
-1499552282
1889009562
1083683582
-212533529
430066584
-181083614
-1797726799
-1627937052
971055533
1846097863
1986119213
-1023589332
-142058254
124024972
-1918601189
-328226575
1781984316
669072280
938791702
-1426597951
1596654597
-375349959
120230490
-1380515029
2055491386
-1765310165
1529846714
1623024551
-315106990
1763128602
1638910423
981338039
-1785723486
839858022
968795534
1559036489
853813231
1402873381
-1650801998
-253256865
-69692860
-582739347
1123922939
2052876017
1244736518
-2031553582
1172490813
983787025
1833821765
902649901
161354460
-623602096
-569794220
1361406879
1539328382
-68316320
-1456908390
1196983509
-1831096061
-998428934
-1441619542
-1563336308
1544095665
227943169
727574418
301899607
-599061837
-919059993
1464456048
-103056224
1507998916
-1519269552
73062729
-111860244
1686758439
-1351566604
1674242077
509678434
900887514
-623484983
-988112842
668809869
39638026
1109219680
1968597696
-1046800288
712850889
-955980401
-21500258
780326778
2097389053
1677342799
259251834
-808708436
1192407964
463671272
-1039954914
-1407315017
667835669
-2143623349
659107074
-834584999
-339949295
1806068414
-522986459
-1792510070
977108571
-1187573058
2021745951
-289898237
273968923
-850196192
1879649399
-937926401
-1120498870
64207992
-807614159
-1715618236
-370637215
-298859073
780149675
-149653404
-1390951341
-1263860689
-1186714199
298909760
-2107596355
739382129
40667054
-1812908851
1605667676
-499875846
544843661
2036844570
-138045249
-928817742
-1277799362
1470787729
1417977405
1701848278
2092993269
-165975428
1679419944
-687736546
1748181360
852168139
1418731842
819314465
286701968
-476677100
-504631697
358589432
676715051
-260789542
786594220
730528546
-1546043104
152260113
-1123296705
2126485159
-416365909
-1711708447
1838020656
-1121845889
-772912647
-1937933654
-1576038153
53879859
353750783
-1254508984
378164086
-1134392380
-892447354
-293043817
-1970387159
2135681740
-929478262
-868726983
-352849253
-2116041501
-737751867
-1286769514
926807323
-1117350844
-351614587
1217787427
-1634596945
1968990639
1812979398
2067903463
1146919241
106505872
-1539016324
-1847078341
811170360
-1958759072
1167044399
949533393
1208961761
-2005015478
1986047437
-1978060298
-457006674
-845363694
-1654336325
-580715493
-173990843
-1493451470
392022828
-146024559
1626329085
982422853
-1626200138
1459342995
-204747379
353980072
468221218
652748169
230861830
-135626658
-1536827261
-342333045
-277590270
2076144692
-205112183
433021731
953048093
445341989
511051286
386527574
2005210020
1234003967
-1919277550
-706604827
1618247820
95893062
-548656005
-737897520
1506816933
941650775
889069759
223104283
-1212744177
-1251910704
1289388877
-679627564
-1943838996
57749295
-483765143
675956819
898144343
474698680
-1089194945
-1544344893
670539667
-899132260
1201991739
-497628703
1923505287
491134551
-331148905
-2102555901
-1570313110
-1844634279
1135886645
401982556
809753530
-1927929112
-806054738
1632601726
894536562
1861170244
1888295082
378337823
-1592511109
414951435
-367514511
1245992479
1641890914
-357681697
-1921547582
-1141067319
1970926154
-501097403
220781539
-1361103015
-1883741404
1438695632
1617153273
-135628099
988261918
594964094
863774873
37615775
264931929
-673376671
-1465262946
-856686173
-709127458
799782529
-49260228
876647917
876434897
1000688384
1089262933
-1004538651
-1138777369
-1259901569
-2005662709
1948771646
-1022964459
-1535572288
1918701461
-510461645
532206473
1004533388
1386278230
1118655251
-1017141795
-1752246825
-925737173
-1930514944
1664022410
2104112929
-1427884540
1134931698
-1982900582
62327070
1819847093
-1927757310
265779617
1304035224
288217614
1870727141
-239601427
1030366868
587779368
713562037
-15931652
-1961425996
-2040430847
1027184887
-427033554
923068891
-1614293429
-941229607
-1845671493
-1274518762
1870828160
495175099
-1172854810
-1756113735
-1228503238
-990814224
-1577495694
-2026323512
768981184
676406981
1216900693
-1294970983
1562062307
1272332993
1250842539
1435824311
-145650933
771270190
-1776546067
-701408760
487574156
-1117060904
-839575966
2103911985
-872896962
1972743188
1705085140
-1020146888
-897677749
-855256317
-1684056441
-613366165
-1644754614
1383095063
1110826342
-1162993024
-791250547
14438614
-269594497
-582697987
-476265546
1652612318
-1712938319
-243537959
1770177168
941557032
-1688475484
1180983395
-745540581
-1201684848
-769366536
-677602205
1722674152
205722260
1050720704
-1478429570
2094012071
1798659420
-1305551311
732838622
60531454
1596712953
-1331630186
8628497
-983260261
125461233
451210887
1857767474
1494400652
740754683
1378480473
-104974522
466681293
597381638
-962430760
-288590873
-1450076894
-1108619649
-892675021
-1142552282
1353167143
-338615597
-1223294921
1222494381
-1236884572
-1072598221
156356032
1652290084
-1630076634
-792662122
171449195
-182883114
-1291353142
1051516932
1773665936
-1350404205
1653131099
-1531662064
718190447
712635095
1019228831
-1962359643
-1853444952
-1155225301
1605345774
1535052549
-1272567312
691419595
-350968061
682207247
-352397823
53447048
-1030000106
1364994240
-336981038
-979837457
-1288783831
1511001339
-1500658936
1814038187
909060770
1969334668
1749554092
-551208665
1458721817
-1595234710
-782737123
2076672631
-2070811021
-196108996
1405503559
1244394360
-1995307473
-1985307618
1592225044
1405676341
947224319
148148388
-1015569630
-1808718964
1136512410
1722539806
-79794761
-1200593903
-1639187760
1721149981
-1082651919
-171573455
216417246
862162486
434601537
-1096319590
1443294211
1301534213
-254128614
-1229448230
-2008149165
-1270453644
-37885724
-1844969914
1597613770
-1280638147
1668408630
1136148252
-991707741
207182764
1686212933
575617771
716765162
442527657
1830978966
920305458
673034832
1839072501
410857211
1840512839
-971889858
-1758526284
-1751153732
-1634503814
-1219316437
1036871978
-372680685
-1948187014
-1502399950
1291371465
1556415965
-519097098
-1001876258
85106539
2012633999
-1818885241
-237071800
359154395
-1594554778
-1274220852
-1351405212
-1061709927
-1004082206
-214877738
1724122007
1632975070
438445684
-1013432633
-2019700085
-1074401571
-1159358091
-626809419
727242567
1736317515
1030901850
-867719725
-872886663
90035233
-1002496730
-476990254
-548831722
-1859598944
-526177761
534792324
2059763748
1132788885
-269782332
983731907
1134454486
-1266925602
2006603773
-981385328
-468021799
-269506516
-2104507500
725609854
-1376899860
346390793
-1177841948
-1464305584
1836744630
-1822050788
-2140987185
357074401
1161238227
1343836332
-2040629516
-1792858812
-1875466705
1931856226
1354763809
-2106130389
-1208359785
1569010258
289299974
242990732
-505917300
-358056644
-1116939220
1199538305
-1267732901
2017550862
-1099056604
1865912943
-485862550
1374005677
1604637443
1529200490
-319384877
1700126964
-1799914483
437642712
-1497571530
407746556
70003887
1405989460
-603327030
-899378787
-631754318
-180181804
545105589
-790034635
-1359421522
1246282765
-865530210
1745511591
1157167292
-672226539
238966143
1213161638
-1371915921
920755530
-482539841
-376859341
490094851
226454642
-16558465
1634303075
-1681307433
-1142391517
190703667
-1546717850
-592683240
-1816615579
-315299211
1647220164
1129060543
-1220402795
-1441883115
237259496
386133692
1132526475
1082953332
-1915744286
580237939
-491044865
-154519279
-148784280
-231209625
-1507547608
-791104924
1711614493
-1592975308
1092783525
-1459838486
2024818965
226505922
-751339872
-1341079679
-1318533992
707053495
342579248
1874883573
1982816038
2038979885
1433958655
393440986
1897608379
237843621
-1621447124
1358710171
1011284
1340100666
-1084677006
-794202157
1142565297
1812740889
58791817
-1636223781
1349753179
-1966259408
1242176460
-651796829
1392550120
1839405605
579001883
-1462975035
883716477
-102297207
-1808826878
-884864297
-1021252973
-806525363
-2014255590
-1188032256
-1617050882
-1825878156
1470023343
-842789427
-601178581
119718921
120854179
614351429
-782143063
-344970157
-1211613551
1742451002
2144296682
1315271240
-414363084
2077517537
-122067639
1415652670
-1666319350
-1665260123
1326829646
-1714969368
745275188
-183727049
1931642417
-110131329
1753904032
526715113
-581887332
-1330532545
-845340567
764292668
-660944459
1482736404
948476029
1143422135
-1662345381
-1376584043
1796537728
1248720377
-798208337
-1654354639
-886076177
-1826222831
-965575211
-1039670105
1742035848
1360447501
1150257659
-1109601605
425976553
-2084002096
1453852569
1532899878
531776887
1232479017
-378109190
-1472103731
-1457492863
-155197920
1684817148
-945643210
1358390436
1558564498
944971795
-2100692681
-1555522448
2035041535
2077264275
-127856657
-1221596853
-1372792670
-366312658
-1111052038
-1070172523
968921537
1605572794
1417775840
1121125132
405923142
-1169721801
-1311496499
820383858
-629516913
-1885611504
1735141255
1339484525
1513671809
-1226971231
-1655569509
-991911507
-37027101
868949497
-841109798
-1150520237
2042988776
-1359907104
398976771
-1354161007
2055947277
-1649642981
-138995775
-1083882355
1266578981
1557205230
2099382743
2007795338
-1504534095
1595901409
894554521
134642761
631758709
-994468665
1710207133
-713594707
126712135
390668027
237166258
-1890973795
-1206723031
-546195476
-49451503
1865642029
250299290
2011045340
230080210
1724937471
-426145752
284197604
-429574751
-1192352025
752823114
-1306881477
189802929
-1073390131
1283616364
459374007
1974353392
2003528663
-1255345334
1859575698
1874041211
809000647
-1067095167
924284017
659993427
-1073384543
-2017710750
-1318260318
602514769
1689034896
-915684855
-1203733595
-1459537321
-1487120119
1663811758
-1990229779
-1560138808
954265648
2013629242
862780647
1111507513
859258235
450871325
1123379003
539118952
1737648021
2104391006
1648087889
427370348
-1908868732
-1484549902
-616889322
-781764818
-583293427
-1365519790
566065151
-1541855721
-297116330
775577927
-669273779
929545482
152213709
1483601415
-1000325485
-1937367916
417071432
-1476923771
1233471349
-1470184350
1741083501
-331422459
-1720213071
2071272947
-228481452
-944006162
-1530416541
2101902989
-377325462
-1792519453
-55533692
2106643573
279520920
463984916
1604490675
-25398439
-1024478813
932901072
2013603384
832156689
-638650923
707778654
-1397554875
-1802609786
-1354450723
908135437
-2097115011
-2039874318
1423061491
2044040586
2134062522
-780154039
-1483182017
392592497
845623819
-1819832842
1871332219
120728613
138311931
-1651725110
-1711174954
-757079324
-1147997160
36538161
788532763
-1438482923
873134771
840731302
-1186839278
447428580
118948323
-1879589784
-391335642
1362242064
1238091984
-1801278867
-1811763897
1921231363
-1367571155
1872361367
1684002834
-1004613086
-1255353338
-227084507
1088125998
1155714150
-1456835909
-1353905301
-2058380552
-628248021
748356683
-1779319867
-1833730719
1890129224
-1664457002
1474016713
-468455657
-1467120033
-607494820
743714235
1999734754
-85480331
1035768266
-1434889659
-1787844784
784253380
-164875465
-1152923801
1464141461
-1448769073
1819063402
-1093903188
873006251
-2051271497
424111775
-201428322
-1878585151
1304028109
-996529014
-975780997
628348626
1386038119
858055068
-1992457433
-529132909
1796599287
602214788
1638271589
-47240047
-1886499751
893496312
-857898687
-154270310
-1072175253
1160929460
-722125616
-763849636
1488248546
-1195790398
545834012
511654220
-440305317
-289850884
1227534424
1477897417
2061377968
-593750577
-1262298021
1845865344
-471112307
1489710145
207329099
-2021735151
-156317374
328983092
-1467822440
-1172115214
500204761
1672057323
1950311212
-1158525548
-2008056213
1250859213
-622191136
37531075
1820988847
-352715415
104658737
612292690
-1999661869
-848629318
-1478318541
-1991178
-1772660081
95139243
-1610896699
-1443239566
733483382
-1799774755
1470973701
28782068
-1832220530
1231045286
-1625154554
1348458431
814285091
833231709
1084972480
1079091977
892667351
950602196
1915540040
-1959396059
-1659166978
1664981541
2045579328
1773720548
-403900376
-609486159
-1886998384
-153979079
-81802498
2067394661
-2075236523
916156699
474358609
587287359
-1957873639
1051424687
-533114769
500604688
2133670213
2054348197
-195553351
484197507
-412443949
856696033
1030061170
-1823087011
1426187335
1176082270
1961603289
886120198
1156554207
1542261327
263488632
-688133561
-882583288
1654009734
1059709886
-1362497708
-791196652
-1468131047
-1853473589
-887757043
-1991576278
-1608723646
1793449355
1308402304
564033661
907032711
-121135354
2114155954
-175985216
864642074
-1684246027
-1594619234
1046024409
-1976277374
602579095
947118206
1186728404
-1563156358
-746399291
-1140982968
858734618
117860376
1418877252
558466939
1034251490
-1891443663
-650198694
1133540890
1785487590
-764868101
1009613219
-1613409032
-924372646
39373044
1042392868
-2005407946
-58081255
-480644861
737743264
1230782986
1107825441
-1060712740
872516138
534802881
1289695041
1790900904
790996731
320400134
159672848
-1931578140
1795745925
-779334556
-1813813471
1464806792
857250759
-1238682615
128070772
810113388
555224547
-288805428
1797667374
1182349799
654566637
-1356333712
-20188788
-1694025031
1704047109
620153130
175019797
-831944150
692981927
121301088
-1417917425
1676971890
1437394753
-1498391885
-1465492685
-1349393573
1854184709
554445631
1694799011
2103160612
-1096394496
384517153
1585313051
643077544
-1965908373
400324153
1371016295
-28144960
610982465
-107169488
-68036844
1203059940
741717521
-611784772
1212546922
2011624728
-1533721580
-1917289438
2098968985
238096645
552294530
409538812
659337009
1801157477
-1898339296
-593843652
771337687
2116077220
-1160748003
641272432
-1016132299
485936580
-717767905
2066651206
404029490
323354496
1034749847
-1384015789
-1955117725
757577652
-1483814052
-245055729
137554624
2070301435
195491959
1865441060
-1454368614
402630809
-1486047428
-53889049
1433999308
2081797787
-1336673895
-1638782938
-1243674832
-112866243
573730738
-347059932
-1766853547
-1005392245
-1071205972
-2011089439
218712942
-1180388534
-1461210424
463504029
-1651715444
1389817367
-1087385164
-623269729
1852679183
397708240
777525789
1216211506
1663949914
322584628
-412251256
-1207569680
-560140603
-706483771
-1923909278
-1525237694
204592599
1079103477
-1272752043
-483041754
-1411673420
-1266606207
-97809188
-129096653
-837439532
770001175
-1930162407
-900817191
280345333
-983161282
1808332773
-715931411
1254222418
404818038
-927446231
-655328923
770728213
352917150
2045875051
-937825953
-361642231
-1335518059
-2058673493
-2070776217
-56547437
-1695338204
-2019947408
-864207623
-681686046
928437787
2126982429
-1017665724
1752630373
-505383239
1365037704
-1355862991
-2116610691
378300496
636344780
734362274
-109200524
-569781975
561010270
129340670
-21825108
377887140
-1296886178
-808410899
1407592731
-161756252
-71919569
1393651552
625113590
2143650857
-718846647
32637139
1537039532
1536940861
230688333
1457424854
221120021
-1339070956
-197557159
-1758086200
-121863445
1723742062
-1881429091
1560172006
1877610104
-266960320
-1626586322
-445234557
1360765073
-571587950
227454490
136299672
2091574978
-1668149078
-220845637
-1321895553
-896459574
-1374977430
-1123214000
2041983739
-519931831
251772662
1015631561
2059791739
1353194423
-593680231
646844641
1110533791
596755608
65093865
180010610
515250171
668444909
880683816
-577431804
478714394
-243779603
-1521651475
964972710
-1984973883
260354549
1975774467
2005594881
-966092412
-1435841604
-941817712
1062916009
1413292388
-1822895926
-1616808327
1010805686
1587867386
1251801386
1521400069
655519379
1999035304
867690078
1095318976
1177545237
-1819009250
-857375854
-2050012255
814452686
-312804317
2086569236
-1659928722
-374888541
-1817250411
1120461572
1951969887
113367964
76599214
930294599
-816896255
1125919995
578740616
726922945
1374494813
-684218737
1377467106
-1433121342
416499545
-1101569975
1821860388
82831296
-1787854243
1542957071
-1114198368
850211399
-490265800
1095656400
895386394
-1315286227
1293651781
380043480
-680235894
-1566860791
275695049
1723696228
-1044879073
137041124
-1033934689
-1872653959
-1116021881
2146450481
-1188418794
-572295183
1927802477
-661526022
1981336346
1868210389
600255555
-1739321252
1938094225
-1779045390
1563840320
-1137319115
672648967
-1736715610
-1259172436
1901881627
-262879860
-718707718
1177806427
1189128079
1460222172
1618767349
-531484298
-1009262991
-1020791872
-1134139345
1587804545
-1881176393
1747605940
86700963
1501782168
-1965160359
-611903542
33948617
-1134193157
-1773905009
1885896654
1155728612
11902925
774637886
1623912873
-550530152
283868440
-1234157905
1791883018
-278292033
-1486560236
-157816703
1485370690
1152509052
1494556840
1112672481
-2107729553
-1196849265
695588657
1252310263
-1109892388
1836163562
1266331521
1359127971
-138023000
1795839877
-1629082583
679585640
1978789797
-842591122
444477947
94975400
360243585
-732205789
-24968246
-235037423
-588513749
811937827
-1212959117
-523173545
-1758661009
1837989058
1717002529
-432405981
2073388771
-1968966851
645041611
714816330
-473487866
-894152179
1657056769
-1809443774
-709832539
-1287121793
-1818126360
662082257
2065971328
1443554948
-109621373
671950086
638753069
-1339948603
-653221837
-1807313299
56407869
-1242314758
-240563584
-1245600643
1281576348
-1071763844
-890189287
-635115947
1936092477
-2094018792
-815466471
-2010186841
646492918
-1600081371
775818635
-2061093132
-214599768
-1580915240
1002031664
240924409
234315426
-834259242
2133574527
-858971288
733931078
-1538220534
538255340
891912411
930012909
-1436272712
-1092205971
1746194437
-344003576
515594194
-1892603335
-598578134
1105359751
2145554314
1480297170
2050841808
912564093
-1299269592
-1303650234
-1669394762
1469076996
1531467548
-889388112
549726213
306531165
-329207978
1436025861
1131277253
-494300580
-1961487403
908871436
238149778
-1556525310
-1089319042
1528444590
1115729551
-64196757
1724331566
155516527
-1465358183
1971621610
-2032487662
1331961148
-885672769
1834182514
-1407915979
490065766
1448773618
619476279
56111962
-1746955026
2086168824
1262137492
1532242955
903501827
-44601690
-341999057
-1524502798
916191176
1374842190
-77703846
2097760870
1963473753
1062471541
84044988
-527196088
-338726641
21468617
-1361912528
-1542811376
-1736360445
-1520690607
992924396
-187841502
-1853988399
157725414
869958885
1355571558
-195267939
-1030406431
1740601970
-1155264489
-369437349
-2011616235
1387857711
-1817145639
-71797174
1350409983
726802723
-1602995951
-1104280128
1379625532
-922225371
1836256625
-775373523
1783662906
-1594434182
-551613999
350089305
-439872974
1561173699
1980624965
-846205200
1484444501
1564282645
1839057259
-2141128128
-1960833211
1893239657
1135523844
316232512
-800518970
-1698832586
-621940283
-59661101
1650027957
-215907748
-459869841
1665355342
658080056
273043780
2135766557
-1709944265
681510198
-1976163516
-2147343396
309128527
-1130624247
-1895636153
-50341504
1136728531
954921842
1533939372
-613740619
-1734835459
-949373491
827244143
169563476
943959249
-1431968123
-538141050
315243767
-1756015595
-914476855
-1794607219
-510701617
1996704416
2012559231
-844026204
1269291444
1141003223
614273401
1452171159
-2031689091
1017431412
1153553638
976745792
-1944393583
339472521
-1326651894
-1010539479
1031549118
-617048380
-1228800719
-1037210763
672120648
948367348
-1076750368
-2000322561
823676485
-1385757748
1309657422
-1342814781
1752159527
-372614171
-1454137838
-366822531
1396274586
-1605610999
1427539740
-787612529
688185744
-831881554
-579633175
-86917849
-579236199
-738784321
-840899598
-394402656
724650615
-1005129822
1982146405
506260009
-1093729039
515527798
974251799
1928255396
-992484633
731754396
1909162936
279385807
1990323878
-741978759
-1173177273
-1088983895
1678571901
1817531769
292092872
-1542142194
-2047901040
163088982
1195331124
864600228
426424043
-990885223
1357590705
1454178042
-1409949990
-1038707360
-1139035901
-115618067
-64828297
-1479862430
322736193
-299654322
-1725816957
-1092320208
-186884917
662788545
-1004047751
-788021315
1728427899
1249864167
-1606761248
-2016830432
-1848952806
-4824385
1745204960
-49795177
1011393813
-1232250295
855665176
477431503
-866946449
-1235274900
-448062546
-1508264094
-29377543
370400792
-1530999897
372545184
1589522113
-833948241
-1685027464
2019793041
-936733241
1948737952
-1031266852
-2031117510
-1242956298
161602645
-880510489
996844063
1458742610
-1639807921
1309979482
-1208498679
-2088294035
-2038441074
-594629063
-927212279
1825679647
-1425811147
1300296603
123870908
1319292277
-1308757650
82240960
1200638159
392424937
-2051852405
1868800360
-2032531515
-812989485
1525415533
-784785310
1299949559
735076639
-638543063
2012639586
-1423944996
-1152098752
1404906983
-768534249
-1267180406
1475375972
86938894
-917835651
1336436092
579858665
-1050087779
1736905839
-287157099
1520552719
98192347
-1647986049
-1912246939
-1376572178
1799519027
963116809
1647511210
1353434793
-1168962472
2035941510
1830397208
-754693405
503902896
1918032925
-644841892
-2031956111
605252078
-1421910145
943302750
-1844443823
2058486017
885359603
1904310470
-311198757
-844239060
1998325423
1656084674
1844732726
1471223669
424850026
1985515781
461341196
-461414845
-1579340242
947638802
361386625
834483522
-1157929614
-1893172039
-847873440
288915850
-1414013593
1086451426
-1514663273
123158527
2028309394
928209033
-338398747
-1667134470
-166985318
602856712
-2106167599
1620241448
-1647705501
-116980580
1932545245
-130479694
1898173531
439304737
-2074949381
853816734
246670610
322474272
163838272
1418748020
856265232
1684762635
-1623723049
-957126620
2079009506
904968902
-1445433033
-1987583962
-2048032650
361703785
914873752
-994461725
-802908760
-939821244
-1950380638
919364435
-1848228580
2119530019
164629096
275278310
1129377869
-1186164270
1699063956
-1388806232
-1030386714
-502626333
77782754
819760287
128294224
1034639278
667226065
-470071689
1882914187
-1225412968
1130347160
-1902034848
12088641
-344501096
-1589295273
1990628663
494896664
-1721934601
1307828878
-121466909
1439233351
-1567088810
-934274094
1804006913
-723326100
1146567925
-522306627
-2098014013
-107954789
1340749361
90604838
1273434133
-898255942
1473664078
-1677732463
-20659199
1932877835
431680374
-2143332119
-366958509
1837718537
1873361153
-1778170772
133942912
1295351416
-1037737481
1379519717
194851267
-2101289289
324687314
577031201
-634035832
-1872021160
342006151
-2102539877
254275085
-1271166478
1394884295
258300537
-328434873
-1703023051
39750530
-586937157
-1842110974
1121199678
2053903788
1081233841
-1659246773
1885161003
-1339795646
62921646
167100945
682519794
477363855
-791928070
267585289
1721734254
183729835
-1629092340
1064921810
177000122
-466115516
-646596360
-1131861414
-1696758590
-1307561312
660994086
-1609852545
-894924266
-56308510
-1934183868
323713016
1113922049
-408899701
-1669882499
1570975862
1829114330
-1700659645
-1732613142
212690438
1138621593
-131487271
1661948744
1831236537
1115669420
781529736
-1441408021
1819525765
-356968181
125553276
-1428739341
-1968170643
-50270582
123509907
1983790012
23743456
-997880211
2049194855
-145376102
-1909069218
1688938817
-1125417844
-314932538
805558625
-511382295
1118979094
-684930670
-2060258694
-488638217
-1929575331
286896356
-1532554311
-1021787076
845411843
1721347809
943145298
-43464799
-259044298
2029512936
547995004
1004765752
218884402
-173955135
-41993572
691481229
353916681
-1264821482
-214135902
1723244866
-2008938330
227794977
-67864909
293042394
-1868093682
-1661337690
-708211192
-1566038316
-1909362967
483088164
1278882581
-1930448389
-1671241151
488448326
-1853413395
870937084
345330312
1121620383
-1213771036
14988345
1561986783
642758551
172071029
-1036428836
-1732836715
311106719
793767782
-570440914
1171501037
1367249324
144511786
1863031848
-645991644
-1571102751
2004908165
955145802
1821698481
657019022
1683122294
-1497392213
-1192568370
-278839207
-296983216
1035364177
-1110698441
644297146
-47694295
562065090
1182456369
1774588588
-971869064
1643682010
1460953549
1791666592
1202378745
-1045938721
-731397523
2100583861
-2028438316
-946123566
-163362937
1076743718
283406333
515961351
-1582016600
183692548
765513181
915903223
1441932732
179409188
-2103959758
-1787022507
325825164
378319706
-1004855245
1910675294
-2064260473
-1468413210
1606505974
-1505970315
-1348555836
1496513838
-346876394
1890408686
-1032413113
-638577491
-413539184
1158340649
217208962
188969771
1555975149
846508003
748257823
1284993838
-911699034
2131667400
-1311664388
-157553488
357300419
2040243275
-1678868362
-1682255599
580537540
-2098665030
1855171306
-811199922
-2124931387
-1249241972
1511279993
-109033101
2045235932
-1434067715
371845642
-431697842
-1264301115
-896947236
-29079148
975913572
1611270849
-1639774557
-1725532003
2064488745
1937238458
853223624
-1632073731
-1432922262
1564398507
176315986
1865291239
1752659981
-1807081666
700314542
-1306664151
1916146685
-1910476874
-1442525502
-349767502
1525281631
194461710
778306882
1887707477
1075412489
2006023266
-1733950397
-1900626997
-2049589453
-977023602
839654669
1065232638
-1445629841
1375697684
-78410956
-1310631292
-1623113770
1294927683
834422761
-1184610967
-230570621
1245571476
190398093
-606388943
-294462395
483855190
-782846330
736787228
-446213745
-58987890
2086471254
-94349909
1705189555
1781565208
-889003031
-25367453
371305807
-1139376623
94627373
1025657808
299938055
588511096
-1423635480
1293176268
289394804
290015762
-1871029307
-1155548672
-1483732133
-689800817
1583215023
678718123
153975841
872411882
786042209
804682146
-1791944066
1145318165
-1941113283
1493612951
342848881
826934228
-2035890083
260243357
-782985101
1327635176
-1760657688
901972203
1484558319
-684497040
-820195418
-429995809
-1947516688
884853132
1555082197
483920710
1639811100
2030268483
-682984900
2114967258
106484704
-301450842
-2062000511
1611033611
2025696748
472150325
-844160585
-2080687102
418703330
-761622400
1007718459
48190434
-69836983
-1539971567
-1436983105
-2106804144
1474530503
-1192081783
-1266812761
2103014709
-1545645425
587934728
773759379
-750426686
1550827031
47376338
-1225718724
-781322060
565031182
-2020029906
1657142403
-735873832
1934730637
1055876241
-888137017
-1498447407
-1318321780
-2062398980
1765828214
202701081
-745886313
1262285218
1083454950
-888323259
404021952
-1313169460
742928229
589809036
-1933483049
764508417
2043791246
1815356297
-23423528
-1960238239
1057083614
-2073536193
-1891161180
711957073
1594355846
-1723862690
-981116684
1141184604
-931656574
1126292420
-1959673718
-64865448
-823130390
548317254
-1156410968
-42350905
-569550201
1685137839
-416118587
1854515328
910650536
-1429748472
354338686
1424302991
406628406
-25366247
-1156204598
238830936
894285318
82422320
795111026
-58521342
2118346350
-1226514912
-1928118081
199019793
1601249306
-294710132
1440317812
1813446485
512682015
171562853
-1940154114
-288873726
-1365026992
1545510832
-768217878
-1797876448
-888729392
1855015564
646597270
880587557
957386217
324426355
183290155
-367638561
2039501595
-746223425
552097482
-2074254697
355656310
-1301976208
1092773124
-25494413
-1168179413
976565036
-777492336
-1313730532
494671456
-1211775610
-496426953
1806829471
-1896488636
538163074
-1333340398
1611113624
1913623652
-567808936
1917785592
-1192114547
-1377161156
1067244664
964130865
-1068387433
742835983
797100238
-955869330
2059716422
-389624838
-1170383289
122372861
-2022724666
-1258700986
-2053534318
-1280084424
-186547907
-89601026
386046763
527942206
-252209289
-1815729471
-894850156
1109860069
487628229
2138004953
-1578938395
-1553312018
1533570337
1523489419
825415303
1293255546
-60567402
882439088
-1615633348
2131839677
-853151778
-2018764412
-972351135
-1559439887
306135116
-299384131
2064959351
931443340
2078285804
-812903713
875625183
-642116940
-1963491608
-618163762
-2030609180
-1342627598
1112029997
1370785956
1309520383
-1606132954
-771354035
-827402300
863631445
-1771689798
-902476378
-1729586641
-199660924
-1362550758
1175882948
1131751958
-1707185506
747286371
328880643
694639279
1024694645
1749228634
-1687276167
-1185350837
394436120
1295585183
-353377774
-1770063960
1480679838
-479846623
-948944645
-579950205
1032897313
-518714412
-739018941
-1074909326
2120484877
1446618785
641767872
-1502421777
-799503206
1898811550
-404866257
-460449865
1784248470
-813938049
-372819810
817509973
-1622967193
689719115
678782990
-1392626695
1050204752
-1072040366
-946467501
-1376236147
60178419
1704261725
-745129665
776789001
1895642134
373224487
1232303871
779616262
-2114904919
-544293364
1428122564
701887121
1385177351
-1831745792
445336741
1654591298
-1916703620
-1619982654
-1889907005
2094132108
222729479
-1856121520
696808878
-1260974251
-1246352800
653158301
1413833734
-951115064
2111942972
-1313283199
2115572325
1161143658
-1870033202
-1418248464
342003836
-812678549
610642065
-1309843858
782185595
1635653182
-1716405180
-831641918
-102048586
201619819
-2116504522
1311995369
-116381819
223749283
-842368061
-74959027
-511064725
191054356
-1640228834
738395958
-1606137479
264781823
1053428048
2030246272
-469623820
663451782
502347647
-1400350834
1429828405
-999488822
139653235
1083894142
1851684560
221905205
1107081558
33922717
571076856
-1613364973
78969018
-345380579
948908577
667041639
1792654560
183197957
-2103833881
-267131140
1668227639
1444676200
-996671442
-314074182
969874978
1152490201
356392329
-479074502
-901467650
639638046
1924073951
1563515547
955828835
-1615087070
-1814347188
1220573590
-97038679
62992944
-1594908860
-1076706609
108471469
483486046
340035582
-842438290
167259348
810638406
-1081968625
-612264978
1534491215
-470406660
-455689388
-1178127308
664947616
449870907
-1134722027
1620364515
-335509667
-206979359
949272422
1123661806
2077212980
-1195844963
-1409463344
1124450926
147458862
-1629788442
1011250737
-1481494092
945559351
-1277458642
515498208
363693474
544107741
-820385961
475805972
611355702
358987608
-243889307
614030981
1079548519
-1177849910
1741317749
-107421357
-1175716300
2137024455
-1846612754
-1681786329
388693497
1164900374
913315317
-926654313
1998649603
-2125801543
1272479782
133014479
1863220583
810082090
-1823560320
-1612125844
-1531025649
106511335
-264926560
-612288853
1210407957
-166537168
888255793
31238082
-1064551853
1722219279
-115853918
-852936307
-1938077126
-1910479720
-1067278310
1327106413
-1331344670
1388407410
1058001064
-1893847187
-1368478877
1904793749
1326954175
-1591175515
-140606110
438147668
1426842592
-9275421
663497966
-1512214626
2061881753
-65512825
-67802740
-120900992
-1784737107
-1291075666
1977003152
-1411550995
2139022228
-271459439
-1503668050
-1862902079
-1614033371
-1893072593
984968912
-304454653
-1471720303
2034017322
-1277742039
-183841942
-591079533
-6417170
-1945983607
1304319266
-1869861915
830364440
427346930
-1349930545
-1421110539
974246420
1559512684
-1092212270
-1285289256
-1613468664
-1047159531
98890954
-124376706
-385630480
567882107
1816266077
1740961575
-792051703
-1165270994
1274105143
1642560534
-1957146253
1994696591
-949109422
-1399261821
734922257
-1455364114
2109834872
1967318485
-811417677
-1618865964
28532229
400258064
-563737737
-228601956
2113719025
1256574604
881287275
686494536
-601243890
-754350873
445162615
-1767540335
1191313549
2087783740
1104780154
-671483585
1885415366
-831592300
-740776782
803560891
359281975
1911298716
-1068012960
1332897762
-1890581555
1008330904
-1647810645
-711546853
314317666
403444631
1881434308
-1992661589
-1737382009
-226491928
-890934966
-251189433
1331861122
1449692108
-530156304
1379774698
927540378
-1910677652
-204575139
848136936
-348629103
126365709
883286099
1979016771
1236938353
144254081
-1701429998
-363531715
607816075
-940623648
-690802690
734918446
1307184828
54036344
-1248533121
10209943
-1556836878
-1399214847
1326738728
-1511690122
446343662
833272852
-1964402149
-1434452517
-965293750
-729058338
-1128528470
1440485563
1362203582
695709200
1815025729
-1045270269
-622166114
-731891687
-1240777596
-1716441360
-321047642
1503366039
-1876647756
1454101149
739557626
772086282
-1499321770
132542685
-1903560345
353968074
2119008278
-1371752118
-1814403602
1644573243
515853800
2137215389
-1449549437
1787624766
1053370223
1553142336
-1156113391
-1424366614
-407851870
1959983137
-2121365054
-99911557
-958016339
-1727078455
-1940290948
533987210
471368468
-1267311188
-48425554
433287806
-382743778
931153858
1918260811
-911559358
-186153616
-190528426
-1353374954
1637872439
1711217655
-324472291
-605769952
1001871212
1982771211
578059657
466980494
597857292
-1748631856
-1524975777
664095648
1457319191
-1456822304
1195769991
658229230
1903213141
-1667122650
-1093820638
-1992888845
876516486
-1691702516
1126912225
-650021169
174957022
-856679464
-418959724
-1277573048
-1573931601
-348843693
1566946561
305803025
-126142616
-991198805
929892087
321124687
990381245
1250647194
-646726494
-1713162920
-1359232217
1167028678
-295906273
654907581
-528132977
-160442005
1416206162
-105426038
929981253
-1220033738
-941389065
624350156
1369782582
-607203468
-1416774921
-382157486
1446008414
657217131
-1913784324
1539873208
-1541375365
-944946680
-1837901241
-1360853855
-1725098494
768302522
-275997248
-250324925
-1510844842
-1048624996
-871355570
-1128849881
-242794185
1287927257
275047273
-2069739471
-1902800008
1858586443
796720620
-74222114
-796633356
-155922843
-1968598225
-442381875
-220109886
698625875
1047306837
-1396042880
-1085980505
-1556372897
-818632479
-1955770013
-1582295348
1176842134
411148175
-2052665588
269855920
118505643
-392400799
-1125162045
-356934561
-594055910
67582455
-1395157691
-1755563804
-965450608
-1487014877
1543152325
-733227269
1360894857
-1715189316
-1914127309
1366650123
-1098932677
645315506
434563519
-271925678
-1153552974
-555589277
189228960
2047051105
1342671675
1762122284
1929738768
-803057205
1111922182
1025721409
1937505691
-528675559
-316236026
-1965273919
784218009
-1600890112
2108036892
1457433860
-1030837511
889473237
-2002551949
-1628657353
1248326975
-41156544
-358472659
696411179
617084879
-1613663952
1824184638
-533062551
623759723
-60741874
-1828302440
-829512055
1681878009
884587828
1829634184
1251653827
2073272969
1110812320
313644383
1883823046
-420854889
-1147323164
1572327764
173085896
1097560972
626412129
1143248809
-1264673570
656159626
-708475980
936008715
1921595789
-1320284055
399090799
-26356930
-168621408
481050107
-1082186997
1505167865
1410654523
-118971753
83275805
2032027150
516977711
-516974891
-864553784
-530360882
-1627322992
-1045340779
-544390030
488632746
-491238011
-167995322
1152136634
736891933
853458526
1976908644
1478121129
-1013617719
1535866347
-152582334
1995206695
1096371168
-1562808309
-1989097207
-1745744721
-1507672379
-935014781
820832256
-1387907514
-523985166
2079607312
1080427277
-413556824
-1908286949
1191190718
-2009718149
786017477
-709606765
1292440954
1633763837
1494945387
595890927
-377006874
1429419762
-1578769085
1034717160
1231180652
115291881
-252927999
-1830407035
1893726357
1689436776
-266991401
1060762745
-536171621
1195767785
1029060138
730767561
1368593724
321884964
1180258951
-235541838
187411153
-1117578093
150892504
-139919160
1604933278
-1882976973
-389031470
105374306
1813369194
316729991
-1702257743
-902822603
-1500151470
-1351246111
1519791399
300233022
-2117340710
-1903914524
-176915823
-1261324571
2122791236
1573537092
-931546005
1146184543
1764482852
1346861519
-1315646970
1531762515
-438298572
-1545985871
-1126165641
-1394531392
-1626444956
1436392691
1244253906
602525981
-2101013451
1934563652
-496311144
704754881
771274311
-1736772100
950417261
-688834427
1980118576
-553348259
35840782
-1882785625
-1975989362
-1679164389
-895586687
-649995280
1440129119
792278046
2033413517
-1845360103
545755535
-2126172283
1703167340
-798464917
1007609042
1266988526
427886783
-2073926492
1149896627
1365620212
-702898495
685409825
-789337107
1224985848
-945509953
291740985
-1110715143
2102986532
1556799687
-1455963930
-1598379288
-2022958163
806736031
-1626756438
-1425201550
-1167087273
1665546232
-139349841
-683152818
-1409665218
-1668451613
917356080
-721560125
1169620434
723298692
-1191317992
-1294115714
-177488861
1240184324
1801300968
-759165018
1261444446
1345582540
-1166836003
-1682521043
-663260522
-1641383441
-393223343
-1815358871
-1521105720
-1387771161
1798690401
-741610782
-1871346920
1160164227
154007503
-66167699
1774408033
199280416
-1030789590
523446137
1412020972
-1974823146
355973420
1079931560
-1072771714
207735669
-1814184350
-1696713567
719446167
1013093105
-1971266542
-1700780252
1344802041
-567861734
984694360
883644254
-228976537
136780239
592130705
-1104025730
768530862
-1295000332
2080527613
-586885753
35215592
2101689698
599749791
779934567
-2030948353
1395015711
1939755368
-1752646583
-46665872
-521135922
-712599404
985830183
-2096460975
-548590487
1731052370
91420322
-809364332
-2008741076
-16401494
-343800299
-1312734579
-1893886508
1651927963
-507268121
-1993830223
-1274232311
-1845585277
-1626480352
527889567
987607576
-1833255741
744234558
-1049530268
-828173340
-1013540446
1814963529
-1501887238
-1883505890
1901652849
1854628133
2065352978
2081401523
1040604656
-1561913818
1543907347
381157766
-267677968
-1731854359
-1995423
597261919
578024761
-322996127
139067362
-1612509406
57528749
1988197424
182350269
2036277059
532254381
-1625284553
1898432612
925014393
447033786
-1704047504
-1364533036
364761265
-115686561
-878260230
-547351525
-2099346363
1297273167
-225828235
-897581030
1469150061
1982492361
2072405647
-1370646388
1346712565
1261328195
-389774881
-1920875450
-1516814288
-614262970
1280204273
-428012864
470773804
1659658135
305112737
2074613203
-1568845274
-1187780969
1437833644
-608957500
-1712449984
1213365228
-201868413
-1544026752
241762672
360985183
-650869405
-2026298071
-1744069701
-1684356089
1385848993
1006571729
-536998493
-1309698905
-1112374454
-546384508
525033694
-1769408940
-719814165
-1597868405
-1775200184
2000458843
1113238188
-1106006801
1546703641
-1378670496
-2095284829
-778790084
-479465638
-590357046
-1518872986
-21399162
-1348968556
1740638046
-900818206
-712868432
-1713887285
2032012074
-1257766038
1598391275
1101804970
589080739
1146212370
541801341
801671167
-966918895
1613692734
1418451907
-1799431832
200010283
1814223221
-132930184
1251787342
-1929526531
1776313978
1968682039
-520780269
91317009
-824991843
289924158
2107572103
1402737614
1314583374
1450365044
1961648287
-478551014
148696562
308096173
-777471640
-1433905593
1179589625
-1300365269
-222397896
-419198933
243300656
1969587303
-1181194969
655047056
332071251
-2136167407
68919997
346510543
-755681818
1235719766
-824054292
1761205686
-297423548
766866016
190188352
-1520014670
1599602423
-1414752478
281280340
-1823110102
1952686410
-2104896683
1787934855
-2068003288
-811955171
1719024061
1743527920
922353726
55489783
-458822224
897566094
-1994682457
2028648545
349090776
-543974460
-862175317
884687985
-2079241417
-2058390013
-701694904
-1303635804
1172623979
1549745864
-2120482034
-1913344271
-1152533197
834607305
-1568424374
1432216090
-1666834895
-1735663766
1231662694
-1685379772
1575569649
1702279798
1821902223
310845642
-1651961815
-734938870
-612181608
-830683059
-228449214
1595320276
-2060185570
553860623
-491170282
-139946371
-2075694869
1895044993
-595344901
-1281114013
-1213052257
-1467427046
-1160239360
-581514101
1965634957
-235557015
1300754038
-1841588010
-1028718366
2139415405
-893212751
393544817
-1896331764
-1734911964
1737423888
-600150638
1175428696
2116299617
655384377
-846145952
2001573597
1754948578
1648426921
1614603570
-981369192
-1281028447
2117843819
1020802044
676754136
-1551671958
-1498800857
698852101
1624395228
1084988077
1487316318
-42491171
276978617
-628554091
-928783373
-1583437426
-305923711
1989275992
669853164
1855276817
1171620513
-151738672
-60966023
831950083
826159243
552533835
-617080266
-1850557032
1189204116
-137516642
651583405
854160847
268399646
-1949465984
-226363362
763348711
1101561593
1693093140
-262640255
974779153
-1322272762
-296918841
-1761631541
1197982054
-555335651
-1597956004
1347157872
934124827
-1216965840
1588153924
320818985
-496765966
512489392
1401950770
-504407561
2076805107
-411631569
1507509231
550467686
2027726940
-395967674
599510890
-238508010
1694139861
-858608200
911623698
-385883018
-693955097
-1842081065
-797396632
-1679636525
1708341679
823582502
-1902511409
999209105
-816964658
-1028419265
-1927512922
-2094586185
407501219
-2110464778
-846688104
2064883120
-863777860
-950100801
749809458
-1570329009
1224769928
-1738017460
-1949666123
-197462765
1459209298
-1461612678
1185095469
2011414700
1071609194
-1515516819
1521441217
-593290051
-1942594652
143202297
-22779571
1416578275
246395910
2065677635
-297136595
23970806
-363030084
388686248
-2095075493
-412433522
1503361359
-1157035556
1438687932
1106726856
-91421930
-1001730730
-1496045898
960598858
-524201748
3906539
369811717
1332105091
698692386
-1702970951
863303375
640357687
222484663
2116392262
-2003234315
-838532806
-1905768762
-1672291352
-1268389973
323486075
-411479233
516943974
-727903158
-510204348
1935283929
-617568289
-2115018652
141345727
658115143
-1367641878
921682713
1646028731
970408617
1879722238
-964446808
-1859459152
-2108391099
918234132
298626120
1924565760
-1825305994
-204690806
284149816
-940862081
-122390556
1160671562
1792939797
-123947467
468449780
-1814425557
-946801813
-1238557086
-1596867454
2084354710
324229773
2086044865
472670925
1695497836
2045397928
-986343151
1649921714
1987349799
-1292139498
1403759568
-1874614499
-1508560065
-1624036113
1389137481
539972028
-1217371698
1419660774
-1896091951
-1564519436
939617910
-910616239
-1647463091
240340760
526577026
-552770167
150021110
1900219352
-1299789237
-1204885645
648462432
1394362615
413991388
463995486
599607479
1281507648
523822041
-146587376
1343371596
-1628758854
-2128675428
-2008364005
861316687
-1576615654
-1784409184
-149393036
-2069795362
408794488
583519522
937824581
1348732478
1764625734
-1472465403
-1854438399
1709665383
-696807811
1785953013
1916030393
1405810373
889685784
-798850097
-19352914
-1839787972
627574213
-331657152
-1739914970
118628205
213739994
-838223188
563815555
1596333623
-36143483
818513232
285201808
705275264
-999123641
1035064746
-536478690
2076668213
1777095587
942834199
-1520691761
-898916210
-616617966
2110133694
-18041295
-724683114
240949817
428191404
-1030196210
-1905877270
-784995747
1520048704
-1877944319
877411008
-1319521258
678941641
-1940185012
-12305877
2143062082
-561395347
-1868894743
234702236
1679602236
348719948
-2026754338
-1784824916
1036033102
301844708
-985343531
-1647212776
-414021789
-1991753546
-393982229
1154535691
-2137814527
1834386986
990867911
-5696605
-37025163
-359251537
1181864175
-2019143507
964110415
1023397670
345861718
793931955
-1542076144
-133538176
2002779448
2086473273
1730493473
1043266213
1972218154
-266456766
-1896437241
995793559
-299320724
1921695513
836485845
1225629911
1852746625
1939448397
-438542367
1709796615
-987200511
1770319612
1874332858
-212671536
-987394899
927106900
-373118119
-186969851
-140201788
1648624727
-1637177451
-1265809400
1457660052
-112859427
472542684
-1219205524
-29095597
334648543
915282208
1000283355
-1711638993
-727980302
-2062447602
478503482
546549411
-2036774384
-1138071163
1395619082
2001184267
-1928152674
-367747003
-2124345583
1389514874
1402901929
388988391
-384716999
1272836299
-736454285
606371084
270867895
1685828597
-805079506
-1913634087
-1964667281
1698311588
-681257465
1148813218
638780822
-1722906108
815270757
854107876
-260971879
-1287747361
-1163399054
-458313095
-1644382915
-2084137495
-862668071
-1235720954
-92552954
-1130851750
-1239758895
-785465417
-796470563
491070397
-11819941
1400676142
-484684564
459971592
1937298887
945599416
-1790800692
-1520316693
-840685957
7489729
987172834
-380475284
-341738761
-1407021174
302053893
-954361677
1649570579
520839448
-1275927964
-1960367838
1998871435
-1898992785
-1342043481
-537768280
-1594018883
-1407123968
-1411947437
1040764247
-62075984
-143595169
551618674
167264563
-1698480552
1378625080
-663681678
-1600479156
629034007
-1257457789
-144660659
-1214494194
1632852359
-751862794
2111675882
881014742
1391728246
-613621061
-92756542
1151345353
-804777679
-180635805
384014022
2106307297
-1959413243
794835225
54984064
-580973752
800692994
2082009370
1760928376
-185055256
97699842
-610403228
-389635112
-2104442814
943180521
-1042367315
-1832581805
-2131483777
204967981
313861270
-1234314687
-1123761724
-698476648
797250336
-1029411314
-2127915318
-726864564
-1515097506
756420309
-904926803
1240706824
767036780
-398631353
-890792445
-1412095576
576737695
1473203409
-1499049425
-1563845902
628649725
-480632066
542738167
959955855
-1084257297
-796836583
1683721300
1623782742
-816644043
1741053206
-942776439
-340870704
929024793
712750769
-1597823369
-18666248
1597552871
210246103
-385477586
-1564063678
-1203442789
-614932667
-856980793
2098616798
306297564
-1024230545
1072977520
2053254205
906895145
-455943262
804060615
-1846042157
1122311249
1079701868
-2054446228
909756703
-995107032
1953435707
885482705
141929704
1869578871
-1151467197
-1469341101
721249480
390704948
-1474235995
-1593328498
-221959698
-1916630030
-1139237171
-1869819156
-1422494690
-429805670
-1455004389
-957327489
-945200388
-1633219749
-1531636540
-1304196079
-298518646
-904921121
1503637754
-1558365064
864739823
-1304686146
102923595
640961069
530311034
138670391
-534446778
450813215
1661871333
1984743709
-890123677
1427328453
-966872867
-225638130
2111530020
1036328050
-786668863
-157868309
-1063559561
-2025223700
-96353878
-1307454589
889950814
-2112576194
781213611
1850556049
229586129
-774315316
-282057383
-878803480
-142870558
1897959592
-839298675
-379855892
-1313760734
-350634972
905458024
955609412
1116768323
499276968
438686870
-79737395
1101427966
1798035397
-1304346153
-1345633071
1248987958
208286345
40431547
7436408
-1299374499
-583760876
-1379105364
-1843847042
396295447
-377389717
-204789455
918194213
693029404
-809231732
-1588405392
246314861
1149763426
-2011574079
-359027979
2012117891
1977712506
-1006842311
1133624753
741130870
1528420666
673324756
1678079812
-1981710800
362914203
1951713853
794378110
-740883805
743901157
-258195651
2076486947
-979561662
1461979145
1829609550
-106096402
1960776626
-563945651
-544422545
1307040984
1327501249
-2147309778
1505429302
-515193959
-2078617962
-677365119
782182187
-917148562
909337898
-1553610534
-1133319854
1495705373
-280298506
533052466
1354248969
2073889846
-1608664082
776721603
-58670316
-1884138086
-1772218707
1242144566
972084982
-2095760575
-1992303120
215066880
-608808574
-1124214729
5824072
2110199561
-1733085520
-1066083354
-991694581
-1308786034
1790152884
1912998811
-858867317
-1119928249
66327116
-1789208510
-1597406838
969831883
-2051012007
1539443828
-703338260
475504947
-406684495
-109717837
-113746770
1402107646
-1123060685
-322849804
-1819047657
863517236
648536603
1950219869
-1717290196
-1597705523
1284218518
678372430
250832232
-1125439918
-74293608
-1787638875
2099985324
-1158154556
1887285997
1531274558
-1443915148
-178271299
-1522310002
-623971144
-512152245
562686421
-172965323
-477228930
102238336
175348807
-914574541
-1918607867
635021850
-433466157
1558684545
1316490834
-1697016312
-1671272987
1264950548
122822335
528679324
225196790
1254105716
-174497283
-377667014
440415025
-2048745841
-137980580
-479988916
1056080474
1180532170
-114424247
-905509000
-1973502997
2010727512
-1115714536
83769621
-1897468801
-93047345
-341452284
-14774822
583034227
1973051896
-1699058317
-250093096
-523297078
1167141606
-1017930627
443264426
-272968879
1609341001
-1748596561
1515027434
-1577633021
1739983875
-1353778677
-1106198042
-1456797778
913386491
782984787
-1529933933
1610057686
-2069555919
1021028486
1932315329
-1059253288
408759315
1888824490
-573445745
236366162
-2089411058
-756575284
-1601216478
-1492559678
1807804519
834212933
310457745
-1567987348
223279178
-378398146
-1475840989
1007245185
-254298077
-324801419
-914921284
316215421
240721452
-1964091072
-738335341
1755714000
-65400762
2049224658
-116753368
-1663218240
-1521569523
-1645049412
-1976507787
-526255475
-284431834
1866803383
334821219
-1204899883
-549926950
767978656
735910527
627078714
1291942376
-285039165
-1390032147
32550209
-164033130
1755498331
647741852
-120788099
1985230089
28884569
-1027540294
-213238548
192458710
1387524196
-55287190
-1830591584
700590296
275785505
-140830540
956825249
2107022659
1026649011
1992655037
377273105
1760665849
-159148411
-507932873
288027537
237966363
-384002234
-1007743974
-197107229
1112743395
944552245
463584147
694535888
39223473
-579311714
149463613
618507340
1339792227
1372272291
-176105330
399156695
1260497897
-519293889
-1045585517
1710142245
1867589399
-1133001336
2054600927
-1389647616
-1936377411
-1207725005
1688800192
-282672019
1445185268
1068847197
-41070156
250596366
-1969850438
1040009864
-376752101
1739482054
671920065
1536305635
-1993927379
-1134659934
481786755
-1252310323
825447981
1036966646
619563929
566972827
1525554398
1638110407
1257804109
-1394238055
-816398282
-447784344
-676622227
-1656502193
227419217
-1592901785
-1629947294
756206852
1641029032
-349853271
-319084928
-60689273
818107266
-917769005
89193374
-158940884
1958761898
1063020523
-27336983
251991829
-678962847
-979214017
-678478859
2073765042
-303345258
-1873748859
717945364
1292160906
325736020
1936308035
-1047301397
-419256006
486182779
346707824
1269612097
-2039697218
1800869554
-297166757
1191208730
-237411345
-644905829
-1414716980
-229777916
-1830427316
459152713
1392151912
-1749074768
-2085340676
-1957703698
-842334631
516828867
-771693549
1379925464
-292679890
1062081518
394353940
-1823130466
1637038591
-819089604
307311798
-1328838762
-830529836
-86771798
-1471424533
1370199177
727993414
438361596
-2121448419
106315689
739077734
-1420551218
2033461946
-322551101
947980254
-2035720216
-1675343630
-1529238608
1000675670
-358978602
1680865215
337102353
1483430681
-1230178632
-1359202267
-1367380934
2136272119
1119578454
2070069179
842330990
1906745452
1208272759
1649002857
1839605581
-644529919
1765890674
-1323192718
-433190774
1094942450
79622405
-256603212
531186400
1138843664
677431397
-353077458
654806598
-556311832
411857557
574163395
-1711968416
988119077
-775008773
1545945405
662506297
817976882
110453295
-562364781
-667680209
-1471984861
806336022
1152492654
-344488402
1457447125
-2010287313
779721193
-778624992
1345255251
-329094612
967751064
-2082350940
-200156805
1378012356
-774384436
-359614467
-1889079327
1217474759
-328064236
281334092
691682802
-73322382
539678213
-142717695
-2075652772
-581747708
-32349890
-53139825
109407149
-421302128
-889166170
202608991
-1811915206
-955348971
-854595849
1625110790
842330177
422393547
965703296
1116590265
-1692237999
1276611007
1396275750
548185600
-2042697238
1690770081
-1555779413
1023027881
-14973857
-1865929508
438144050
511158783
1885992963
620169191
-1029890046
1645780283
1145925764
1594368731
77244042
-724544709
-221856879
288290116
-167713884
-1096425615
-1026539837
1612742971
744548125
-1029471203
1017702329
1508633268
-393219211
51776446
-1843692923
1760866323
1517718754
1474545093
-159260090
1459574789
1762849946
1292507788
-904239083
-1577408371
-1307470766
2093738629
-2059471836
-1942176931
-377348607
1258958006
-965952220
1703707495
-44538903
1625522276
-1139996185
-1362782286
1037315287
-800152050
785770823
-1469229199
-1411675992
-97578083
-1381759931
-1569866928
-1794676465
497162200
639430260
-1583650799
-86343018
-2143928035
-1870948200
468833879
1402386914
-73008307
652134793
801743810
-274357958
969513224
-208944803
-1308991173
1791806026
1107573786
-1005229371
739930768
-995168221
665997620
-746930505
-1406872766
78069125
-1906863394
-1185595827
1928713373
706491232
1907738540
2052761324
-863164151
-532941928
-1126912081
1963148456
-317402976
1122759688
-23669458
1985513191
-1517176064
-2033033782
738079894
-1929004220
1276916321
-1744855884
1258221486
1576997557
-892640279
-1776098524
-202538994
1555125487
2137037118
1385997824
1719213265
-1964055032
1366554461
-1200728840
16402313
1626669662
514709162
-264842482
-118967181
1848530103
-1581971385
-2023787689
1892352491
-972666199
707501224
1234533890
1445327649
-1552757956
-1885798553
-2098691687
-1474813427
1061837
-2017887148
933622919
-257270624
1929756468
261652944
2039409369
1454121275
916896553
-1755564966
1485628488
-277418396
69677027
-1610733718
1003943543
107633079
-1056907775
295063421
2009651064
1184768537
470791853
-1382383247
952208532
-513363660
-281333250
600183570
-461913781
1964752926
-403429474
-813534988
-1383200103
307762011
-484110932
1742912898
-1861117318
-169573883
-89341469
-1294873257
1731340208
-2114995127
1230651643
-432859956
808062403
-2057861867
1491202127
-190031151
-1338382007
-1159769329
1504402879
-925416192
-1576323993
-1753510712
685808087
-168357649
-368990313
1838666801
-1542025168
-901771579
-281320789
-1095625395
1568145942
-377245425
2088509969
1678461992
-707590293
-1326627372
-1136655273
1305097735
2105752010
-89608986
1006019569
-1258593824
-802099729
1544396666
-1691383494
865948684
2080382805
1870617850
546126008
-1382108870
558887456
-36056806
-538680924
-375413594
1859514173
390235945
792785064
933688715
753819335
566558377
-1545401622
1376681942
-726834004
713504033
-1058917048
2029126683
433243024
98335024
2001021925
-1918467380
75262448
4840165
-415158812
