-327644034
-851794643
-1135199511
1846695728
-1833616644
-1086280527
1509236821
725292899
-1396143348
-287935134
398496321
-218459258
633394891
-1505353932
-1613616963
1149952299
-1831104862
-507917808
973773724
700299984
1452796362
980899340
-350138210
-1417650897
-1759143151
-417631524
1956390865
-1808833069
-561803811
1043444359
-431150541
-2077128978
2103373681
-1272016035
732561052
761865321
335743087
-1532250841
-164935462
-1166397891
1789831837
1477815712
-937404643
685952001
2091661035
1442721828
-2092580459
-1246057021
64323508
-667124569
1916002393
-2049567206
754780996
-147764760
631520138
-666439301
1833597594
992124645
-321168968
1460113099
-1120921490
-1527296111
225874051
1379913014
326882420
-253685565
-256656507
-934358210
-1436143902
-83929230
759364975
1288741654
-173680592
1744074527
-216993935
-59236303
-742979298
1426699154
-595991841
1477138965
1240585979
605436360
1547507985
-682020748
1660618787
-232246229
-477031030
1390191740
-1244713784
-600936957
-836211109
-1456247955
-648019979
-2049689044
621330121
-1177381268
28857552
-72838903
1124835373
2042454935
672863263
-842753608
1627114779
1722780760
601230860
1656033926
2042548934
1651352830
-1245076436
-156414811
-484576093
1342398857
-1187868739
1749135132
1539778123
14734276
-246200273
-179112706
1162428325
-985336167
-1989227035
-273507618
-950218940
-1955259744
-1688281796
2090610561
-755159283
-114948104
2100022731
-609846315
1844166428
2071259482
1068278252
-460671454
-2072941849
1763398763
-2087056773
1179595903
1171315876
292225872
1877435101
692474502
-98696472
-699198585
1071704388
-1356235189
1683344528
830070261
834582320
614703241
1541095140
294894650
-78627272
-1122151394
-215135752
919621452
-1168356086
1204854969
-2131034283
-792913085
1166925999
1263611089
1525812953
1721076849
25576979
1712397016
1358802395
568703413
-533639228
909772208
-1435874158
-1679394800
-285170694
-1800089507
-557531722
-716270728
260007638
-978174724
-1198410649
-1614921492
-452999954
-1078886668
1516551246
1688673736
775430665
-1608434582
2108428290
1625575514
851308582
1435153146
-1745292884
1935383988
1856533187
-369232989
-1511888403
-382105405
-1970933157
1483827714
-1810198274
15191712
124920879
-1808391486
1848428057
2130629670
-289093047
902137170
282949911
-882386749
-1497641027
-482052903
1921673817
-638647661
-1443601102
6491238
544507116
769759146
-356851296
-402691476
852145896
-1253705551
-848204966
224739180
887057432
-83873613
-892752561
-93645837
-1184330017
1359949369
1670257804
2118744519
373568345
1916533139
1350275588
1175952477
-29732672
-1504347016
-109822829
-157555571
-204067568
1923657425
-1134481600
517383048
1425563374
722353361
1705512898
-1768425207
-1653831227
2078538312
913221957
600926410
1977366578
64599865
-1203869843
1466356537
-701859679
-488748631
1983249818
776586603
1960452152
1794302137
303545966
283464784
-1696933901
-579341065
1667721099
-1466960088
1245141007
-454530576
-1196268127
-1004792522
685864364
-1389578999
-1958095705
821508786
1702815405
-1795613298
476430439
1087580419
-1931223070
1044867595
1813866816
1540568621
571928937
-1540518182
-1357344473
-538202233
-2104769199
106443261
60429550
-20433998
-621239169
931731501
1506039240
-680970298
2030364117
-907620557
-1040435444
-1359467571
-917722224
-487839371
391623737
-1605045644
-1575447823
916152019
-11447494
47620095
-806471137
-545134925
-1144391958
31765629
201900107
-329818278
1425462745
-1213381315
-736713707
-1915545987
913414480
-1735407232
-393436115
-1527183593
-914560878
303791727
1236502077
-187146115
-1360010140
452695630
1301342214
-1480398161
-1856022832
-1340430606
673808073
10869744
-1270637787
837421936
-291673881
-1700662377
1128694337
-1974391529
-1836747317
1015672359
1440003857
1939072927
-2013100025
281781917
-1027446951
297696417
475952573
-1514571511
1720399024
-166147510
-147846336
-345064864
-793660978
772389195
-1159064582
-52209265
1514336266
-135326189
1171754383
-1099956781
617013533
1610434880
537225538
-1371195833
640586027
1350411090
1069318039
-261255490
803044612
1928933281
1932827194
18587091
1291552934
-1236712816
-2058110945
981622845
722557446
-144296189
450555881
-1064864409
-943121393
1801457422
1872008335
-2122051265
-473305622
930343918
-1909620675
-113068210
-851148160
-1947430596
-2086819465
-1078652152
-919882692
1990944607
-157129084
-1195474588
-1870917355
236630338
-1492188407
-618324049
463577803
337701190
-1109488653
-209423459
-247761040
2109241722
-1069812326
-767950687
-1016025559
-1773255927
56885283
-638230914
-1073542091
-1589860109
-275349979
-1659198180
1065836078
-1092611584
1535304078
-339787361
-1477695089
-2128800272
435565256
2146863285
1375433334
-2080388618
659478039
195336751
151820714
-1113661337
228377412
1331915219
-1947756834
870617006
1268454271
-1368456849
237703990
-1165331325
639240577
1430999089
-1633998837
380953436
188676081
19340086
282510827
-345154269
-177100280
438625120
1682835427
-1711072472
1327837815
-1947478933
-281807105
1985209944
589579399
1399853378
-422936047
1886301615
-1259897982
1745023375
1326427569
1982107627
1677603921
-1649343344
1186939013
389303425
1392041318
-1728254671
-368283710
1627869140
667803867
1969449814
1252741106
-491336028
1067486427
2047223415
-419820041
2055382212
1550032448
396365170
-2003422129
172681999
-1907928707
2042584987
-190152551
-1002932068
1870470590
-1871793384
-1845097129
718258992
-1529250227
-1875407764
1389745140
-1821584652
-1954648521
1107188560
1172687625
1591623015
-2126546385
-203362103
903816411
-859808875
-451244879
-1656896906
1884123688
1519988617
-986785686
-1818521814
-91443934
-892818177
-766671658
-1718732614
744386747
-261596834
618004779
-986781929
1862590499
527464164
1296703861
-1232418658
279315086
52965154
589588994
1758266286
245536570
-1287032661
2017275135
-132272773
179807664
832074760
-592355742
2071517729
1852984905
1094327278
-1324858869
1516116476
-219046157
1980998834
8607781
-1284900810
1080717365
-802072836
-967431214
-1343205728
1302171248
-1931923014
-63313913
1254589125
1135653734
-1748385960
-374679885
-1159593924
1658786816
846498349
-816042458
-1907063746
813598283
-1341725640
206622896
-1791160713
-752712765
856356363
-271719799
518490912
779520980
127289606
1866881520
734693965
301836957
-761642808
665644437
365402243
-1401083914
1597913059
1351353659
-1564472179
-1112235340
1299329998
1528402073
1699241615
-2124014549
1952736287
-898176895
-112108453
-1647003660
259186937
-1297408444
-532689149
352924655
399924418
736648531
643851694
798448779
-942031591
-1114422487
1278146991
-242220732
-1455567097
1250775400
902135763
184495469
-1364751756
-1129193918
-1019725062
-2062636753
1391106267
-1836636390
-1561721880
400623313
669586241
1847290218
1950136924
196722744
1826401122
-517986841
1252995938
2118854833
1886172205
1590948322
-2135213851
-1823787282
-1590182541
-1972536592
-740594040
2046585678
648984282
-20930355
1363816373
-932686239
-947204585
1140902269
1518844661
-1126333525
1376156764
1896993715
986136194
-954544986
-275417330
285952886
-2142791142
-659662835
22968250
1504167170
-1214911979
2007943511
-1082847415
-1231781396
-1073401927
1012491393
-1174341517
-1238121336
-913855795
428354064
476290417
-1331268210
164345963
-1382076586
-1237072650
672661499
1380403994
2109781747
275946079
462522164
939151387
-871641698
1662813480
-230171791
1365349891
463564581
48989090
-2035691432
-459732855
375945138
-1561854750
1420483048
4543905
-1723275953
-1539293700
807408536
-2100670519
538652075
451810929
-591129153
-1244356191
-1693406178
1639270373
-1143456458
1704109761
539388906
946650389
-1180677829
1415675334
-1400646973
-802178041
291468184
-1972328530
-944050288
-1456240766
525100803
-969947035
-570920589
1087448000
-1352419384
-1820369761
1519225606
-1155911071
1280754341
-1244235544
1109280232
-1656022621
1833899508
1511843321
1466108535
1960569552
-769865457
1092234828
-820748322
-1122714633
1441293807
-397446927
-1685837743
1109485790
1457998102
-568652382
1188552087
-1611927754
1809327
1952611861
-804548152
-1144792560
655838194
200274065
-1289897896
1565290640
-1924421683
796293060
473955155
1821547487
-1864008256
-1324817454
-1326866199
600225894
1053812744
1425840305
-1939061459
1915078200
880158207
989001139
1081338905
1449176271
1719609282
-296148380
1491578837
-2138601990
675524628
-1403562859
238063416
-1318444010
1349136513
723903416
1027612814
515786619
270648262
-951075474
839462044
1668233017
-1507333521
63901534
1538815456
-377376508
190508482
1802123848
840708124
842163308
-1235940133
428106329
-1114837995
1218735440
-1398089704
267792576
-1366099048
383287700
-47620426
1807260289
1555009981
1258079761
85398204
-59457400
2086740847
934313677
1162118935
-2002174720
-940651477
1272319595
686320646
-2109312539
486456071
-918488859
-1173066312
1403563223
-558371851
-1674257033
2085017906
66073649
1903145288
730176478
1333209974
1495568730
-706227849
-1451747134
-2093355295
126987354
1059732769
-1954130577
-193295660
-308114256
-1285840559
35704523
-418387562
-345582750
-1649518078
1823627140
559618169
36520532
-1305245467
684384648
-512932294
342811869
-1411361695
-1062671686
1931789229
-1377063529
-1913023782
1554022626
1132915353
-1735221898
-59218379
-1621487388
831983328
-371406821
-2028041316
1574073652
-565649949
1994639722
18441086
1151924105
-835792860
-521043879
259978713
-1142998576
644583724
1775248139
1541437115
-1275446685
-1518894674
-2080440292
1910640389
1790109562
-1917208597
1080131902
1736437106
1163392481
-1912200616
-968670460
1940186071
854191851
822653055
1961186813
1983321259
1796581798
180332066
74841349
-469535542
281060175
681933989
1754627286
1077486965
840821512
1213003437
-1650470683
1219619485
-1132882745
-13088253
1159485803
-1168817824
1515448209
1742635966
-1305356607
1538775763
1715780328
-1855944031
101598704
368148226
1739765634
-73309247
1394045576
-624976844
653356859
-561275541
-1783475792
-72677773
-1206615989
59245636
666663550
1011592010
-973785157
566757040
968118153
707608016
2093704980
726166135
-1220432453
998514405
1016160602
-543737690
-979749781
-2095970885
1920357176
-2068708429
240745130
-812766056
-853448068
1946151907
706135516
937231833
1421574340
2075985392
1887901066
262126905
-1663287943
308479973
26450039
962857299
1456661245
1274372173
549052144
-1186918043
2106735391
383064972
-1416864152
1144417110
1560958679
-786220148
310319683
-1972472327
-63826641
-16882277
1637189106
-455765101
1320002942
659753618
-2109475777
1703676058
-669091620
1589865786
1915234281
-1764719937
-1694738735
815737580
140630387
1096649774
-1096906417
-1422382473
1988970040
-1307283692
-149466142
-1050864315
-1209066301
997477729
-2064438747
-996163904
-360555939
839151822
1846565239
-443539983
1066266086
-1077602527
584784367
-1099252374
91304936
-2111160656
394607244
1824769382
-810311703
-1671940317
1586486449
-2098854866
374679296
1687288444
745599695
-1414555459
-1088274518
71668316
1921349219
-1798560858
-324564259
-1239216770
-1122203357
759603765
-2087814563
-110179960
-193530509
1655396309
166561871
1300763906
-27672035
-552310351
-1716792309
1353280934
-326513343
1374818460
1891711030
1903681241
-9330038
520717621
1696149006
-2008333191
1519517858
-382465466
-412085753
1802597849
-1653554713
-216417940
-437805673
-179659511
1589714014
1169815037
1837673038
-1942143398
-1279562520
-1655854555
1588957736
1600435232
-632684110
1462612562
1962000678
-1882905927
-585918478
-1322640687
-1416082406
16525518
-1547468593
845484985
677683394
-1374302248
-1820679776
-913391865
390963993
60915942
1515438937
713899274
-1436234776
-811925092
546891073
7248641
-244310878
-25707138
2045675240
1178109954
-1055982479
1256775534
-1684726440
1409545244
94851724
-1343815821
-1842337910
336657856
-732335669
1252288699
612734491
929157468
1494133116
676281314
1755281983
-651075768
2107608951
2052911476
-1461374987
-1501230107
1078744943
-542310224
1583380348
-1855537661
680709003
-513233265
-1078578683
944172931
-166544844
-1134409468
-1465797207
1071424573
1860889904
-485076348
-1757614947
-757896413
1460010479
-443194936
-900811869
-1661612634
-378561755
868596176
-2122568765
-645607080
1296044952
1473764907
1154544442
1146318802
708131386
851027829
1742567859
-448321321
-1024657542
-1761108959
-1528175692
609030841
1965497302
-2135649928
1370435930
1524960507
-1464252492
-2070161183
-403727287
375060791
-1791427470
-609059486
878862557
2095062594
-1173542213
1439716710
-1258920283
909449613
-572927460
1079110848
2008185872
-390659379
776832470
-513766672
212932968
-1012357666
25291509
297654691
-215949568
-910493980
1939702689
12906368
-502119767
426124467
-411673677
-1859468511
-1385291670
1842802032
1692035723
-1927001505
-2064113041
-1991632520
337362464
1043909074
1375417409
1391083648
701219672
-1804920681
-412256969
-1126023940
-2005778535
-775103405
591158828
899215813
365023135
-1086652040
-1924592015
-1892596235
915734415
1697838023
749204485
615742229
1713131596
-2069603563
1698054915
854802810
1247198729
-6594479
-1714753445
513289963
-1217160160
-1260667196
-512744508
-555451513
-1906976223
876946843
1668109553
1211115749
1700660780
408792482
1706657794
667744124
656515203
-1276680366
-152019651
1600769605
-838101926
1563575565
-2024019971
-1504544610
-1219827215
-1272191577
391151850
-1521295759
-1607334428
1346569000
-1422456983
-2066539883
-1065743935
-666072625
-92977578
506729332
-285005349
1827969882
1160474608
399145453
-1092350883
-702152060
-1866930924
-1336913286
-987265631
561437391
1533655982
-1316787051
230245826
1800499331
-137250708
1546218583
1425492847
-1032020746
-143609933
2014857826
476524546
1444356876
1434943958
-2090045951
-1318346544
223203329
-574347643
587449741
-574121534
-296983451
-1176601725
-169377518
813839652
1130727784
1017563803
734286641
-1550375748
-1435609513
866269908
1177246791
890054686
1594763878
23109859
726934478
-909306818
1435229871
-176528672
-1178975229
589905990
-1666345862
719086397
-730354743
-1364300886
-86989889
1156785907
48667341
-1345031816
-1733071384
-1079661827
958708713
1974885620
-1815930662
-266101495
-725417523
-1856064668
-1906608586
76671853
-813422116
-55703769
1451727579
836493399
1271269715
-743495668
-675943761
815676488
-112195408
999130336
431660191
1065681859
402878801
-1198026168
-1415054621
567014465
-1500483238
16796369
-1548491898
924636263
1344076252
430971973
987122981
-2046422150
184081203
-1633233344
-482028554
-956863470
-699612242
-1233818110
-1196715252
-2108064243
1130890357
-1586517115
4443608
-1271884858
1126908071
-1230826543
-1846727182
571082375
927754946
597795983
-361326311
1475802683
1544729672
-301714212
244310904
-1102165913
-135310434
-1619947680
-1917984214
1192960603
893535286
473209246
-524377600
515658404
1575511280
1782389900
438552193
-1702076988
1109563581
2014052966
-1354410702
1236345380
-1422144123
700784062
-529567466
-1163049143
-1068626614
1403899352
2110900856
-616764346
-2031813235
-1509878732
413124327
581585265
473854192
-1955139733
-239295103
1079916889
-1127223524
1399197502
-1940970636
1278991607
683824868
-1086048789
-699636543
1670762274
-880607574
-759506237
-2084428477
-679568568
1151072001
181068280
-274434576
790457179
1861964692
1825799611
-2040296867
231416072
-739533243
251497606
533879431
-934588882
108910745
1104021686
1999576271
297255053
-985157806
-1548264100
497736774
-1897098050
-379665315
2091562067
1440591659
1773012066
883176174
1982304661
-2123804239
-1163893858
2097263081
1566134218
1977886980
364773830
-1603536765
766988833
-1220349298
-411180713
613697833
1419116387
1285006197
211385131
-1888663904
1852037701
2086681704
42926311
-247105684
-1104196867
268998043
-824126793
-126084234
885452311
-420583665
-840295363
1341863912
-7373688
1080496406
-1154757434
921435483
-1790467837
-1640306410
-1552654658
-808915916
-240955765
-570290548
-260562330
-649897141
-584225719
-737473452
882311107
-2102901556
-2038961505
2117323303
-672668711
566918498
1905235324
-996044188
-999207655
1748416913
-1943390223
-1446170606
-503731433
-1562901149
-1923422972
-14391004
-1051622017
-931556794
1208056260
-271427329
-1633378743
-84082892
753380509
2085908282
-1317108949
1659535124
1708080621
-543549788
453132879
1467122016
182066646
-1781970806
513553990
-598818553
1626250069
-1381855175
1517296955
225107347
-1891176301
1143161537
-1976242325
-468000114
494715003
-1632833796
-732747564
1294491938
-145335924
-1494922802
2100394540
543490047
-509292049
1962023597
451351828
-1409571455
-924888884
-1125585821
1934231437
229089296
1075386584
58885650
851663530
76247242
-625661902
1620996216
-1162221433
-1512629153
-837582481
-1138553996
-1375724167
-150460867
-677285389
260765641
1606424710
-796157460
-1334351486
-2076649184
1361370903
623691450
658781974
-1061768109
-491350036
1413583258
619626226
1570139624
-481623729
539984200
-1789624842
301804763
-959801716
1056106673
756837941
2017174943
-836888417
-519842926
-453304124
1618055527
-23106001
-2104845985
1799233748
307942817
1571032763
-1919927707
-1153305597
-196534334
-614044398
-806032590
282545134
607451464
-1023994616
1069118004
-254722806
1157470204
1781887078
-1848755297
2034208436
899608184
2019256098
2103789460
1752529030
2124005608
447106767
1173509759
-1423023893
-482229740
1213914454
316078016
-47746827
-580780899
554242790
1533959821
-2053238419
-1981281146
80760617
185016598
-141515477
692776182
1169360311
681002473
-845146968
1181376059
-301152817
-1814477929
-1069154607
-1762645998
-1170962108
-2092509544
-1409506531
-116605915
-444563788
-1236217493
825415905
-1745027884
478135040
58804993
1790420962
1130310711
-896418313
-316158117
-34712021
-1321646237
122295892
-16419215
1809121057
-2014096915
-880054038
-831978155
670369748
1085035947
1848799005
-628523624
1677067415
-881255743
130916500
787463916
1493230546
981982171
-1955177428
1671831306
-592809450
-149652809
-1683377105
1626282966
1257868145
1204615398
1413478853
-2068673600
-477196797
1677605074
294945706
1893920876
439804369
1574783746
1071033376
-904736876
-1802458664
-926823524
1066940967
-1903413715
2081419877
-630582229
-1388533268
-558183992
-554176349
-1733671518
-886044546
568003643
1492133749
1802727073
1510168263
1541911936
2114356613
-1506782730
-386422855
1709721564
913100957
-1891004059
744517063
106054211
-1622085067
1635467436
1893247894
-966748934
857012556
1153574081
164494324
-648332162
438625659
1548165981
178234632
-1509742940
318082886
-1743542595
-1832965429
250922497
1821983157
-725485145
170071222
-1491732597
17553699
352903082
1664342717
-1454760320
-333350059
-382603862
-1922683525
150051462
924859597
-880908645
-415953491
-513278957
-1195489440
-1099521908
-1839110428
805739278
-1295821306
2136749543
-377216650
1147630518
187013616
1404536566
89841589
-134320702
2070371552
-780316759
-1039738269
920482250
1736176820
-170830442
1006145636
31060197
-1026565054
-1422429632
1891253685
210813586
393807211
1163165083
-327791203
-902857509
1448196202
-93004593
20331553
-524768585
269587565
-1977173700
1940495036
-169179984
1822262630
-661511234
1242311759
-515502139
268485410
-1608931279
666717270
-298924400
-653382247
-1972234953
2055869788
-839307093
1439341192
537427000
-1999701328
-1774121904
313911357
1685695914
-257111719
38137407
-988681807
-1991330414
1540899910
-1600685084
1252229083
-2124014519
-2142580791
2135466936
-1269074878
397012867
529391686
-898402329
35252436
1731123085
-1413341145
290295602
-442994442
-1579631403
-702643950
262606870
783558620
694534575
1303555166
-626210259
1561483289
1435014229
-772045118
-1167588907
-5273479
1422351664
-628114609
1140642319
-476970482
1701104981
253067680
223496360
-992599160
-202567343
-1340992689
-1881300835
31200714
-967267287
-1523153750
670842555
1287894457
1230208667
-539691867
383669382
752666454
-380207446
191121427
-1329705637
1300153870
1864819545
-2119703536
2118085080
-1424169392
-147470154
930356162
-1064292997
262151264
-376991719
-513850048
311657097
1968847978
1954185389
540715473
-2011318224
-1585281062
1547201583
-886192807
-847200529
-178439190
1528257526
-872314609
661997365
1295316348
15305266
-791636621
1948558920
258342441
-1468191880
-533946497
1005692264
-383199591
798018685
-1592232676
-1445159117
1405784596
378095649
-1707518761
-1170108597
-522791079
1182964143
1922665684
-915081163
-1885300050
908398435
897684738
-995179644
2144593208
-2076401364
294393999
-721387466
881606028
1789423538
74228382
1342612317
521176453
-250302567
1479008823
-757420287
957243735
1431405831
-285755009
-1815715004
1362918372
1262326627
-1207661528
2090229191
602684494
409159008
-1681882838
1953286988
277397709
64229689
38316978
987434909
-292932927
2042445117
1140543323
1360234411
1027721226
-1075451762
-877546597
124963321
1263797655
1425955877
369048191
-541980358
1912346429
2091182104
-1598116198
-183861959
-1500753719
-41627361
357694522
229373432
1330457688
1782059604
-1115174435
-899220196
-383952411
685569849
-1705139229
747448711
-431311838
-857943553
604811140
1427147078
-1639633268
-1166978555
-281405181
219497902
-699789127
-1203093858
-1157385949
-709433919
-1640557836
1368234519
171208154
217371349
127545355
1166569719
-1770798524
785384311
-921943962
-888743544
301859290
-2049052532
-1439583653
-139597930
-1432141085
1278425273
-1365380159
1742966
716010538
2127205892
1149984962
1614084937
-249194000
-1867314757
958581749
-329836158
100361764
-90545516
741012396
-1210358875
1997643729
-185106155
-1851164535
211723856
-731574825
-1050018251
-1232852649
222153598
-492119843
-384100285
2127214614
966257674
-2145478523
205916679
-834786217
-559843982
-1106804766
-120836058
1865197258
2015193054
-1912644314
219914442
1577929237
1889398880
998072479
-1477109374
984702182
981328763
-1680744732
-418879642
798816587
-140977175
937394763
-64180866
1718279488
1436549528
917610397
1298935139
1917071497
-1236943626
-170483188
-1385073113
1622037442
2103106158
-1352613275
-1436672654
444468404
-2019827151
1826520449
116483820
-1142905879
1939187769
-1514177023
1600617954
-1335834750
-420194166
229764409
383788323
-405387449
906003386
1070554988
1839595819
-259195393
1833037747
-1926246598
-358752125
1256225793
1584935096
1676434517
-1799903641
-665893110
-426422619
-1643986565
984660904
-454966447
-1704527238
-651840096
