1559119192
-1250958690
-1672346084
956545336
659860309
200421354
2143507948
443925535
-1389920858
2127640423
-63409018
-1377808575
-1570251876
-2120213669
-1622549378
-279012755
-2094050618
1210165476
-2114206911
-964851229
-1226073414
-2112265613
1259586685
-1260292130
1941162260
519978363
311648192
-914420875
1106133438
-399571100
-978703265
1468672163
909043569
-170678843
-1841502311
1457212836
-274116484
1033217490
1397539067
2126311810
218825668
504221459
-1235449595
1360508910
1145963019
762031447
-2086164979
-1274180013
1280581492
1085752807
-505875613
8455720
-987762362
-1705219075
-936513867
-972586875
-1115139088
632449142
-371927115
-174457095
395300172
1093265607
-249911816
-985551462
525946663
-1258919635
-1159202527
-583370148
810032641
1604816424
-1453693122
1003965862
1215356944
-528867031
-113652367
-1910982622
945690763
258974857
266307282
1755326932
-2071293148
-1867074883
-534794861
347539054
-1558674475
-488792888
455264869
1489119969
-1686872353
1089207280
-668953061
1743763511
184462607
-636015948
-1982680692
-1284098145
-1849139134
-1282352900
1954576316
-1114018871
-786338772
-181522542
-1041019331
-317037708
-1687050412
177813200
-877324333
738042180
634402914
2141549723
636530006
1609264344
-397536356
-1703152241
1751548124
1645977883
372001966
-1327352453
358993686
2046790618
-343981911
35822351
1658651386
-974015849
1984683085
1683258068
93990818
-916680548
2117894795
1831654747
-1929460621
893821522
64968516
2069906617
-604512382
809718227
-952634793
1764871474
-46210510
-89286468
-376783142
-229538509
-84136927
-183866552
535333542
1642678405
-1356849084
1170096282
-547026408
-790304064
1080350800
-1306375079
1229673494
-1419338499
1647127131
-1699005055
-2125489584
-433095985
-1986272061
1679595128
569221576
-53513614
1518888014
992014943
404209555
-1360069563
832825490
-187642965
-1219338784
1631081845
678775447
2111215603
-23835335
-594726406
1644624314
-1409790709
-50043383
-275703353
645751507
1794876240
3227229
-1302338243
-24500838
-556029627
-1410861074
231410912
-267207610
-1265927074
-1969526177
-705707956
1772583286
300628764
-862114366
-1633486743
-1395523499
1381074009
1350453600
1045428445
1578146552
-2141382684
939887289
1018754242
-1362750711
-1662555056
126208201
-1513043304
-1615073110
-1490399735
-381773939
-1864365187
-1940962413
-1061692505
1075195844
1083621787
1430149756
33911686
1420005114
-456152607
-1869607742
-952146282
-244575295
-2115971851
1886616132
-1574665106
396892737
1319166824
394356110
1107678375
957766899
1762087211
-1414099911
-1476914841
1033772457
885097537
756064657
-670451908
-117679407
645763765
1194184568
-232145366
95982841
1967584206
-1863786103
-1818734586
1935796373
-396324734
-538280320
-2055467003
-1898086400
785049383
315233240
-741619825
-1063542336
1163671152
1893685173
1248169049
236510990
71033750
361727236
841593778
-26925420
200380373
-873482784
-1098832101
1019395960
-1203007207
-381157321
-2112098787
1695248537
862437881
-1617348435
556663127
2074761239
677698788
-1761509441
1295891158
48051992
1257363097
1811545387
1945663401
-1059572279
39054300
-1423282801
-726188365
-1164745821
181622374
-1607113136
1621524674
-977700881
185195804
-2052426819
-1390328352
1168348811
-1701989500
2004448627
-1207870487
331750638
1881562228
-1189815038
2141936221
1739504488
-1235188725
321303248
-977891465
2113167022
1764820197
211191101
1484663422
880651670
497454218
-1109613048
652883802
1300963102
1621922598
-964601360
798244713
1178463410
-1697015169
963436190
710189971
-383425362
-127014878
-6853951
109249435
99639584
-2058932512
2012646523
33900216
83420883
2145442680
-512259589
183376228
-1271123832
-742393707
648849514
941945970
2075241094
-568009222
-590512885
-1432419994
-1256742315
-1228136709
-16208739
-380538880
-948654395
-2060751826
371703043
1803227418
-1124527051
942562402
-378807002
1080838835
-1294227183
-1102950192
-2104178918
-1496204982
-494797156
-1933580144
-1703862145
-1862856080
1107022319
-2085374130
1869217065
-54715240
1138100544
-1662045379
2054252547
911659057
63553895
644222539
2060850735
1905194486
-485478498
-949260651
1425844338
261674628
-194225272
832944668
1428233935
-1400647892
-1719143052
147253689
-2075565455
143843338
-649016094
1518507854
-54785587
-1137277098
-2049397947
-2112210114
182237959
-1569161735
-2012113142
-882160354
-1987981163
445524323
618447576
-806208596
1408050210
-683682149
-645747431
-940544001
97264564
1730155159
1510945721
-1038954496
557946128
74429389
578068526
2010739736
1178446684
1950378249
134541239
-875002838
-2087759098
-1020206719
-335488025
-1544196157
727963621
-801447386
2112907108
-196938352
-1734850147
-1262691268
1299247852
1381084688
982663750
-378676948
-345956711
603065737
814478159
1401147288
-1173161115
2059407679
93953184
1229043120
1068585199
1855982563
1785516542
-895228733
1301085054
2144814410
1799107252
657891865
1456711238
1558339934
-847480978
-1366564609
-1585355286
-1277771175
1417804391
-1031630302
426964802
1245403695
1676680646
853742624
-6904227
-199712949
894317637
-2047239844
1117135305
-1564043138
-512765932
588289809
1395899921
1358640180
1087937532
-147156567
-784732794
722099944
-299752762
1945885263
-1769738174
-882078503
-185849636
-681963070
-929890199
-2085115139
1162247217
-1092582292
-1768718670
1820437302
1494048350
-1467632717
-974527707
-899473469
1956637965
1448059022
-761825754
1589877240
283782298
22653786
524490161
-1887387599
-1338861322
-273146643
-357397786
1008488196
733307087
-1276990229
-1304087608
1496086965
1544924909
219191640
-1966537407
1988976110
1817159135
-746183826
1192175977
-1853260113
-1537478186
1803322801
-30032377
-1659209085
-1604315952
306886464
1861252951
247623924
-1185623816
-1123643284
-1586353395
1100073791
2126402892
-1019534194
322275225
1509186635
212340864
-590715628
922975149
1864109015
1875922465
215835101
2088374779
2039382259
973996542
2116532935
-1119959741
-188842063
-1799526973
2079856261
1999868044
1257303579
480660709
282636981
-1028243535
1111012455
1553552069
874537265
1583727647
1716776041
-265337073
889554596
1600229851
954733640
-118981532
1892281952
1102268618
524433524
1134550328
-1548777617
-388813268
496715991
220195580
-422355225
272382569
1932528970
-253359234
-519214206
806141712
-880841398
117622928
-607584659
-1375934180
-1627848981
1137436136
1739779424
-1748720776
1670451468
-1476431546
1968687598
496934340
-1555127093
-129683237
1016969758
-1708229799
-147125701
1777210345
-659896775
1961651850
929174612
-1096316506
92385253
1704510509
403511339
-1814896026
783066738
643703641
-2007880862
-2104549640
-873567117
259097968
-910928415
92656207
-2023243120
1181428319
-1423398203
-948831900
-1859638374
2105806116
245333144
-77468325
-469869088
-677929840
-697294654
203674596
-1211238976
-1920877490
720959040
1298018788
1677016448
-731033053
1336714131
1288471635
296164958
858252150
-991903750
-147717273
-1345679643
-1563228397
2017549282
1762849778
288494210
1033154347
1007688861
157756167
1074994774
-663515233
-1936924846
1786685412
936277836
882713725
-296675532
2105239563
228056430
-1138287414
2001099510
1699862961
1520212084
1194732929
-1586244226
-915173284
-1943160418
-1131376421
-1838838312
-195158073
-1049876797
-1807567407
-156517779
2038579464
-1891515736
677438430
1310692212
513123828
1951680149
794351369
-1635886937
-2002510142
-598499035
-789407710
2109898298
-883231251
1171189342
592450891
-5360376
-1420581281
-1126671104
-466665798
2038022671
-925806645
1215403297
1554688956
650860830
1102482778
-700484615
921766908
1531277004
-844131703
1755132154
-701765371
525579692
820425297
-334217180
1834122244
1554922174
-833112953
-742423146
-1708287022
1250776359
1966644613
-176837017
-358742222
-1040163548
1932839946
-1342192970
730238806
-477864388
-643722914
475940095
919594664
-820561739
2090969017
1752199856
-1324083258
-1562974648
-492885275
-763987461
-1814304563
-117189097
1725560610
2065742062
-818368807
1614320606
-1522363831
611015104
-785820212
-417845655
-1363672269
1202118764
1927389263
-1562898107
-180274341
-637305469
133620758
-585022022
-1371474239
-704759234
-236599705
1292914424
254621201
-1100197422
-812073764
-673573489
641840900
-288207864
-858827162
-217082332
-1506341114
-1585861364
-1530752875
-69122207
813583385
663834244
241351959
-144807123
119226360
1070708196
-1286620290
-155468003
-2076845697
-1243612160
-1116435642
997212201
-736284599
1161763298
-298092011
-1733429854
-1392695654
-146231587
367030852
229111651
-1204697729
161715170
1706765726
1031152454
305248052
-1690316783
1169379430
24786394
1371243461
2118435474
397193374
-1859044782
1938256887
1188533670
1004162438
-1986558529
2138717800
-26390792
181058402
-571166335
-848108812
1522340153
-1377237120
2135443707
747657306
1536975595
1633245305
1441209989
1852960799
1029213819
-624374090
1029995430
-1296067407
-1967296619
876374326
-1126063998
1685407184
741032372
-1201474931
-1735309679
-331385047
-853392393
1940535855
1810111121
1340880195
549733947
714612206
-911318595
416232606
221868901
-1091819583
-404341185
406138649
-957944577
-1709784122
1386039010
-874171500
1815809030
551506569
751789579
-210449451
-625190143
-1042113658
13382633
874388655
-1421501099
-483957780
1553940459
-1307220896
-2027259945
-761320029
1949236594
776829755
799379107
910516880
-1173272633
1148271238
-2052445141
451899415
-57691825
-1059983963
-549403246
1090819809
-1253764611
-9883273
-768151494
1014788830
845220103
-837884417
-144663397
1173323661
1479894492
988419655
-1087264170
-1787487110
1803332692
120453760
1297361289
-239151608
-1878513623
-2086504339
374398309
-291965328
259474341
1787414018
497341436
-1846238455
-1484712547
-1083502008
-1124587681
-1373632055
-629908835
-479963005
-1411957784
-418028789
-970896028
1378075029
59838419
-938357870
1352929938
-221562972
2045931539
-2110702899
1857923999
-2029580294
1623139939
1692211548
-2841329
-1546981587
-867732326
565132242
-946474013
1085688703
-628526781
-1086110276
-1346259374
1867788679
-2093803156
1301068002
-315176008
947924752
-925684802
182990028
1292597199
510953536
299114701
-2021479801
-1330608868
-475784452
-306326351
1293519017
771725995
734303371
2112861653
-1077730415
-387139331
1804852601
432966926
-241246733
1268650561
-1624383555
-495045905
1665193363
-299060798
74844957
-1292843429
-1918560176
746825377
-513131567
-476432294
1152558435
-302340669
1399514982
2125480240
-1290354968
-1968941300
-1898007579
-540274005
-708489314
-2062040628
-2074747596
21257149
-286037782
805276793
-474739525
1877700937
-1574101727
1949369247
623740746
-1673088959
225982982
565713939
-179382983
-200184592
-1031166063
1399121006
-619427632
1496253332
-2027196686
-197518919
-1886845207
-2125144529
156085717
-538717339
-1950648876
-185695330
-1977812506
240679549
911160954
-2125790230
1898646
-566919138
-1546449980
1396987357
1793994527
-1265858778
2122535997
-1182369320
1750224582
-1829964502
-1182270987
-106596892
1769111903
-255779154
-1421411160
1049526022
-710968810
-2099936625
-397215200
-1831738410
-1661251989
-833369916
1057970391
185109586
637098878
-2099087291
-375785249
-982441233
-1935623284
-315254710
-98267386
-1861338383
239210425
527151288
468061749
-649066501
1880728079
576052696
-1838234856
-1595311383
-1352457274
159443785
1622148611
-1072048163
1442089925
-1228887497
1253222163
1840322967
734648680
-2007107891
-150636396
396801546
1950596996
-635756312
1906285474
1300207659
-2122875993
-464933876
1065906962
-1522965749
-1190240861
141007515
-1152294766
272519720
-2129149107
1600763971
-1534349298
-1706669313
1209568386
1983616952
1512527189
1832842213
-1764799638
-1739245661
-1219665924
-1398938602
-204163840
298943193
-1240249982
354238734
1035212241
560996304
-242056780
-1391174377
-410005757
1252016974
-1547575982
1789078307
1663180697
-1353090462
1898236659
-788489253
-1456816652
-1671258217
121532965
-1029097481
-1285683812
2146856807
1895112920
1412205519
1358085440
-843550738
-537613573
1345140786
-986203909
-2098978849
971284583
1913699446
1449843928
-305422149
-701399812
-1894167088
1587495832
1532645439
-1015662839
-160083995
-1726444110
1604519197
-2071605263
360006304
-1738695526
-1966546193
1122683658
-825083578
1554333253
-1391658648
-508776760
805056198
2070121709
-222682420
1971975194
386452309
-941160687
1850463649
1641482259
-1806667974
-832527425
1673780646
-1994832947
357603046
379741973
1324232708
-1602290039
-1069028281
781466372
512839363
600055323
2054265181
370610263
461172607
-1507538556
1393209356
990546931
55564634
854991328
77970228
-1263942560
-823579084
664216962
-906113794
-1917332600
-1425501415
-689299107
1421581945
1698513085
-907809797
1856591013
-1867213724
2049148672
-844063072
-152065355
1582611789
-687064193
-1182166819
-159862989
1080171738
227907679
653940228
-928440207
1566103654
186019772
906706842
665043990
1082464463
-1728591123
-2093922995
-624664067
-1543981683
544389644
-851445724
185928028
-1211630329
551360436
-1129646856
32506920
-438686175
1226327308
4688418
1011031224
-514885863
1818305028
966165621
-586212952
-565736045
955303390
-1230416018
-569863169
1743860721
265403376
-382397270
-2081584236
1350320104
155568295
-862394729
-680174163
1577907792
-1135314225
-691731858
1509360104
1785253946
-86307568
-1387641504
675000670
-972948153
1375361979
665448719
-323855356
-2088224969
-1186467130
1568684863
-1231384491
1685764800
-1376552939
-1046764339
1006876973
178289056
-1033767429
-172078113
-1830300168
-1022830091
-220935681
-454709924
-931720949
914921164
1556757474
1321765278
1327224913
-557083145
354549984
-1107173274
1242913834
-1219639518
418393910
-1906624496
-1291806577
-65380312
-896703004
1360503815
8801401
911346338
807087284
1430535802
-941194365
2104350401
-1767911302
690620751
595629517
-314701987
894255004
-1958188456
-251608540
1761676109
-1816483116
-469846332
415942239
-52414472
1947266612
679379415
-2016732661
2112166188
-1012529558
185049821
-1152471222
1985178158
159651397
-418765221
1041980919
1451297809
656195703
-1462133112
755064078
973507915
1009899932
2069923579
1505783371
465049221
-1744259461
-1309036636
1671536656
-377499471
-678585718
-863968512
-1211053685
-1188030367
1717635767
-1492436088
-561044201
703926871
1478559845
-1463100310
1745530083
1483896152
64780468
-844562053
-1170465327
1595120965
-2051064827
-1621321109
-1696086880
635517803
-1628849732
-59579079
-1543800500
-695125991
-1320229817
-115164183
-1891210060
129669490
1772091743
1041926516
120433789
375423877
738034318
1208228352
650805558
-56318566
1838766576
2121841233
722340540
-1599952690
-1242712259
-1512875394
-900219168
1283159010
971606278
200648679
-559763898
162551887
-1833787842
-2014293402
1380430735
-1822720867
1822581756
-154275644
-1097797446
-1378609164
-1440072834
-3983250
-1203945785
-199077133
362327152
1056865383
383284125
-1383079489
-1668745362
1534830464
1924637229
1826597727
878365895
1356932551
-524896042
411570759
-123196540
1572696380
2093425163
1559278130
529247400
-2017184310
1664437042
1483581236
-739656008
-1373290379
914699727
-910183921
2014549373
1292283343
-1960544543
-25047612
-616377849
-1211167824
2100447372
-731772307
1725507317
-243047899
629445111
260882762
-1791001356
-431466584
-1810167433
529430040
1207196549
-1907039087
-979381012
-882771543
-183395838
345524684
-1180218261
-1700421199
-1836213022
289160908
1180091165
-1236555299
-1896045765
222792383
-1909163418
1137119785
-1059395448
406093059
-2074008760
1542950514
-1229939028
764541144
-996306422
-131310774
938279990
1727858773
629508116
-591459317
-1872356634
-1725158752
-292374499
1464116782
-1287732624
-1868246695
-16160633
-681271843
-1513276545
-280575658
-1725802487
306874309
-2076682500
-429897067
-203700082
-1432316879
-534653553
481921902
1477825628
-1085397164
169392997
-600558840
-247697032
1528242917
-520709068
-1165986035
-788281527
1810740465
586621819
-616615775
115456635
-1550729236
-1819714290
1660179599
1362744102
-1187631096
-87129647
-391365947
1977540910
-694824503
2024950979
-1956026110
-69205268
1063681497
-1983570882
-1617439539
-137563635
1102229016
-1614781572
-1155673944
670546618
1435422711
1193422941
-1150150523
1844986105
-1272911866
1993656678
1805758841
404240466
507927242
312715277
-676884305
-1634438731
-1551044908
-1651551437
2049129886
-804609125
-403612658
438689265
412803966
-1539764118
723975255
-1390539114
-733444617
1856483101
-2075037358
-1915784720
691621147
975747620
-900574341
2030165707
-159310698
479774856
945438330
1228090806
1471408676
505730386
1502465723
-1541789428
-453408958
1390336301
1250190398
874117426
-1557671384
1456462410
628080299
-2050387683
-2087026187
-163539325
51955369
31907606
993985068
1272982466
-2133911441
1128646081
-1799483041
-2029886812
657335194
583475546
1242830633
1134919512
1752429633
-1318822590
830760288
1854520525
-1806501562
773873082
-538781557
128112140
65625070
192332269
1106414482
1187922401
-1474446156
-907099597
2135921332
675218625
-397776551
-871944557
1447358908
-776323865
-1944231873
386224522
407847287
-1781674817
52737271
-58148086
1176483936
953993096
1407461912
-161335355
922389149
192119860
-53865390
558659754
629593390
403667602
405199554
269037231
-891975581
379932334
-1297373049
2135793361
1925711247
-940462473
-550886508
1612051032
844522490
1548215714
597179591
-643381409
-608136933
1465600974
804810043
855164307
632602630
447672553
-923274023
-322815173
-1675043805
-1524028463
-1558581707
-435222921
-1286868192
-838930626
-513848425
-577286452
1104136744
369428702
-1597435562
1980355295
-1088810412
1253289665
-1575788180
-1954099584
-1762660255
1946877687
-1042469817
-522928918
1579535267
-1739762313
-1638294819
866679624
-1912039366
-1603363775
-169507326
-1527869573
-170585982
1415969223
-190017795
479958810
1306825167
-511606391
-1506890408
879108794
1048481882
1823591166
-80722441
304906606
-407316875
-1044540742
-1968431253
99434641
666895110
-1934898740
905955207
1348559810
-729482446
-1498106008
-889176524
179542319
610485080
-1309601595
1529739649
499117590
304051008
-2130171064
1394382590
-1275345015
-1831061100
-124998430
160681545
-1126292623
-1684561266
952721077
-130778903
1604085204
-827746830
-692713987
-1597652134
-1919928742
64471103
-1008310483
670817128
-153144820
-165520608
-1379674280
1506455488
776303967
749766952
646184914
1634505923
-948944271
-1753597761
-866797545
1500373661
778454930
1874379350
-144238102
-1551114090
575621637
1191622113
-1141492799
-163147353
1791310086
296389510
1691352416
1407858256
418704655
-1743836270
-88640829
-707881048
2104825686
-2077720148
543750464
-606638155
-987880038
280072012
260862701
-719158531
-1030349281
-854281875
187343934
1619345245
-470829065
2024148352
1046532082
-347802600
1407988610
1709398436
-195580624
-2020477134
828618551
1374385172
-13558803
1409240063
89142435
143883744
1089616784
783654646
-583853647
1638296800
-1046100009
1538894538
-598846932
725043429
-615718917
1519082171
-1498587774
-289568720
1962056722
367279656
-1249674038
1580613415
1553536180
1706107241
-1456456440
-1023666363
-1040400159
550232027
-896802385
1555251538
-57323999
-1497906373
-1489931418
180737748
-469149971
1525941303
-1818986737
1639997124
1975294797
1486700610
-1374908156
-425367163
-1837719614
391116967
266442915
1078622225
-1231432091
-1899270431
1090969612
-515923339
2084681295
-285904344
-656624599
-823742081
-350198469
1658122831
-700753682
-2089443404
1817892714
-937268275
-2089089567
1944827271
590121414
1466597656
1415620316
-272649016
1275738698
196105529
-1139841774
25216858
-1651686752
558005148
1822112847
-989125335
-555255541
1263440168
953753731
-1668504230
-1992705145
-1544760689
533559168
-2002473277
1109756205
-870431770
400681730
481180572
-527151652
-171098761
2065159920
2113528951
-281721835
-2104921642
2096945121
782837357
-589491929
-1414151887
-1686422047
574314649
1073774475
225406444
1291347827
-2047867702
1647704977
-2116319635
1422870746
2032768883
960476731
671127603
-1286233196
-1791583514
-1361407384
-1256194003
1820242470
-141102655
-1381220300
-622629815
-1206498273
-1724529496
-1972557154
82338378
884721238
526915380
-1559159956
1853677534
-1955327115
1007368234
746305867
1660774383
2032068795
-803372817
1081885753
-1049226951
1435691772
-1159784389
329135143
-869438948
434186221
-433083379
1930599897
802768307
1216372638
1119442654
282100241
-1582643676
1730470470
46670873
-448238869
-1470089159
1796343366
749791177
-588645494
543200303
1241414248
1017208212
-629123596
-422725682
326432871
-589380889
-1470858438
1085779385
-1926292557
169304178
-11335204
191665671
1350590580
1254012631
929365610
1585841169
600018639
-340573539
1157716590
-250747507
-1860364695
-1528296598
1207424393
-2044573989
537468457
1035694705
1825766619
-1272936290
-1319875519
357037096
791831720
685103759
696945261
512938302
-27013064
-692318323
886524541
1715983052
-661883907
1210523383
-1526264047
-2031051318
35763707
1320740670
-552452957
747194820
-1853681564
-592050763
1838511819
-2009387316
-8586622
-1808803925
152833469
606215858
1469512665
1520761019
-228245483
613383538
1821199756
2012926561
236278998
-1551766291
-1334268417
-1161293616
-925904464
1530888156
-215135555
588321027
-423079551
1634445313
1854137500
1561631762
1185660701
-741256290
-1378971105
551060422
-1784940462
1319956010
636273691
1846211695
-2062279386
147404866
-997691236
-1077506060
1412173666
-277009699
-2126477304
907322922
1075177043
-221750844
-1591535483
1693064809
-1944560945
1940818240
370918296
-552540579
1677029238
-70620396
1193372174
-1472660967
-2065901255
-937773395
-717737442
-913745551
-1124209632
1905004695
990596047
817528456
1489309767
-17468109
-1288431721
-2142688857
722273065
-983295321
-897936572
1357485648
860645664
-1209074155
-1313525473
-1236243054
-296979668
-1491496946
1957461326
1424492959
326999283
-1538247607
46740858
-2141331813
516671240
1870694543
-1449544015
1297947830
1294152047
-562387207
-1700403828
680058748
619453024
1592252254
332854420
-484868501
-874838709
-1888066554
640330977
-1884958011
349171228
-358513246
666901764
1759151784
-1419842369
1215797888
113627686
225362267
591465702
-1271915270
-1062207632
-238631702
278158857
-1987703505
-1499514963
631918836
113147822
-874331659
726048046
-1401037118
1328885226
699421965
841657326
902498972
-73100761
-1880482152
436208117
601210455
1344494630
-1200294966
-2038183424
1942024498
1319167815
-802153251
-1482838943
1335824611
-591794168
2068526663
-298489308
871852011
-991650357
-562269906
-1188788621
-1861544654
-340990757
1568007963
407806523
1907976399
-171539280
-642779922
-948867570
-812860890
1279927922
59363601
-1880664501
41290551
-1379442757
-769601296
1453739387
-330363595
355311009
928125352
-596223746
-1314956714
-1087751181
1549891582
670155750
-1415907095
196758721
201079698
1570446370
-1071809620
949146657
-956534445
-2139922978
80106335
-773161936
1840662837
-415436502
-409983596
-698612393
1861153569
-1237426727
-2105131831
138999503
1260937005
488757675
249062840
-1483189402
-1645458163
-1833102162
-21049876
-1171958142
712269512
-1889605664
1386526615
1273920870
-189521234
-603623
-1909844318
1515544756
-962246520
-1555812569
-503747834
-473685454
-1559923183
-461753030
-512725926
1326805712
1169714853
1722172546
1945066156
-932678423
-1778875848
133072150
-1165227885
-1948647735
-1297451127
-2052632809
-920456572
1714487663
1422484886
1485633813
1452406628
2365331
-1439551406
-1117673296
-1064466849
515539177
2069732500
-268105342
-717597193
-1297412697
-1810682029
1343622716
79886431
-306201019
-1592898544
-997384178
-1195253494
946674563
1446135443
834625612
1003335550
-1489466704
25254873
153215054
-1845570707
-679927256
701875788
-567413865
-249373179
162710045
1822122292
-566886344
-842853242
226719130
515608429
202142070
644421653
-1944625211
-640394918
441757866
1642444496
1654110564
-487655911
-1167046552
-1794426335
-1035099487
2054763511
-1602710045
-913455529
1752812817
-1719110618
1758964880
802266994
1886274034
1302605229
-266776568
1503160125
-2021144396
-440325217
-1548277710
1627105442
-394743366
133560975
1496421281
1999914041
-1037104799
-754697918
1912126522
-694971871
448558912
-1738948442
-2067803623
-1542697709
-398045775
-303573245
-1710321484
1811323572
-714568304
-1302470032
-796691903
-1533295319
-874585534
-1254601081
662386005
-456427024
200464889
-1913939620
1392023757
1048945134
-379658699
-2055291990
334590449
-1159649597
-1555451763
2070372431
987005141
772356453
-1661571153
1152229114
2037229314
900722156
738289828
42216994
-1551604650
-85049174
1874999384
1591558201
1022017064
1601624190
670040409
22249505
-428804945
1182931561
1059895775
406970590
-1282102621
825188961
-186067445
-1470352243
-418880732
92304741
23122547
-742015339
1587182043
2077327569
982147806
1069692187
-707724961
-637453581
-1310766773
-1326389829
2080502745
-1432225571
-984606408
1489564020
1829126634
1791348092
-2121700576
-821505053
-719402037
2005206505
224019524
1849338291
-1216167754
645895935
-1112361298
-1768822189
-443588476
261050412
1134427506
-42039062
150485910
1525278604
34314551
-1516457849
803278073
-212913357
-1536216843
-781742179
-323448123
-388946998
829897471
1586030253
1463683269
327701596
-90787260
-1895412156
1989224796
660685682
1646156753
-1540855768
1606867110
1213958492
-1301913447
-1811451954
-1887773219
-1168793647
1632714616
23846414
1232686845
1175785146
-1736615051
-580316135
-1910467925
937693770
-1274369465
1443053994
331816018
-1608839599
1680754458
-57607557
-1451342193
2088592082
19262866
614215418
440266702
1068922322
2042208527
403536956
-1709523659
1941767794
-1566964685
-894957775
-1528617024
-240116416
-456252256
-1802807527
211662764
-282972727
-1286881530
1020519223
2032472601
1392262514
1744912220
1237993411
1589951722
-596892793
1330184556
1587303972
847494383
1911436948
-1573808747
379221086
2113434182
-827065613
-461435444
-1364787256
743659262
-290543962
-1224370461
1043113731
-1526430724
1453166182
1648222733
-859050201
-801497054
1122881532
-1678237023
943675454
615783853
389664206
-837114850
1375261941
793504222
504123324
665140335
-2064479856
1498739420
-562799316
1157832303
-1923611106
-437966888
1882465379
1162399918
-1538494482
1835194226
1227260694
-1215017867
-43692479
1822920794
-736361408
983664903
-2001146304
-1881282502
-1540790474
-1056573655
-958754257
591023315
-2073099272
-1029066523
-1156718621
-754105498
-855531319
-801283702
-23182735
-1817200044
-283996928
-606590474
-304205016
-21999352
-838986464
2061042966
1461558720
-1481459180
1170514982
-1931775826
-316288046
1054907290
-756799966
977755733
-1531133045
-891448851
550273033
-1895780157
-1365744228
-1088014217
-595382072
54184271
-1203333516
1071406300
1706520476
-1044846158
-971190607
-276774817
1254710176
537685520
1099329235
1077742468
693899431
-2031213767
-1455451598
1734793207
-298601140
1994407211
-948593359
-653331284
832427590
-1407536677
-73008460
419317830
-759979264
-325321676
1185332431
-659294788
279633768
1347717983
-1781787457
-854677702
1600364295
-435985851
-1311189475
-1937431740
-1867637423
1270786897
379025744
-1368354783
-1213905091
9127034
1675383107
2133657974
1278200344
-116226176
-1752635305
33254448
-2088584298
-55192971
-1925990245
-489063257
-593613014
-432827266
-1969835206
104057600
1718439063
2081022682
-887469260
-727254574
-38224955
-587277789
-537266351
1547455243
1957919192
-1527296044
1624923985
820483861
1641507710
-372729845
1366861927
1238045236
-381140856
-147168369
-6449944
1109886001
-1203209028
-2126906861
402025279
-1708796356
917879272
-1685039941
-1541351388
789650190
-1807845574
-1417618208
1599488013
-496601778
1330973135
1104073488
-722062364
-1382907851
2013823625
654549592
-2080965383
1938431604
-1440375516
816882628
2000581689
736547668
1167002763
-922020314
-2074830688
1393363487
450738280
-2098639338
-2096850708
1382346686
-1169244167
-15441350
412632210
689226403
219043370
-1387145273
463804405
2067119336
1783352031
935138119
-1860085803
829095096
326391184
1379963292
-202706939
2136215277
-491293413
645606724
-196015776
-490012678
97581268
375256030
1892453117
41424651
977405665
1234391020
-752682335
776183658
417575877
-1551332647
-1326288779
969958436
1515388729
-704713922
-212037128
-290471444
1969179202
1184494432
2054277174
61502270
-1180591489
825525245
1029514554
1585937095
-738967869
-1658919097
325364928
141348867
367503587
1828980784
1389949999
814461480
-1916104496
-1739302424
894062021
-2021341886
-139938585
-839306333
-754388205
906911135
1644481415
-1292131169
-1638341972
1697226092
1883732452
1089864805
-1743166183
1406748831
-366582758
-1747467442
1059810575
135754520
-1880905083
-923320504
685852387
-453677822
1484220495
-1629118246
-1502262467
-1734110849
-2051406007
1513423973
825002251
-1865098364
-1530954498
2007069611
396729017
1020028160
989906181
1276212117
304290462
144782403
-1124979561
250292784
-1398510919
-14222435
2105164640
-2021170952
-2087271524
363900742
-1465481831
1062987609
-32260441
684463485
2084049750
-603252366
-834547847
-513559310
-814479076
589205275
280912036
-123288216
1850232246
1896822569
1581287327
1693255318
-1148262072
-291675408
-1306622976
-859397810
-1203291740
513771017
1280277994
2110158561
-1019373604
328642132
19281859
77038272
-888192233
-1815873472
60335914
970207846
-50223960
208307017
-1682724568
488691573
1124155740
-1784829246
1494828453
-1938253793
-1014109165
-1749842220
-866437604
-894533177
-2069951087
1315961286
1089119122
-1004887577
-672918123
1551682941
527519683
495274292
812804395
-1744329402
-856187490
-975119105
-516726210
-408500269
-109171468
293919453
1299854449
1764885891
1206451563
1268970122
-1554855122
-1286783258
612715704
1121540618
-157813506
305549184
240296973
508805136
-974098405
1900044491
-859125553
-467763037
-1397248957
-1065162366
1064010891
-1922695169
1875924430
568515868
285243434
2090225593
749469186
-704589930
2111467108
837648933
1253340326
-1728114315
486859122
1733644283
-856119596
-54589429
-1067341817
1652487224
-1110960365
-228243976
-1046610560
-2038013375
-184204636
-2081937421
-1586276007
-1693435314
1302890524
543488458
-1629894173
539500549
879911730
2134108071
-1275541965
-2107943067
442831322
779304852
1107209053
1676004325
-561318254
1447479104
584472802
612754908
1695566842
177220099
188063846
-1410477533
-754188886
-307117281
1207336102
1896816632
-541279681
-1472378808
1247298472
619174181
1253872311
1468274789
-152745933
138836064
1274985214
404173464
-980640127
728523253
328220616
94443899
-297338830
-355679582
-1790065247
-1083955539
-946287740
1470101697
-1521638078
-867429748
1119041985
-1411257428
635369765
858371139
-417830664
-506202788
-588025766
-1617150458
-1665186577
1568752211
-1378682213
1520138652
-218244265
-984691780
-95051362
-624244451
-750729407
-1953607729
-170843222
1693773821
-737583151
-929174406
-1330830483
210561096
-1038901712
1100234813
-1620442869
-821016530
-1105203513
1561539925
-1206669190
-1209271358
1022124457
1155128092
-421846772
759977726
-1079251376
424669615
1395001933
894288906
-1526612341
1657539537
-1827786226
-1366060611
-1737378633
1828678414
-1454997567
-476141981
-141123284
-234816989
1106080007
1435900609
-998122758
237177244
-1422277753
634388821
581906389
1784001215
677865473
-1249321503
-751607987
-1970142040
1964511906
1025282346
209360193
1189633973
784071833
-1745109763
1968150421
1519297315
-976442646
-322640782
20683554
988877049
183291521
1368968308
685372398
-879555548
832409993
-130686848
716838044
549131491
-1670715906
-1277255764
203264294
481797989
712354176
-120891926
1267144904
-264183633
1432072810
2049418637
753572671
810880451
-706012637
-1130322676
933104947
2032961790
-284206925
-930048762
-1674739728
1220774337
-298056295
1545695878
1798078556
-1841378733
8540635
-745543289
-1454771931
1616521222
-1732538531
2018274234
-1349856199
-295788137
1325685110
256929670
-337397893
-821078054
828977856
-1613096113
-173033293
-841780074
-631329745
1444995322
771708101
442309549
-2001966748
-1380332111
1822979621
1349241472
-1223453117
1300926947
-609978742
-28653167
-177299006
261522830
1642072033
1133679721
-1030663676
-236901184
1483487364
-121742405
-351435355
1196818522
-1472264533
-443218488
510801495
-1738703081
2124756770
-495496955
2011140269
-1497118004
443441980
1033567484
690238774
-401254928
-1762168313
1800740207
776271566
953836895
1271328960
1444150210
1536272943
1113746010
1253179017
-1580520806
2139019982
140277970
-1565016232
-577065024
212170980
-745906715
1848412722
128215115
2093405386
2008029864
-424851815
1888553726
-1664844919
213501735
65449283
410545390
1214302385
707666345
-1027383284
334949480
-191479447
-1734062536
-2075194068
-1871436271
1033964743
324504159
-573828692
943544397
-1816715934
-195307211
1230786325
878188772
-64954332
-1667044454
-277534613
-250068765
-1523743644
-1238316864
-127804839
1439576768
261828915
1993603821
-1449745747
-309272896
-1329808395
883770494
-406164731
-780588643
-483675085
-1743838930
1676929738
567974242
-1989224272
-1342335080
-912100258
-832607078
199903673
471539450
939123088
44859305
183504065
1482136891
1461474136
412329081
-1138969300
948093230
-1589397312
-1474211752
278218347
-1942799080
1417171231
-1958951905
1568187208
982033775
-957309555
744493719
-769122686
1902508004
133854610
-1604343527
-433061732
-1860235613
1226060576
546258548
2077366001
-1670151207
702032323
-418624494
2042732556
961923446
-859054826
13923677
1740712246
-777684685
1715972728
-758087330
1271411023
2146443478
-2000496128
644008615
-648043295
196873909
-971289939
294799731
-2008971406
-283843976
-1020318238
-723936245
2067357209
-599136735
-1248688624
1463005546
973614931
1800041297
-1986962252
-1502217693
703081494
-368252733
-330636412
1487029122
-981903834
-147786723
-373230364
-925327118
-945703000
-908708889
746235806
-2110519394
-1837039628
1370256859
-1693455918
845316185
-314533457
-1361898146
-1428203733
-814476350
-293171689
-1502527922
1435418195
912905379
1323485600
2001278974
-200668760
213953689
66295232
-719053698
213614383
-1530278150
-1820894201
1796677663
1324583881
-1252198926
38733425
1736494389
-500855389
-275853841
802525439
-1718773730
-268283405
-1831324866
925278339
725118851
-338675232
-1480514058
-1892207941
611298525
-890488127
1022138388
-448742494
-2005268165
-648139382
9468391
1949320193
-298870207
1964908930
-1690851154
483417419
441916275
441427513
-295591041
108920490
297273267
1435713721
-1804719511
-1264214187
-1032435960
1725792251
-444519459
1934041636
1112831136
1380344988
686662729
-913021339
1841692951
1950027728
847008773
1588040176
-1299532551
1185344918
1355640690
-695506824
69293957
742968877
1684188512
-1499380700
1761050036
-776232250
399595440
-1927969955
-1994865287
-134098566
1198670394
550273001
-92274359
1977439358
-1679832080
322921272
1213274077
-1959913324
2096123459
224488446
2037029941
-1758245180
-992108859
823884033
69886432
656647499
-751794417
-210440909
154177914
-1587831852
-955164956
1163804931
-2120154762
2040555237
520942742
2072171759
-283453667
2145982107
-1016066136
-1915954851
2023404502
336000154
2119195060
-1499504725
670823079
-1600041666
594930063
1836574852
-468600325
-158853098
-1730859862
1911161717
-2087131739
-375114863
-1603532102
-537078849
-372241115
-771545095
-1403314277
-1894019474
110307880
1760011681
1077817201
910640554
363635541
1923560026
-313181936
1548326220
-605700282
95468075
-197014883
-1903360844
1887224788
1017050944
221412469
-1371983399
1866941847
670360866
-258951603
914233761
254503852
-1018055896
-2065489255
1373311346
1644374968
483191341
1155101746
1273185800
313049645
1258469762
-1734581710
1657459592
-333714740
-94134490
-1178141150
2099563221
-1247568534
1943658292
-400766889
-1242843102
-473410826
-385188196
2019698328
-1066172727
-247523655
1688122645
-990699260
-1602445734
362670048
39717458
-1961981646
898512117
1983262519
-1968139661
1988751257
1430082268
-805679817
1789132222
-637203662
727544643
874480706
1812295566
167343963
-360763798
-2072132820
-473083765
-546444290
1876916461
1824723965
389648410
1239569394
-583334822
715698932
-591001321
-243505759
-1507945212
1572082127
1962540481
13804010
-1903795946
-1628550327
-352526603
-1423057593
1529597162
-559887644
492032671
-1225279694
-905832293
-1848759064
-1353929363
-1366383676
-128462120
-284517717
1521636292
-1306629217
-585358085
-1161353455
1655813623
-1247394290
2116308057
307752790
-1282024522
490991978
675206363
-348847094
-1435192636
-1452446273
682059981
-2056102307
-1420978964
-482787922
1548175861
1298883996
-558515915
1081037204
-1151612953
-849164037
1765672020
-166002453
-941799529
-1801473644
-1585386399
2029565424
932622383
-627208017
-1652661298
1939877766
830886179
578031172
2144796564
485915994
773756289
15784893
1222036654
1417747014
-1131538291
792030975
1498646730
1608894714
-1315180659
1346824619
90780222
460920537
1075723488
-769740640
1985684280
-1854428896
752771157
1856927684
210709561
1185200205
1226791097
1597163012
-2013568572
-775266882
87042737
-262457960
2109116754
473864087
-1195548470
-260049781
1206292872
-1369823511
-30279474
1318078842
1497817515
-906187760
-1834397095
417210523
305482835
-1861507749
-906431829
178709761
970555742
-1265617934
393359806
-1367725539
-1646798041
-185480460
224994458
1050864007
357483256
1124740319
-1198565144
1405114622
-337549124
1722899253
1711683013
-653812563
914997752
1747344475
-856287783
-445130321
-1592327172
1889795011
-1414238553
98462933
803016021
-1447106483
777296165
1025591718
1080849029
-1256401686
-1104932977
-752761433
-1116593675
1827307394
273429623
-957721637
676909866
-1552891369
-1428097247
-218237811
1849013559
-611904982
1950673165
1120427340
-936570766
1722028637
-566191916
-1701176010
1897058154
-835511719
-1783347657
-1467203207
1037443864
-421537551
1588085620
-530891242
327595603
-1007192953
-1947101220
-1895751960
1874142345
-116339282
-958023775
-1462549275
1440196524
388220945
670131444
-1503120478
-1049153175
575782290
-778826161
634270492
2021155743
1293909942
-981320177
-823932492
-1239999474
-1492939969
-859377851
657412731
-1922922673
-1791929830
1625611212
329462704
745729795
-139149445
980817822
26245510
-411977905
1216305734
-1025929885
1541527849
1730101127
-264590928
929247306
-1697292285
-1190553048
-2083930074
-25364708
-217361606
-1151184884
-945942419
-9177970
1092944765
1385210584
-1046351607
-846323498
563517696
-1769930056
29192675
196782208
1291525060
948546382
-1306499035
-1862806399
-261473253
-2084070425
768005224
-744038516
860069739
-1202299153
1801127697
-591967068
-656689871
16274599
-1091885320
806916850
-1733142455
-1175685868
1948122697
2138714840
-1818509204
973716794
-689098321
-1135638459
734562297
1275575178
413746606
-410128822
1898039799
945745816
1819154000
1441859565
-2026202023
-811405040
-277568253
-1610988995
-1503106428
-1394372118
-786865983
178119590
581432335
-1228836900
1916554353
1642151046
-1056115767
1068869904
1041409933
1456655615
1675014911
-2116835305
366476548
-545360882
103025918
994523932
-1220101024
-1760756772
921020118
104884828
1503576363
-10512556
-682270879
2082587093
1216507023
-244505355
807811971
266142269
-581356228
-1213183256
1511019186
-910856907
1500565902
-883769259
512786360
509485246
-1425776659
447961073
-2064918089
534656491
-1746718345
329883611
570636653
1460377304
-2014897444
1858284200
1736658617
-66535462
-1039896694
1206113724
-859698594
-1035935753
1320946441
1567858907
-110993403
1948322968
1817840807
517597951
-1813797752
-1820033923
183642455
1588537451
-53343123
-1196098064
-1179338795
839607807
-694022480
-1975509955
-884614386
-2048315954
-1969705020
-1493915552
-579703105
-755392275
280951004
1885575424
-399205796
-1061168499
-1409343642
981104028
716451378
2006380620
1617830103
1534902531
-921882929
1739006919
11327149
33888009
1701393057
-838592141
1685571249
-1676807817
144602588
-1166595923
-835898499
898451523
72468641
-1793713905
-1685769923
908951808
952548188
-2080907004
-13647175
-1352572521
358329709
-866240098
-641121646
1438120503
1785045514
-1463542874
-1999266613
-718226806
2147090275
-1414628876
511122571
1872700968
225614854
-685912831
1688064544
1899027536
1935326852
391398330
246994247
-1457527083
-1288047787
-426922602
-842864726
-1765374891
-392438536
-209489430
-1609024599
-1394024015
-1157471650
-1217910661
-1189387428
-245598536
1130487688
-827611308
143371224
1299970597
-140690322
-1953392166
-1899009870
1196564683
1165102626
-676203235
-560401472
861182990
-358406603
-484713104
91579686
-1909716075
-1137560487
-95891141
1883260816
1553782333
1214209607
-526963441
-1637364548
-1469047216
-1993346589
1222663418
-1147058629
1669022966
363566493
439373596
-1419385225
-925388565
-384722151
-1863779462
546049527
1464061041
-683780079
-2047470319
-170809119
-2118029688
647145850
325204014
-697278272
1947542365
-131201819
-522180100
404530823
-1156773889
963492904
-521142946
1851578582
732769624
-1012246723
-1989070594
1513491067
600487514
727066729
1173363366
754986298
-1048697480
204373664
1208890318
1779147985
946376023
2137201191
139074421
-723614154
860788933
-525482117
-396009164
-1720711390
-1589142039
1116619889
-168596081
-1926438446
1190015164
2122109854
-662824050
1660399884
-2132612937
-567795208
1751242636
-301692833
1556696526
83452605
994858830
-677426001
1139941532
1063503251
-295289002
-555708176
375747038
1311943408
-35567239
1062009649
-1456325339
1767652027
1126809775
-526944804
-149914937
-1240186573
-2020383191
-1501646533
29220118
288716303
373756841
-1874675394
-464737068
-2016046617
-1900564723
1270326139
505379045
1983567314
-298171605
-1396270731
-758936250
1068493135
1959154148
-545340640
-142121666
1109209704
-1683967117
-1393830492
-70677294
-853734380
1308923654
1375750753
-405822083
-541950243
1224964239
4031027
-1363377632
-2011144254
1645092827
2040813814
775392823
1624832349
807795938
1763503436
818345037
-1705204920
-2083031711
908894365
-1845413967
-1101009987
1662187430
2059244383
617756010
855127932
419686058
-735370857
794476647
-149423119
-463359132
704324510
-1531884294
-91097195
162051931
1558443816
-566403193
1433210004
2137891965
-1942252414
-1949388168
-490167889
450338351
787231770
774653811
-315904669
1853509541
1406093380
1927731151
-1693003958
1737134962
-1273508038
-1526900669
894704578
-503480222
1434534245
-2087091232
-1425703476
-993333369
1233690586
-904551871
2082263861
-376844399
1732863782
-1713636096
1878468346
-550643357
1995467342
-1966884757
-712593944
336820706
877845008
546702198
51210627
-922745585
1649933423
-1348349196
254055720
1518962263
919099502
-1242326015
1508589941
-2118467031
100489755
1848230339
637059560
-1929560887
-468143410
-348804527
-883568442
-1197712797
236648882
-1662734606
-1249276611
-2016285597
1017467012
1661688714
2130032588
-1384267773
1823084699
-1277120176
-644886302
-340852187
1544340519
683565252
901447109
-1673556894
-1586368579
-1906954528
98621365
-265392286
1535340562
1505491341
1185253712
-1872212371
1828089862
-710471848
1786109496
780230722
-739493148
574934629
-1577834254
-674354905
622292712
421641891
-1816976623
-293256639
-1851567103
-1655858368
721169299
-1939488219
712202967
-651034785
424707978
-1778181458
-1741879282
1591388680
-1087665922
-695173104
232705996
938052960
1485160465
1460874541
1748673912
1331698969
-822633884
-1702618841
-847035451
-1811247061
1750865081
534704694
-1766362898
99682755
-2084936998
1017475514
829866818
251518332
-1320701512
456875411
667920867
-28876084
197158870
166775472
-1210139190
-513864768
-747993113
-959089434
-853303539
-554781973
-871818826
-1698086910
-1326456220
1829262491
-786252475
-1058327007
446223081
-2095339698
-444871623
935958334
593300510
784877412
-976835212
-188035573
24850484
-1560647147
-1315750141
-512729595
-771277174
220941220
-894404037
-1164828990
1709198963
-998388524
-1732135394
482433165
1140896316
84079515
251341826
-739731916
1853802092
-1778826475
-351296908
271990815
3469645
-543875397
-1869389223
-324184924
1131124395
-217076524
834067030
-845622886
1179124699
1906109483
1467847793
1809031979
1282381822
-1681854207
-960732680
-559928338
1853795463
-578323131
-1905008223
-303580619
-1545141766
346056706
1573569522
1265335970
-1027492619
1989576728
1446867426
-1208625152
1599930227
1048450606
-1882261056
1530136655
319703631
768784870
-1151244716
-825383136
-2091560185
-217270701
1763304515
1087399203
2145741251
-453514841
-937993801
601617662
-201978987
1531876400
1879594047
-1109185185
-175350528
-1631249787
1184329971
1981069396
2021869758
-1009568004
-1737252133
-1999707175
-1691334979
1197100638
1781267344
447178674
-203485333
1779424221
510450212
-355912581
155107123
-1165088698
1067885631
-562585603
1216294470
492617842
1359244681
-1666743614
1921351838
-1050321150
2015048015
-1768678677
-91540929
-1788789430
-333413792
1648281664
199959487
-82444403
-620636872
-1020922488
-2028705016
251179115
-1096562592
1165017882
-422384547
155221910
1864568596
-577616205
-1818624102
400177100
6742565
-1690274678
578659775
-498556927
871308065
-2016934495
-1924459858
1888304090
-372875856
780660574
-788951245
-537387166
388166464
-671858598
196671301
-1821062665
-725140252
86603383
745756811
-69911419
-1394811015
1763090999
1324053793
-1090797834
1846808074
903211851
-1040568677
-1378416407
310548085
-1372566934
2097749321
1479262625
1112839246
767724644
118020028
224496447
1327164930
1124528758
-670716279
439946547
1117913151
-1763179553
1734729804
666087920
1979521939
-1699322701
559599
-825422881
-1323714477
-928725522
959239980
-97446507
-889748290
2039104204
2071803728
974766407
1154527585
1306312534
756193856
573672317
693116860
484056128
704641473
2097153285
984176421
-1796189198
-1053379853
524322858
-113220628
-790506268
-73894882
1859292453
1993213119
1327803694
-183254352
-134852140
298764880
-103785633
1106533766
1467992233
-791540428
1582782604
-43974806
752157412
-14164466
1116123052
898909660
36473348
582702060
1897346595
-17383403
668163194
1205394672
-1195296356
-719558072
1468629408
-1183419086
-1770211557
-402122454
-1031837464
1972234213
463826769
423336372
-1905424296
1400340151
609971250
1464043815
266530357
-667565186
-2031236156
-1814419120
-2004960770
-259442672
1135010874
548189453
1385410716
883763313
-231860927
-175965937
536109014
1410136883
1478810264
1749103841
-359037686
-766270438
-1326844954
-1606907864
45853465
1093475582
1103541703
2059038763
303313827
-1523840779
1031264295
1663572373
914964340
650372528
658789843
-2063693191
1925917245
-1536528603
501887309
-1225987945
-2002678394
653859182
315765471
185753565
-99549469
-1215183632
-1619463182
1448439088
-77464219
618139840
722258847
-2019651221
-744177069
109244225
2049273990
-606293849
-1160451814
-933207791
-1150065698
-312892995
528163457
-484476379
731019726
541700616
1088055072
936580402
-1861479686
-605478545
-912696046
-178136754
-45425825
1931926178
414180585
-1690405417
1762337379
973859746
-429129246
-854771565
938483751
1778614919
551588185
1569350168
1352121376
-1893764483
423855486
2119621742
-99899163
-273578737
1105762121
-2071513102
-569906871
-430826585
-706698325
2032865916
-2038689108
1894835541
1326786565
1740721348
489545870
1041542351
-1053126179
1559212545
-1548161692
-2143583560
778786254
-2078607918
-510614354
-2036545499
283705792
619064418
-765017527
245554524
1939848793
678371526
-223743231
-91588386
-1948519501
-1416680024
-1225430422
1676798631
1365837135
1035893802
797147631
755158963
-1169467064
766627076
256029995
1418000836
599203531
2074685423
1481478007
-2133749918
-435648570
669535557
-226795837
-813062109
-593925665
-264821272
-1513570391
-597432020
-946111833
-1546359453
-424388929
-996612617
1289591567
-533667248
-1214428372
1454262613
534111770
-866301704
-1930013059
-1948448074
-1733200172
-1416958912
-1409712711
1229927336
147200386
1788397762
1102432178
1882585501
668032026
-1884961222
1678869662
-1400819728
2083762677
-1086151901
351337189
-1223862742
135110338
-681281887
307924283
-508705152
1762663613
115535009
-361845263
-2050176864
137409057
1197187134
815477640
431197356
-1266357797
-653903770
1742135943
1361597062
-930077825
1520118461
-450150258
1412514126
-1366692225
2099857600
-1818229590
380547880
-1647156071
852785965
-1342392087
-1922565822
-718456943
1111117730
-1391828687
2102516757
1773364768
-186696572
-246924467
277240810
1022807084
-539902174
-761009080
500790687
2094137912
-1461798887
2096541438
208596906
-1743634403
-360404487
-2112989201
-1603177634
735065850
-1685471704
-148749738
2034988653
-1591208344
1861399558
-654214535
281458861
22032626
-1403576750
659077443
360667678
-1575947325
-646868277
-993786609
-966537941
1570252193
-359616486
-922154042
-1060427472
-372465382
1786256878
-90928597
-2092981956
-471400964
1636756329
-1568254859
-994893033
1214701065
-1708462150
-1464019939
-156212602
1287901419
-90238710
-775287047
-1451567923
313787237
-139684452
1296665482
-1489739660
332541387
-380247249
1405068945
256361806
-1022397004
1125339302
77606375
1640169654
-17484051
760278506
-1063037810
-1556270564
126216112
-1155111409
-278047742
-1315454017
-1412723692
1386766261
452873941
-1331504197
-250254137
-633012304
77940858
-1884726970
667813115
-1064078869
1468679776
-26680778
49109918
135830665
-1047466430
1832830150
379272141
-1811848884
-174705219
-1583697512
332923018
401936698
-1356794078
-111898114
289007531
975763069
-1731821683
764608116
1329078293
-972547958
-1593742794
-2067523215
-1201928406
-1118790011
373972230
855822942
642009471
-944081948
-400065939
-1252076314
1793907410
-61795502
-790586254
1327343728
-1385563846
1843698645
1876143371
1282393065
-1317818464
-745237454
-1874481234
612145606
-1258124435
1236861071
-515747801
559210569
907377028
-1802195366
971311788
2005572098
-406585741
-1081746838
2005156142
354591384
-1874903580
119051619
-236465679
1351336905
1553433945
-189756835
574227294
-1333553490
1111707160
-1783231545
888854807
1972483395
1421863523
277645961
-215275956
1363542054
108220908
894884713
1818620236
-957416289
1383711111
1508896431
-1745617825
1229557472
-259972575
231005706
1464764370
150705293
1333750512
1437037748
-834428590
348070781
-147819797
-411134507
1698665597
1849454786
-1642404484
-1406393052
1449414838
-638802970
832786036
-380217900
-951003080
-985654665
-357600961
1195148205
-452457363
-1192828986
1925930840
1050540664
-1903727744
-2050859797
-421199362
-902082657
-90991824
234063115
-188085464
-723439083
-1488347929
417923549
1658814901
1115018355
1398908682
-1383783319
1967742183
2121291107
-486531182
-1599365614
-64232686
-1363948991
-642210853
1292060119
2065153936
1832767486
-1975612996
850947541
357368823
-944585144
-1620285993
-1076851441
2089846925
667949287
588063537
-211271311
2081579003
1164917610
1785102340
1816194578
1167807041
-800441598
808322004
-1114408519
2265834
-1218639187
-863059265
1618080162
1263281792
-741544554
-1351122407
207230082
1046719297
-403594309
-1798434248
-1154020921
-1838253806
-558744368
111014283
-1406088925
288050355
-1373522589
-1541042959
-1316227509
1837429299
1080410688
-553209529
1355101435
1751163558
28601878
-686554557
1430206782
-1643640554
-1076138663
712936064
-1920264213
-939908425
562973802
-1060914984
1707514738
1408069213
1072094197
736976633
-687562536
1317084978
-1655341157
1790608690
-529547009
499271331
2029339344
-396286066
588761643
-259708518
504485893
688271395
-1184969279
451032306
2079057416
-703970645
1996670544
-1993784025
-609597525
-669045421
588061141
-1466616499
-1473437276
-134016301
834763834
2067065155
-949882189
-2030329410
238679584
1377716008
1023803913
-688067302
703992798
-514665460
-1783181336
-1525892557
411009224
50653162
-1257870202
-265529428
-962161997
-1217942314
-62662345
1226854870
-201487944
1512267122
-1476012086
1158584388
308381752
-97880410
-1433875406
190900382
1858897697
-2092707697
114725992
-1344105803
1755040366
1969803959
-1095140720
971893208
-1523934732
743847815
568960346
-2115045531
-984006054
-593423623
-1175016789
-456768862
-1785421208
42537105
308619387
-1175469619
-277690235
-723772275
1100122112
1526679665
1111319674
-1563497381
-881897716
-767228166
-1375006340
-906945974
1296212915
948039563
-946553752
278579332
1336927792
-1078127601
-100357553
-996344004
-1134459640
281563534
1406198581
-1797440989
1162506095
991157441
-1534393066
-99100385
-1365128725
408257511
-1213480151
1586260030
1758644535
-662586919
1006671207
2031219432
1725224809
-337527204
1556503630
1564530260
771647318
-1041008714
283376866
725796669
-257484235
-1183526525
-899401484
-1783562540
856955778
566605000
478037926
1576256248
1014224676
-1662456504
-2056195539
-1625965149
173829585
1830653974
862730456
657512359
-426603599
-158353557
84001874
264342171
1125418305
-969365575
1582606115
1216929295
1774182010
-537677312
-1463471236
1584694278
-1985634255
-1605474465
1801316659
-1551382363
243539904
-1477447187
454213643
624380199
757275878
-1478711607
-885763527
-279665133
-2085004821
1821910383
1284287267
-1043946319
1448153607
-1283876787
-1800159638
572355513
-1366101500
2125130389
1132841770
114952014
-1028294878
713361236
445001600
-331694038
-355936198
931689923
1302163532
281989657
-462037723
-531437859
-699827913
-1238032981
-1513600930
1340573745
-1102882569
1468166436
-570181915
-609669127
-1928462895
-837393225
-99870106
-1832733078
1226159711
-966441485
-287755878
-475328435
2034268819
-743389571
-1308712211
-46661938
860569851
-82812417
-1933009567
-192190317
-162470842
-20598944
-469294159
-111890416
194731270
-907538123
-1818204743
-274687207
-1566026825
-1925809802
732220436
1728552888
1414942463
-812305292
-1423599097
-206329280
750780983
-2102857974
1572424093
-1816940383
-1885372375
627010579
1101465106
-878401794
141252123
-431383269
2019879028
370977148
1778111244
1169298008
1068161671
-893489315
430374717
-694815270
2031502313
-1045931188
1403389938
-850000383
-411507338
1062452473
-92331143
509100848
-1246787859
-1993467928
-1252314773
220873919
696474323
1568637830
-505504975
1899981110
1340292247
919500925
294729929
1332041143
351284470
623025992
1499020746
431782074
1546301600
1401779209
-817270107
1252623360
-238750437
1333318554
-532464083
-1391455807
1610080231
1990772193
535905112
2088102183
7826403
-1042343576
1386714950
1303483903
-586876689
2045027372
1845678979
197019565
-790335023
1554333108
1794082952
528100193
-1176277924
-1119304091
106419335
1672721799
-1594906674
1040502804
-45276568
-734163325
2049740154
-1173898275
979391758
-301459810
961386406
-1164484302
-1673862434
-1564822213
1660273334
-1584754122
229614976
859203405
1295674505
1575358795
765616615
-1928445684
-630569438
-1428501527
-1651422065
781833958
2015312779
1055682225
-1736700411
-1760509517
-1951631883
-35346751
-711455828
-748834259
-1838687196
-710368183
452589757
1883948959
442545417
-515132834
-1336347761
-1768940069
1024151728
1209202702
160412440
543737456
2072238940
-322193741
935626931
1373741340
831045359
-703161972
-1352058333
2019084159
1534015119
-2023757175
-1261439017
-103055343
442169478
-1520058267
-920456337
1702620246
1395399274
-441812486
39869054
1905714767
1982108541
-1354556720
-1697334895
-946486989
293142870
307649782
-1012266128
1027531103
1310102208
-73757675
-222168925
358834058
102907105
1198357953
1383467831
-202953924
1448320670
-1509737710
-2109678911
-284925824
-1869597122
81604467
-1778420573
411157720
1699859789
1652879545
-693468019
-1197498511
749551298
-576523145
-1755643578
1895653527
226294627
1497024144
-463052372
2062404714
-1685786520
-363096820
-1801806343
165059793
-1969507234
959259951
-2040364729
-1835807057
-1891688882
758023623
-2011230379
-744092075
582527774
1409094341
-1937046901
712439607
-195537610
-128999921
-1781946821
796203745
-1869430170
1832571284
-200109783
410321707
-1942361082
-1785651552
-1811938227
-840719445
198550878
-1451110799
-1398935082
1999236715
798205000
46139401
-223088526
-60260389
161280020
-1296834747
-576414004
1118672392
-1189553493
-1815822034
-1763624106
-617167090
-570169354
-1209151090
-141003704
1366502091
1266894720
-1329459770
-583814169
-40768555
-37501863
1762609374
-56201974
1035236269
1610436413
-1280551715
-624481319
-1516591564
-1121810698
1861217627
1428319960
923983965
-866786562
504575828
523471907
601796131
263480423
714861118
871376635
1062759357
-1163923201
-48794020
-1353254528
-499825136
-89015121
-1221477292
125499072
142757477
1579115811
1455892991
-1399846672
1219663196
568566703
1127960704
-1274089480
-2055241441
195410288
-379959401
542770228
-88354087
359201202
-677613001
1554309496
1112346473
1035998865
1510570069
-1333969323
-511295662
-858385438
-1955558910
1332966298
-1017497098
-145161133
779698107
-1807386595
411758596
175174864
-177099776
1138185402
2136893741
-374363608
-1863093726
-9415524
398027037
931927280
1690498657
2003072443
-2113212503
-1127833689
-320275659
1539693989
1718814788
-1455310054
205012972
1613911680
1765973175
-609465079
-428477324
378345550
-1181139184
588375307
-730524038
-1699388814
968957659
809425838
216140723
2068752756
-1640456817
-618348574
-92467848
1907842304
2069640779
1280161430
-313050728
295143988
-1181045567
976466083
-108045207
-549396965
675854194
-1740989719
-666318816
934136947
919116059
257617079
-2140680862
763748022
1041063279
1098659952
-1052464870
1080651608
818457861
-162160022
1530854284
1864848716
705522835
-844864999
506010794
782451660
-937387172
1021751660
1294197158
-564403623
-556456729
1758187126
-1879529528
1156309249
426154481
-1435503791
-863455103
-758018848
445777059
1082484799
1824938687
75278568
2045463559
721032209
2015176066
1717210852
1247861432
2126196427
-143366226
-493560647
918977753
-2060518776
-498091741
280441327
-2124699321
-1038702949
792660234
-273366673
-1848595950
-251084553
51428721
2064563086
764500008
1138153936
-1504856038
-395783095
-548184493
-1690878591
951080080
-1947637294
-1873725595
892725424
-1144736902
-1416163509
1987730352
-545383761
1106372403
884834256
-2106306117
1086335525
-351218279
-562020933
-1647339981
1250787309
78570276
-631152094
-1198616800
-2042700739
-1620591814
-1696112476
-1135870376
1108822538
1168296386
1240777573
-1909348553
-635935573
532036087
1611735894
-557376625
-2010983492
-1355116930
202563769
1521214429
-1958207163
-1267259719
596467684
282031806
-1394520550
-1501477539
-1872769468
1961669537
1968162948
506227777
1258075044
523621564
-393959136
1988370809
465753007
1467550787
-1379640825
-797675101
-1941691469
433406167
-992277458
1271382912
-1679828825
-929456836
-1353146608
720752838
769708399
1365370703
1957748361
1386797107
-2103320227
-2043882954
2122791685
379280613
-447889669
-1656176679
-1254400039
214042344
-1796695289
-1211718256
-432124944
47872272
-1649564738
1827276828
-1676816214
-1699663863
665516125
1426604763
-1792107776
1006485164
-987049756
-2034725321
-1034212629
1221983123
-1625235940
-1051100833
-1767875322
-122817553
1539253723
1594346297
-729388431
652457880
600170374
426638999
1542423289
1244877413
-497675048
-1617769048
-1421646475
-748648771
1766263521
306217136
1309776498
1344871790
1970976592
-804916229
-1177930478
-311697731
330155508
-731018993
-1463337424
-1382184771
-754716033
253064992
-891343416
-798599452
-1084638579
-233296184
861607574
1121447642
-965694492
1927988471
-1129224196
1448396436
-258223363
1891801383
1158703656
-1673570399
2078674371
-151868716
701618294
1595454403
939804313
-473673173
1705197074
1545293505
-2046698590
-732540927
-1278936863
-1009249925
-1464486341
-1085773562
-998504799
573114943
-151857460
-1045888966
-235863986
791563866
1448040640
1593664670
-1283921977
423551216
-913755439
-577452497
-571823183
201372432
-264226936
-1226766833
1282311579
1618481410
-80668156
-141568507
-194865565
1578111203
-1198163207
1204935463
1791124695
-89991565
604586491
-2132490283
674570910
-526270419
76924668
-1127178007
750836569
-873803368
243765267
-1349017044
861860356
953806557
767272830
-1994689013
1116770466
1928969624
-866267670
1139913866
-942150119
1654734578
1507921137
-91431561
1793429082
2013820655
177237475
-255966749
-1600724796
-1070615292
-911353656
1994952910
-1613373238
1637503468
-219062363
-1652425951
2034212050
1570174651
1822128638
100672224
-1603156128
-1143160525
-1116670820
-1724429921
-2126662029
182835541
1377802640
-572952011
-1241418449
82136123
804705399
1532586415
-179450949
-390119388
802150142
1631644551
-838180500
-1119365680
-1347092056
-1605872362
683105570
-461485298
-1668246322
-462316474
1149118450
-1849740654
858189287
-2058388085
1840854533
1782699276
-786377463
-1765993197
62192063
-1344139403
1479450288
-942057669
-85301981
1148797611
-1231739459
593304645
-233464459
-585226176
503439808
1922675528
563201312
969711758
-879518343
-153538457
-7536678
-730608114
1188663707
314108485
-415886075
2071597545
-245176364
-1716921672
-2026417064
-995377713
831842825
105502396
1525194942
1602391816
-2111938074
1006883241
601671037
-2046736696
264432789
-1802199128
-854820453
859829190
698435276
1643440995
-2010925700
1132118287
-1195125491
1207980795
1721515727
742284822
-621089751
-1707286466
1704627883
-513125360
-17523195
1889882137
2066773492
-1636639618
-461500768
1301011787
-268753917
1607535883
1477875028
-841842085
1464365957
-1473680233
-1799541157
-15669556
340369827
-727825005
-563806060
470772622
983028579
1967409551
453376903
-897447242
229707085
1594186256
738906534
-1402667407
-1537572527
346458790
1311625941
-2029493450
-1673570584
-1570525122
1458203436
955730234
368136568
-1679552076
-859747845
-1178998487
-1008535300
-328135252
1592358158
-499519470
-162977564
-24065630
2045299761
1837831842
-1538512583
666123838
-1254965002
-1622575212
1322169860
-1882639124
-1298905419
434264424
-1399613200
544606892
522206931
1932746578
-1326401234
-1647424474
-1228937913
-63482507
667469208
1873575680
465502554
1748438096
-1317872360
-120673164
-1427906899
-1402472584
-506865333
-1801944804
522146432
-1454799993
219357024
2134316560
1172394288
1051547476
1845959494
1661974322
1793251329
291894371
-1203517178
-81511737
-1208078562
-111514977
1813246060
-240337334
129681373
796201798
-772016403
-1244668804
-1748878522
2144241444
2583492
-1604341569
1741171925
215303171
-1344228771
655571876
-1446570625
1464186209
-1745981705
-1525089086
-2045756686
-70413213
4757892
274257353
684545825
-714026230
-28222765
-913798442
-344542209
1383433892
1289492464
597128200
-878133366
-604011132
-1290842166
-1440009134
-571450358
1037806580
-19648746
271616402
651522202
1065745514
1968242291
-736065054
585072103
-931852550
1679412943
1892409902
801651511
1533576204
-225114104
-1803359737
701267885
-971018674
449297878
-1635082059
-1739850806
532080619
-1785205017
691791762
686589751
-1757395204
-1227812277
-550793835
1887307457
-652106433
-2095474926
1217331245
-1322766685
-1681215738
1808677427
-1124420273
-29645557
242412913
-324905297
-1579900206
-2087434025
-1103757345
53646325
-1733929222
17997983
305494177
61445768
253724241
-24201737
-1246801680
1835833054
-1370283331
-1442389771
1383278625
29360779
-1396289585
1290881008
2114961942
-894268514
-662058920
1723799435
62224631
-325105077
-250902206
-1643333903
190944802
-562178871
1423431068
1072331873
2142357087
-146706051
727574518
291349996
1845370200
2130102104
-1354898194
-219047299
-1823777721
-1553878916
-2014649590
-1389512934
1938714609
-1210903771
-1027269687
524561512
47536594
285795526
-780297740
-1416449932
1350105241
107527026
1859516729
-673838928
-1094818858
1007128957
-1327232263
-1518489541
75878129
1257742179
975860832
-1449320860
-1643108515
1098870759
374643126
-1479773840
-54271474
-915697025
-1653249292
-1339915877
-143872984
702451695
-829561446
177119324
-336006408
-635894477
421093311
-1585936403
477329191
502139041
44757097
-151961846
-232366292
-1187627697
-1970763490
-752356104
-1900511998
1607874737
-2031774534
-461235768
-219366629
974331527
1864904579
434517724
-1061755757
-616917259
1774275706
-88257622
1775778985
22119155
-472818701
237417152
1483315562
-1580264729
710428520
806802183
585102766
1335894927
961074825
-1344724661
879996488
873006372
1506070934
871511546
-56500616
1421480124
-414681871
-1679361237
-402485340
130920431
820054510
-1388693790
1092988999
2024585917
-2131511058
104986002
-53213655
1497386926
-791222101
462067938
825266128
128354875
248626900
1939181235
235538742
-200164500
2050659804
-1256328094
359892923
852494530
-609846258
-1108497846
-1179229860
1307809110
61411300
-269378676
-2011245787
1727109441
1388662169
1206140433
2051545828
-49214658
1042620925
13733584
-1331431393
-1880637298
129422983
1646792268
-1270560697
1336878875
-1028871504
2134802784
-625954260
-30933536
1615605374
-814843330
-1476946764
-1940476025
-641715618
-1990201932
682405063
1238905683
-1552326602
52582577
-2113919347
740923456
-891891269
930363912
558108123
-1120231833
1620129791
794944627
2028687850
860226215
-419927987
-361698087
2127089737
-2039455614
1002201656
1998436563
-1052796140
-1520906684
251142897
96792940
-160108954
785684329
767941081
-1586831832
614959371
-155076288
1258902103
-261166009
-1529389958
-1670249013
781625066
2069489226
874760193
1156255977
1185452417
-841375818
1811272514
810896310
318434570
-1377494761
1617894365
313979442
689126472
993026119
-689083794
1790816032
529156585
768061680
-1090641223
1076107824
1338455511
-2111989426
102499108
-596741025
1942848462
-1823463623
-448469147
-158579042
-440074450
505766242
-1105427845
312657585
-100956143
-1736470308
254559201
1293821530
797842848
638459614
-216015871
-1721356106
-119031390
-1274541369
-1193208858
2071255525
-1457925803
654916705
292351030
643015920
-1090809983
1207711337
-278448290
-1972435993
-1069933623
1133374798
-753851634
2080183882
508920643
591513145
-560306968
-1784190550
187373131
-199753139
-1442054541
-1669488498
-1687728236
622402095
-1903768491
-634313830
1481021567
-1673736760
-1518381887
1878540525
1085111983
-1437864887
1430489390
24731083
-652857635
1120409711
1068396361
436543100
56248552
198511880
1035527467
1366337651
-130195153
533931445
-1311378226
-682663247
-2045918429
-552390672
-2030277955
-1386358677
519457047
1611122768
1109828618
1659216362
-806003367
-673658869
1798096773
-1661175886
-870680442
1887536829
2137841194
-1862347802
1072476442
619377767
-1879605541
-506935830
-470667194
1660866489
-2060517042
53861449
-1669750778
-540967789
-567120824
2090551513
222553714
2119450313
843879179
-1736596707
-1564622253
-1332093658
20125196
1744170218
1163795705
-615255885
-1285014808
-2125480628
-541645494
405759032
2043531161
-1247496791
-1844082658
43706371
-509178652
-1361599193
-261465654
-391488025
69643285
815005259
-571374342
-604601977
-1114922002
-1440972062
2127549124
1469599956
180240604
503204387
-1744773127
-464258861
-1123971988
-1100249835
1922995133
-1157674333
73676796
995337518
-1508840615
-1955857218
-1160675659
-930821828
-699519153
1943944319
-436620616
-1602448248
-1790909010
-828615709
354019735
-364063688
-504752728
-1062443117
1143831558
-1067804939
-1171541919
-1566469855
-276083503
-654009651
1989161737
849992082
1553730321
1537750361
522311212
-2111645668
-1653218406
2051676706
380952136
1225980208
16602551
-593845440
-1272061537
-2092846663
-286122215
174293060
277223246
1166615206
1246393099
1004990295
836567967
-1432358746
2074996970
345433250
554177946
-1522379726
218435028
1108132849
-2063201823
-829577776
220784031
479236242
1338320573
-892212588
1124771597
-1308051581
1728619891
1095836906
-110555331
-166078517
606788828
1285320083
43886691
-1395643096
-79757004
-1514465043
-1770864709
1856143593
-1628533455
206072950
630081210
1731773725
-409229225
-981948270
-301132922
442416621
-1827463542
-1279366516
1991062696
506289478
1672330468
-53105958
-2137175040
-855919430
325724105
1955191716
384967929
257073576
646282807
-740234361
891484668
-2077452391
-1431675294
-290639723
-822076119
511519981
-248307841
-1457225824
-1952516028
1351765430
-42642208
-197463112
754030573
-1164232477
-1327894976
-429643279
-965790188
398437280
1189513568
2001073513
-1583974486
-2030838019
-661534510
336842632
107565468
-530826291
-645544940
1341819017
1267583228
1205725392
-1601116961
1148714041
1153303169
-1213753580
1874249153
-1326264577
-1041935055
-1806684009
1297606121
-1146980581
-1393601444
635391281
-1610594751
270014002
-81197876
-672296528
2128233410
1841096457
409186617
-1790354108
985940738
44254097
1628180994
1131309341
-857931503
-380401885
1415560218
98909778
-1337746042
185487627
1008077632
1669965316
-1559907884
-2020480182
1785789298
-435849277
-553186847
-1610032745
-436361821
952068655
1683214809
1218696359
1519604651
-296498718
-737718978
-1010715218
-1667539074
-727238003
1526623043
-1767107036
-1784983136
1845618273
388942938
1528276940
1654518488
-1281114193
-554693365
1174636785
229590307
-1977042734
403597831
344135922
376084459
1142822476
1784353149
-1917710079
-505861256
-1852293330
803190187
382395687
-892135514
1319808957
153105591
1599320458
-2131007016
-1399197102
1999530430
-539609102
2022420012
1018806913
-1392411859
2044440969
-1615702032
-563626371
1589852752
-1272088350
1384824147
-1917498693
1977313320
-823668676
-2081645985
-2074506284
-1800801408
-1073985530
1656508198
615422639
-362904510
1452640678
-129741509
1024153311
1064101894
-1834579339
-1749850012
2063432521
1929589739
973826830
-1335689587
1744689417
48213930
-297630008
390277886
779279509
640802279
1361606528
117078224
1014219043
-1827457590
-58060389
2099890333
-738126264
433676750
1275829322
-987996810
-863142943
-749922344
-619394544
-1472772839
1912322102
-68297077
-2056964735
301633379
669355099
-1608756262
418211403
-610662141
-2024740135
-1467365154
1724162682
-1051038352
925856910
1826965225
802426871
1161511964
257843153
-777301542
2085874257
-163259159
-660918823
-830538830
1002426559
1834295260
-2075930017
-1849156249
-776769435
1992107024
989802880
-440678152
863047382
-1364409876
2077562856
-273594175
-169363239
478712984
1946882349
1576484880
-1389946512
-1709564244
495829112
-276709129
277560597
-2041510358
-737894550
1560505187
-892680890
323460014
1512589116
-913249939
-961130428
-1951653661
-2016303064
1393515759
1092622614
131301945
2142950151
1168347738
1246696404
-36603948
-1336919749
308350151
-1915680223
-583188025
2138801870
97861451
-759989256
-301370495
876575451
-134445170
1482901676
357073543
-57777620
-1040990818
-370187223
169806947
943396900
932343040
-1435820929
868222939
92189151
289868552
1844491169
-1637984922
1451964311
-1907376534
596463977
-1547541797
742789193
1711246352
-513044002
1944704619
1724580759
-1184301779
-1910361159
906130641
-1962740241
1254396561
-1402950874
292599495
-475544851
242915647
1099668679
-727334469
633395710
-937610180
947356925
-611338302
-1019575995
2098769833
-1886384279
883593933
66314945
346910996
1772020400
828833562
-457291858
304617738
307029118
-1610618644
1317676588
1484892656
-811255347
-382815875
212133150
-824522734
277972839
1857634099
-1179354540
1491232508
297481897
2144623890
-968079636
1181317128
1454752393
1762139506
-2083990027
1466592824
-2129506087
-437570575
1758880084
-18568379
-767747124
384137898
1558200555
1280911863
1946775481
326702758
-354048009
45545911
-153534177
-174788718
-1659743047
-379887774
127508200
1936354994
658511448
1773317983
1939703025
-1502889707
1232096517
2135176435
687133386
-961095414
-1298479008
-507200813
125135546
1837468370
-1977505767
-160397062
1435024645
1451270294
1762665178
1755769789
1412449136
-1034866277
1581537124
-2033280997
1406644484
733546675
1744997368
2032894297
1739840018
1193215478
-1938653193
-1044122674
1138333815
-1978439758
1064154060
-402913029
1395142689
941305503
152029961
-848574242
-908658735
458297687
-1008177968
-1931113337
-1876014558
1163768580
1304446580
1709667819
-1024458039
254808410
282661983
-1626599177
611585053
-688235064
1739248949
1455124968
-423509799
-209275415
-123827399
1537172697
1815553569
-314937536
-731303953
-1552776547
-170180158
794159652
1454358019
669728462
881397950
711598073
-1614318231
-2080292058
-1728781818
-623091552
1978908100
-522408947
1449531785
384037680
-1766503668
-1364985230
-518283411
636784101
64252010
1935068893
1408335771
1531173208
-838169242
640729541
1833074049
-1656261904
-691166909
703655198
-1855414254
2146181784
771854505
-384304330
-1779697135
1713256370
628824452
1442303681
-1549847921
-1136246454
763949356
1787631666
-1545760334
-136538738
-1452889914
449604683
-703162953
-2090247042
1791947753
-1265520649
51336249
-244444705
-1894173309
737799511
2063739826
-955207052
1487435518
1859970586
-1756788414
1747978352
53489054
1067251473
-808794449
1561053990
-894078420
-874962687
-735943507
1965196802
-1569091880
-805942597
1088628062
-1903002948
-1000011941
-1976430486
-28456165
-731254071
291012444
-2008894421
-1610645644
-1675185131
-1858395372
-827522077
141633141
577473775
-2064353740
1647462475
1879188011
-336712891
-688280315
-1757048497
-772978074
-1592872176
385151953
177795992
-1037099841
-1414674415
76499073
-305624217
709912796
1995243197
1389087367
-1657644892
1081670898
-355407755
988652797
-848869322
-530442613
159067897
-1982859506
680722069
-386360440
-1809419490
-1893114220
-469944420
1341874025
1786045119
564857090
-1264529501
-1360922420
977123825
1334144644
-184432179
1444735795
-803921030
1054546788
-1221793891
-1383585526
1552755842
-951309393
-1453283889
1324691943
-1226457206
-481600232
-74927515
-633188077
-1496524130
-677913829
78786559
-976699320
-1691388730
-683333275
53500527
709079740
-1355888959
-1653813134
-1920049011
-890336162
794094325
2033954936
-823883961
-239548066
-480311136
1204231811
1945364987
2018662899
-1818067372
-550227999
-791843832
-642025896
-1485455455
847108031
-1510101086
154087190
1532811795
-1966294253
-2122242587
720387465
625268062
1428020925
-798979028
234084508
437805783
1327731688
-1291359581
1390318038
-307523546
387860150
-1117034469
-1316782438
-878481094
-299822308
1177847581
2052469162
1490679164
-1525660663
1652793409
-1186707220
-1475519417
1625694413
1475718591
-1150053519
-2052195178
-190010183
827833414
-441576526
-594258946
-1251918590
1432917260
102064668
-208367393
-1075771158
-280857306
-1656015922
830737366
-380889055
-1495767527
164956576
-174562187
-516017305
1788349360
1482509159
-598788810
823376758
-889586929
-1932242058
-1467444565
-1502967265
-489165048
395849320
-1670526470
-1486011981
-855544404
1861358365
-1453256055
-545673564
-570641627
1285871361
-926275852
2023300970
-110430781
959963796
-2074150585
-1404315990
1919178580
-10589659
583464553
982973333
-1768876105
-2121077024
-1200976682
1263971470
-1039475533
-1493480437
455600784
1238112271
795484932
-1691757428
901850711
2004467661
-2129580873
580142254
-1268299753
-1344386535
-1341718345
65113124
1913185441
885032328
-422948954
2025567309
1430405277
1355121366
749556209
-1075616071
-2026361153
1177807111
1439232798
-1978214421
-1383719623
-665458738
-1381573017
1547049568
1442514544
-383947726
1554464908
-1356128816
1181235442
683965295
-1021291803
-1581523277
1333799590
-597829606
1854079926
1305577990
1995623236
-655862393
-172929082
438802766
1574439431
750353774
-681041614
-821941540
1011909281
-1489343540
1634191230
1757092435
1565492591
-1187248890
-31236884
32087399
-452923666
-1529484716
-361714415
551577831
-1133477268
-451555236
-97029980
-444947972
-1790985214
1106975773
-2085096807
888151986
596790721
1989470734
-504466835
99467448
1781054506
1406591878
-249964605
1337383267
2015612387
890996318
-104756432
400621048
1751302824
-1584348460
1207928914
1804315946
723092863
1916146610
462486823
1057595105
1918586415
-2065599314
847317659
-1039549636
-2060884494
1278401300
1097235042
2057960921
962397033
-1330375518
-1570341368
-1078015661
-1900121649
584921266
482069317
104689420
2081093489
1049876382
849521045
-10424533
1154363229
1765684319
142591240
420230376
-334837159
-1175956361
-283059626
1885164294
117041943
-1182457327
1901301814
1402569889
-1008234074
-29205403
-1677717009
-1261308375
-1901737430
-763809183
79314734
1444780718
1836552911
1681613701
-560626406
1933873501
1240444154
-266925298
-1791707994
1870520138
-1739665983
-425100970
-607098331
-794263185
-1464868451
-1019494534
-1501308381
276110068
-955754658
-1607872195
-119990415
-2021276752
-991058338
645882155
42673793
-1294091537
-1452243975
1061411585
1812296180
424870517
-747537348
-1868488629
-1936886671
827336131
-1864769061
-710481073
897362872
1733603736
-195081880
791084073
-977393418
528949178
-349764670
-1253805001
-400272806
-1735181579
1325550538
-2045574218
459319783
-1875099804
-128771235
-464990803
1689300364
-1833288978
-550184067
1808803337
602940529
-647073261
-578591791
255102473
1240624531
1945292008
-32637617
985174748
1711907730
1413779551
-806659017
-963087737
1723574729
1812654028
2059322690
467118860
554858143
-906100060
1359860251
1144379336
-352964836
192662151
197757198
1623818524
-724244545
1000568191
1562688510
-377109937
1858412173
-1625196406
-67312996
-52827725
-225623443
-160850347
-71703594
669546245
667671475
2008368714
970752652
1338317849
924920313
1928859596
-642096759
-1996512330
-839627979
207451585
1533137584
-1631853890
-1417986040
1376132688
1938744693
469047186
-1035050668
-1075584277
-1153537905
-896705612
759503632
-452995953
-587017493
-1565520979
65208414
-1335508918
-1878374429
202918192
-1350988579
363132926
1677994671
2017131391
1603544892
1636721507
-1056443109
-1033506291
394869007
735321425
579224954
1339821412
291794917
1101996351
1198020570
-1475308984
-1190429799
-453784314
319905400
-1700656356
-1094722072
38157035
507014518
399989637
-147480764
-1934903333
1657335243
-1754797492
1251998951
2093406712
509791098
1652688264
-2137889750
1256192852
-1963797754
-812587780
-2052763882
1689525499
-1485901276
-1703547203
-290204101
-1491044809
860442546
150938136
629148608
1482765326
-1595379993
-1549873998
1356428219
1442721039
-39726644
-2079920657
-1069404734
-102199987
865586923
-930288489
1304732610
-1057440084
582127173
-1302297929
-1049308658
-1708388005
-1795726968
-1880423483
372604091
1576396960
922807169
1918525703
1879762474
-1477414950
1653459663
263032884
1456069349
-680191036
-2042446887
1070479450
629876399
-2056946698
1444439553
-2053256957
-1254570283
988881073
851200025
-1164288109
-938775094
-1632790309
-1901103083
-1893589260
707013618
-551433144
-1385879038
1487002996
1909936573
-1674168774
1179529782
-194622227
-1241850120
2014299179
719189705
395641125
-220458145
1408457929
-1905753021
-1656424328
-2069564298
-617852095
1887484310
-1996191052
-2127307624
-1395635520
-1720139954
-258678205
-1863030960
1239371318
-1273610746
-1585355889
2137673447
-1630116
716113950
-1866750303
1041502013
-1254291464
1341794986
1238034187
-1202429476
-1554932641
2922925
581438984
711911241
1373001275
-1128797306
-816989471
-778727011
849668238
1869928361
-1902776943
-1261853611
-19618314
-1737855854
-143312981
-13869723
-647334350
-151113481
-197290117
1233689490
2010390500
-2090294211
-1483644564
866129409
1546119832
990695980
1582357417
-1822689014
86891780
1091104229
-917278715
564788305
-590865519
-1086248942
459773983
399263255
1654926106
-628804512
1378019265
1702080461
1601641458
-1316736470
-2067932792
-1654571030
-526196437
2034887798
432882122
348450045
-448571371
1178314020
-446329933
-161677819
1485161477
1295638372
2068980913
-960848896
-1978285481
2028985704
651016721
1883596993
1754725045
447792474
-1865536278
-589222138
1943211928
2144182672
-507420615
901119945
-1867017458
-78729218
969295181
2026655958
-2001206338
-475155220
1967114853
1697902749
887363113
1943422184
22384535
310764361
-750596558
-108250628
-825195022
2097052945
1057434847
1084737572
1744821479
359550413
842757729
1838802170
-1573592604
18198987
365712465
564328115
187348545
1114119139
1940740156
-1420755378
-392626337
-302945080
-496721311
2105127177
-1568738034
-680989792
1105440952
825767191
-1582927313
-1616727081
-1418749386
-339905136
-776672358
-1513509840
1505442383
1245528489
-82153151
1381587740
-1619390276
-1808684252
1535974805
1374694479
1507514750
970020873
901879592
1183316879
96805154
-651379818
1492617363
-265553714
447043909
-1557042573
-654626151
-534759045
-1337511590
-233701847
-1247052660
333482772
-420071510
-679199787
136718063
-845063425
1981351580
-231837160
1504838748
794216346
503022134
-1044889007
395926696
1626549904
834726371
931285262
363126340
-741356434
-1094794634
1514887615
-787889691
-918077067
-82977682
1681998252
-1650195353
-88928335
506395259
-395950552
830462702
-897948086
-663430079
-720121338
-1656502962
32624153
-1866616485
-654965172
-851516756
-474969218
-266192735
-43834842
888499301
1861863792
551620526
-1616054755
1883208494
-1809522220
1429272220
842651272
-5473669
-590260462
-2079519727
-384450238
69201445
-1838656794
-373668481
864266909
365063750
-1288257933
1609934758
1612850581
1051458919
1468549021
1924072285
850778952
1616583901
1708976023
-1708377454
1826588069
509494127
1423425210
-424849009
757752164
-154428868
69163416
-597045122
-1657058507
-998431781
-2007714991
893663535
800586811
767930819
-758675164
-1340566249
-603907653
-826979347
-387722423
1079467931
-2142172144
1984556728
-2101512451
-1813098354
897372386
-330054901
1356629469
-2053846280
-1179435881
681718976
1488821879
917107737
-1402315000
226593600
580862493
36615853
-1670250632
-572069782
1131295741
-1840892304
-1927453759
891474360
-533711506
793475044
-1209674033
147892132
1852683148
-80527279
-1073044910
-1472483512
1410349574
-1847758324
348811183
349737540
1513406261
1466525948
-669170633
-268666653
-1228006031
1020599129
-1164604262
1894326912
-505066080
-1721302345
-58594403
-438853594
1913272079
-790687422
1070645258
-1860070026
-513726332
1265317707
1490130408
-884792371
-1092202861
-115327741
-1795164436
560849829
1598143280
1870656645
1908821551
1091014715
1662767749
547489817
-522267872
1492470130
931868934
958720182
-1746686021
-868315145
1026711233
543203528
-1812015622
-1667145819
1161094138
766349108
-1262667636
2036534313
630231798
-231911784
-787457340
1698677737
-236905705
144985303
-624661548
404020513
-413058776
148297428
-429891270
-1409265329
-463595270
1506057340
1388889209
2087848657
-1182352337
-901123830
-598398964
-162404149
1070234197
845040518
1569945495
757570894
-1391006154
-862205042
200513375
2019543478
-2039028627
1614005848
-2092366084
-409207470
-65462468
-483352586
1203206988
-1414432182
-1126235235
-1541049124
360358827
1842668733
8422294
-1116711009
1615367776
632242217
-632038959
188491519
2081513561
603643664
-526587285
-725925849
-1244244965
1879910615
-298754804
283414834
8205299
496785904
-1417952201
-1416572943
371508081
593404475
-1581685278
2037242091
231853078
1561478569
-1259112119
-333808988
1586741580
-1974164702
-403837442
-467848926
1203449750
833111464
2119372868
-930310740
950758151
-1570217028
-1106993506
-328694060
1836331256
-747998976
1576019106
470764728
-822660876
1693754909
-665997550
1378499972
-1188515593
-1782930714
1695362348
790734394
-2026258216
-503345475
-123202752
148896693
1332588802
1276074805
-1194192253
-1364682774
-1505509270
-600371975
1960639011
1044809585
1572419004
-964808981
-1336863333
1495018307
1089951703
1138873232
612146247
1625600709
-1174144644
-1644967766
-1898838470
562344453
88247361
617013542
-2028578225
-279488446
822013643
-499418824
-1629632130
205130417
890923579
1498257604
1961241456
1634756478
864457448
-1640474625
-943443884
-711527152
-1530855345
-1688704426
357653491
-864353903
1061032007
-1863191666
1955995138
-2028833107
-1394595464
1503398700
667720630
-63527527
830222605
-329870826
-926024034
2071023446
-935123032
242564729
-452633428
-1705284298
-1359732330
1691681261
-1407152748
-150897249
70848067
-1283510825
-546799271
-1497802482
-305921296
1596979727
741338147
1695667038
-2115371870
1399607745
1398823766
-230380214
2060668253
-1808987496
270206945
-2145936848
103360658
-1444681192
1222900179
-2019467753
111870677
335617355
1059279155
640960499
-57820974
929433247
-1053702128
-335573977
-516836991
765232654
-924663338
1611481930
1641836440
762847103
-321946653
-346353363
-1896528319
1614324588
-221498535
740800541
-1056168691
496778692
254366773
862985316
-840126681
667488017
-1410333280
-180716522
-848358964
1674884061
1181394821
1492573961
1926974970
657612370
759108963
908591908
734718311
-608803296
-412499357
49826012
-1010812236
-311922013
1506149036
-1299028996
-1419131678
-1924422845
2126583286
-531770204
1459312133
1423333918
-1483028643
-683971437
-2022843082
-1521906460
-781207945
-1147247448
168963021
1186054147
-143221336
1235404453
1207047632
978980867
1754999220
2053779254
1446946213
2115759410
-969525611
1788095537
-2118035697
394030467
1296860558
335002399
607227223
-1053665101
-1866841985
-1818776581
45005001
29250220
-1706893701
-1791759303
1135796066
-395261906
400702871
594935305
-271024954
-1244692052
1932854788
383197148
-687215241
-150536077
1872472672
37939239
-94381756
674368017
-1038313144
593582438
1431785726
2030306804
1765766193
564114019
375362418
1762201936
-731619464
1790934711
1112190354
1450765638
-155729994
-1574458479
254503413
-355980478
-1827407783
-911498059
1558070145
1291140004
-1725431953
-1288127032
-350072987
-783990110
-1705846075
-1692767286
-771599795
1258215276
-888055248
-158723358
1352496337
1559171472
-438525142
38235233
-211662035
-77100897
-1691524704
759351552
80094263
2083138065
557888009
1546826604
229495693
-392033947
1517885626
948090628
744254221
186027660
-335078792
1335971553
1024432009
-1032280441
1428834894
59719958
767071419
1346361934
-1961566047
49474104
-1984172938
2059890675
193539969
-1038729952
-225348322
-755369465
-1846966207
-681674001
700531546
538704188
1156081225
154724178
-816741625
-1100188597
126874409
-1452802810
-2138805393
-1755534824
-1540016142
-1370429794
-2063285574
-1567735277
1818005441
-22986876
1469228196
-1747345696
450506651
44130621
-1440120720
-1969998023
-825043072
-1190674192
-676101604
-1754719981
-1276247878
-144301784
1173215957
244579071
-817095307
-527328296
-60515156
-1502511149
-1226261100
-235747169
-1868292726
1012764809
188329153
-742685875
-1758915231
-1778192282
240737734
-1680599386
-1686639708
-238194850
-367249637
-1205219483
2069293048
610426550
878023871
-953861245
414071339
-1994839061
797610826
1420728760
374082917
1453868498
-1549928381
-1819591358
-1661330788
-2049396736
115461039
-1773737500
-1959432627
-1739265941
-240093463
1552444465
2041599336
1204683601
1987607736
-505351670
1691461003
-1275322024
1128472222
-1642469532
-1092365197
-1498569738
1232044910
-50504882
316248750
980075538
-1042205919
-388943566
196402581
-1066832149
-2005271576
-948067750
-1275544455
2011663672
379884676
853267382
-1839391460
834672785
-1959358507
959546331
545227619
-1452170483
-1287293519
1336612175
482508872
1729312043
-2064378633
368408835
-986110955
-1105287691
-537238813
472759584
-308617266
-1312435870
821787554
-1821096954
-1592817170
-1829089028
434280489
-103946352
292190806
1420139202
-340193983
-1143108451
-1553534590
1107929678
1257547750
-2036012340
300367613
-937387974
392100562
-1323070330
-1134863593
-816593984
-911511213
496454464
92989396
222917280
601570149
345099265
726256934
957483846
-605329668
-1924480990
-1537350561
82595115
-214254944
-1093734828
-78682400
-1301664901
-1378212545
-1591195673
1648694294
1714826743
-1663838402
-1533309367
682115751
-1705804772
1252153552
-1948496692
-1906552601
514913925
-1026412149
1021323947
-1659361136
-1836449139
710800696
-16328370
505924018
-1684673480
-956446230
-52682036
214372584
-189726126
1436597073
-1072833358
447098060
-1162293032
752316239
-2021145854
-1069844820
-972612201
-195227700
-700219522
-1668439427
-410154221
1617198534
-42245850
-2091091441
877528489
1528635819
47351806
-465725566
923426551
-364647190
1928169747
1151718136
-1731740805
1321885895
253939392
1630492555
728282746
-756634002
-241551059
1794610049
-127180766
1149060171
-1566063848
1810855870
654735858
-1744479080
-1801113897
-1951679879
-88894119
-670080713
-1119158371
216666418
2078931101
-1599260479
1019822843
-170158621
1520987646
-1855336226
-1478168918
1771293557
1940545819
-1921091114
325506695
2063529333
-402198893
1439295336
678788830
1488566023
-1581331986
469101274
-1824305430
-129028838
1218977214
-1888077231
202303388
771880925
1349896705
-1797531294
369861275
1738008432
-863394615
731772648
-1532723828
65486815
-552099554
-416132073
-169085549
-1453340597
-786825181
190613713
-1389390056
-1430709911
1978986614
-1573078728
718161357
-846012624
1655324636
1780191363
584876272
-362085938
-1956379874
-92629739
-351131699
1528359387
86464557
147663307
103907974
-197372976
1391371916
-424685419
1070568214
-100571462
-813891090
-1564966328
-1553861997
-1199373782
1446155038
726937521
-1393115469
-282101905
1329867550
1305657324
-180397168
1411588614
624321683
-603709450
98504111
196055889
-56690848
-304203903
-226840514
-260225657
1110778511
1942804231
1192692637
220269036
1617186936
-825625822
422023199
1071490625
723671324
644727065
-695764720
-270707332
1895630545
-804550467
1488165882
934682556
-1452752604
1978220406
-616863708
1590115702
345276922
1206730904
-1899767205
-919799308
1587902712
1761523451
1985964276
1072417024
696189220
-351630391
665463824
533365724
-614347572
-127406439
-2025208287
1482621300
-268997722
-1854616899
392482989
1565490646
1796050744
1777581527
1285411154
620659937
848736634
-1472568398
1280965385
-520203204
649855416
1507330894
-1529069650
1359210634
354859965
2068457788
-247368257
-404674085
-832221907
601168684
-386754973
-1500451995
62057778
1223495876
1341020078
-1160334733
1588496987
923020722
1536927523
-257984356
-705154368
1028667652
-353712006
-1368400584
1467636329
-1603572298
-257745758
150960656
-577330192
165232780
1880610056
-269988012
767823716
-1045352670
-1084352743
944536273
1067889520
-918623167
2059621382
2042867298
1904698555
-1165460109
-873801530
553982375
-1399591022
1184898520
-1209673120
-1848001803
-961099836
-2068776390
-217480598
-1439806580
1130320589
-1961682337
-478494772
-505726193
-293457866
597953439
-1398808631
-1054052816
799745083
-899211083
1109668672
-1835420502
-999257939
-1840686375
154813486
1438394996
1546807322
1695698957
-1366466698
-778307533
1091413802
1246536375
-954501404
-1506466065
1703796811
-1165631889
238853999
-808879351
1244583312
1508822554
-1683116098
-847213972
-748118826
-194863305
96977645
-1758035453
1460660776
-26450312
-697916528
-2022879638
-2138694556
-934815340
278684407
224074727
-1261768674
-1571597733
1383112883
1263296923
71040195
1798729482
-1261549991
373222388
-2048106495
-262020128
1152039813
805214821
-499041434
-1765649935
1738397217
342082649
1847978055
1690908473
-741209369
-2015463068
1073022435
-1920185357
-609705437
-260501317
962708935
1743577387
-1863977795
-969950234
-528541069
-2118249326
-571083402
1797394611
-1279742915
-2030441071
-702969231
184467053
862697589
-1652377696
-1689158923
-1168580018
1443643081
-806408745
-891030159
-1516654799
1403330795
850742212
598077887
1530420363
1632114800
-1343170689
1275196333
-116551524
-286480645
1145043196
1162473912
-1875461664
-2138348390
-201231712
1048208410
1901136844
808800367
-1327149290
1718665222
991630006
280823698
-1250289566
-453516495
-1559817452
-243136970
-999429067
-684641388
-1590188056
-1169402102
215744899
-1492551824
1124291707
-1406577439
-646679726
852797842
800259400
538993300
1591043285
1511804376
1576696891
-660554458
55169721
-882898445
-2065054693
83348521
-124541507
-2076146067
470304579
-1322150815
1823201928
-964109331
-617376360
1857761446
2042417846
1091244218
1727358390
-1791396594
893920051
-2021102979
1888779628
-41672630
1001026508
1764137034
-43569814
-1663549616
491078659
1031731424
-1373285320
-497375430
2126489890
1566933296
-664593302
1194174830
994859410
-229046501
-1589843439
-1611962882
-1477142164
1583805568
1271933812
-1886887856
1322048592
1114154613
-811335424
95959553
1106325621
-1440678701
-169873284
539539462
-42678527
-115024392
-1889659008
-1534757356
-967758437
-1327385913
1686737191
-881267647
1880558909
734076659
-774831357
1359325931
1827373646
-1818658435
1400931665
-287510312
1350197743
244238714
-1051370899
671481758
1614217364
-981447911
-2007946872
-461647291
516574679
-1369784092
-1485197161
-308471254
-1088005752
459806022
-1651695218
866428454
849647112
-348581811
1367514829
-1893820434
-971674665
-884070993
-2127459622
-1045361732
-2130906518
-1905221870
-1879990447
97850927
1369563713
-553802105
95485720
-544785297
1834030137
427357527
2099034070
-691746156
-1349967330
1691691778
