-66776773
2032134417
1483400450
-1583033304
-1483352239
-934859190
929504817
-558162294
-411996923
-1435833214
155509917
98494263
-794736049
429655833
-306081255
409246362
-1305937120
-92758297
-1205042429
-758275389
2080414681
1402161057
813738459
-1011665560
-640276224
-246567039
223037465
948010540
359110192
2009308454
2063917114
1246013731
-353181615
1724737464
37664027
-119697003
-2007462135
-1427157681
-1588041077
-1408493310
2019580274
1669155733
1301715738
1813604966
-1235820019
-795779415
866940727
-3363394
1043774965
1290553926
-1235762823
-285675574
1107180375
-1632153308
-1546666948
1218134547
-1862886623
949976733
-1917002640
1433163567
2026418681
-1859557740
-730311251
-197583037
1971725424
-89751662
1521472393
-527816504
-728911241
1092844337
461042734
1046071698
564413969
1194934461
-139110362
1662342158
-452740790
1293970967
155802488
1696980171
800819047
151093980
21285881
-1274981317
1892605278
712645063
2035429595
328005817
-2076263032
-537799597
2009495433
1252418765
1155934868
-253764444
-2011424329
-1506230865
-1107718722
-1765006937
-441315148
-459815415
2019150913
1843769719
221653506
-130885375
234799114
1069143554
797413671
1632506230
-507246675
-1792157716
542614213
881861000
2132697500
-1835562061
1889295592
-1810391458
451872405
-1343288045
38338719
-1028471773
135116636
433474731
-319375155
-1459554736
-1233555030
-2066132001
2070960704
-1024098256
1051394149
-1256955136
766611714
-576235103
981719824
261836202
1662717679
-1177422825
637995140
-87049875
-761098361
-1155050522
179370208
1166680751
-1948334843
-137102913
1545505469
215206864
-2126740816
-1298571141
-1425887322
-751961457
-1028933520
82580247
-546479162
-2059065428
-1645735005
-103899393
-1403130653
-1263205171
-412460751
-705501553
-1077570421
1013742757
709676253
-901802026
582963596
160371026
1732131294
-613430372
1360270504
-912048890
944009390
-1335947098
-1133859703
-1984710423
-1983361503
150234935
-503483150
-872165826
-562913352
1841492186
1889486135
-1856694844
335706422
-861972385
-1954786833
968837470
-2135240844
215299618
1134228967
-838792203
-1131516815
-1902644078
1777047128
792382365
-1945202515
687798513
-856287652
913514998
-829303370
-1198189480
1931906462
-111782188
2051941890
444563710
77739601
479783202
561634815
1975578553
682149475
1618952707
271936104
-1453233725
1511368689
-678758855
1027602394
1401686721
-1747467011
-1938802230
1284442023
658495233
1080941149
-1183028768
470416872
-1405013501
1977648630
851497200
1831337176
1405991226
697467946
-1008531169
2067767648
1282180883
-1479356274
614899936
-1019382547
1011950134
1638112736
-765860383
393160841
342334731
853825847
-1165362649
-832639703
1518643583
1530670204
-1023371401
2140896579
1872536839
1678095384
240133368
972991396
-1819221788
-1001137170
2035876629
1707969407
1532144297
-114092148
1870475688
-416643640
1544542458
717842844
1994765396
1946349506
1595203733
975892128
-24159950
556201687
843888022
249552606
722126255
-1244400217
1225194742
963918744
-415896141
2028373602
-734965164
20487040
166942982
-1737824678
-1195858440
-371275158
1128651503
-2003337517
311686931
-787206077
-260202467
1537648413
-2092306869
1340552001
1250801355
230814692
-405332873
-555480741
1500476702
-1870485562
-1007492697
-643257093
367747537
1571821862
-2079506330
1584851186
1853195027
-367124161
-62906046
-750342228
-431671377
890955900
1427294860
-1286983260
229572205
939303941
-6909861
16279321
-1840721992
1230313629
-1387265833
415891713
1925705088
-648415574
-2049961805
-1558186690
2014399841
-831626347
-1877668869
2005539343
1357119748
1521173588
688082703
-1944615735
303513797
1527323972
1455557614
-1614700603
-790889322
933731131
1120444343
2057186204
420222754
802953693
1445805165
546545553
361738037
-311313618
-1785861382
-1626432178
-293397670
-300227479
1744382326
-1695650861
-1639023675
-1581435889
-288642648
214543787
-427161997
893273410
1070396364
-1106524576
496529807
-1526148013
-148049514
-595680464
-393011177
1978079384
-1063213705
316398336
549057727
-12032125
905744926
-281323120
-900534507
-2066385681
445617729
1524959727
855897829
127386813
-446087012
-1787939791
-1183614498
506339743
1440931897
-1906146720
-39665803
-1060033229
-1787636494
-666640208
54466312
-1769448109
340124724
1957407989
1129661511
1445001899
-1013803515
-955586215
-1952133681
1820193931
-1118380473
1764648521
2106003991
-1678729731
2104530493
-175695953
1329088143
1253550106
363086
512100710
1317979398
-356323943
-583524343
1264494314
1578060619
1336927144
-1905141655
410602063
-216854249
47956990
-1369623975
1611351668
-677455831
497402928
1044164985
619241592
1524128435
-389222844
-773518046
-503780245
-1845904396
1249537667
1132252072
1392050504
-1753686235
-733844845
159632862
-222529501
1091750041
1148368324
281644766
-956323170
-574001889
1537734313
-1457447927
-175364959
618959786
-1508437525
-2096232116
1359068489
1827450164
8515161
1318446501
140757792
2141243102
1085007426
1679160293
-624367729
1280768603
563313158
666184631
1132393872
1464402063
-637790230
-83441952
-1713610841
-129709454
556535084
2129780423
-434978542
1347634234
-1217399721
1446436408
1894149695
-1033525575
1060517080
1060359012
-898527107
-1053033725
-1783994416
907324972
324061430
-490884013
1071756843
-542271842
-687698211
2032632878
-1725529104
84936639
1294056675
-218116919
2030238938
-1329214838
-1531510290
368399783
428824104
347565369
1214523660
-723376506
1233246641
-748358974
1055354021
812035195
-422834630
1820030628
-928757520
-768635557
1332842763
1010485474
-1279098456
389729629
-872778561
-758495665
474697470
462891773
-357811876
80507148
666363345
1281545506
-1580093021
1567952207
-219951333
-1451434110
-1156879960
-195180955
1099481774
2041518405
925328036
-1030643719
1586559265
-397661720
-761776119
-1693993066
266873092
479729764
-1282342442
-683009430
105030490
-2012241778
1162643500
-1852984500
-53132472
-1157301567
-581198815
642553087
-177199863
1028585913
-1723881004
1891902648
-31893468
221356737
-648816703
1271720157
-2057043743
1064674321
1532512086
-610664433
-174875400
722881904
-1877456186
-783645590
-1822269556
-683413727
-975330276
-2028511477
524081239
1978843900
-504356462
-1752412206
-1774953947
1577894874
-142464221
-2082263704
2114770054
-1461774538
929043806
2038735235
753013950
-1530794736
-1295954564
757196136
1949016576
897841684
-906513740
-1223736655
1873127643
-669978628
-22368050
146758736
370715124
-732129231
907079670
-491027501
-1553932299
-1659734856
1265937874
-1787453720
1404145861
-98301108
-2089020458
-2112593628
-283132423
1347305158
-294641962
2065882623
-985470839
-1236247867
-665719844
1276688163
1517411270
118863242
-499679685
-767530267
-972246133
1488784419
1986417380
-170555629
-1432055373
829881547
-1187818249
1066189808
-1998276918
518472592
2031421341
-917222532
-1406668282
-2125816522
-1714554604
1899671799
-18834313
324891739
107139851
-682664792
346592125
152943835
-319775697
590835674
-1154357637
1011130741
1269628677
1885234470
1906846665
1543169966
547596794
811200760
2057154798
806694389
-1419699017
-1232279989
-2036401649
-715954169
-2115209542
1586308022
-1741011807
703675796
-159966430
-2071147348
351273317
378220322
-1170063927
-2075700481
-2074314346
-1053383374
1772596631
-1678306138
1194988379
904482208
-298553323
1574998463
1172236674
2049862479
1805189696
139230934
-523261329
284097541
-736341345
-375769241
690811474
2147211410
-1233401705
-391621471
-513829737
-1302908104
1525935358
1768516716
62621858
-97707962
-1395488787
1582775469
-2078773828
-1035938555
-1565767719
970376904
-572925369
-1701877544
375211492
851713894
1624304185
-2059049826
412941169
-2054883720
1745076423
841538650
1734573301
-479388806
-50400928
92163862
-2082009580
2100331004
1545602012
1450813699
30827244
651332189
1233618933
-1631927323
-1360715093
607818458
-833328139
1650919853
-1794801817
-1450044218
1639025329
1298668903
604174125
-233778662
2086249653
1752280662
-572550566
-1222650064
1589983424
-839984804
630600489
-2130422581
1568206706
-31867745
-1896232307
-1110469030
992120387
-796515990
-1584232895
1130469501
278767031
580018256
349654044
572523464
-1898418481
1136649110
1664292521
-1076129850
1227131842
-450434094
1076561655
-1585835457
1728487405
-28345649
770916268
647741118
106099463
-638351181
-1660035744
-1730782643
-1735093352
-556996765
-1099915225
680093570
882879659
-573343706
1667439215
-537227585
-1241054526
-831088760
-418350836
-627456332
1396165641
614916992
2045065361
-1908342488
1065244623
-231489579
528636897
389767161
-613861071
257047740
-90900475
-367249823
-1155012329
-1151777850
-411424449
1076779642
1927091044
-786878728
75810142
-121074941
598475625
2012425787
1312513875
2069622116
1691083674
2117541622
1815769092
-1612847121
-2124233597
2023012857
-909133729
-2055283608
2039848700
-1210631268
153170098
246646471
-1839610469
-537859545
1241717050
-38861765
124221801
-875684236
-205127687
835176050
477402585
-1229081901
478072780
-1658718441
31033333
-927531987
98057404
1184763804
-466484006
-324816533
-929160812
649242936
-508677274
-1185520360
1378394802
1120192819
1239432495
-2059635388
-2099893726
-100520607
2031975094
-194734676
404787432
-1527423765
1045016284
1315002391
952830364
507740500
743835028
807491330
-345268164
1937787835
-1759196711
592242303
-2140380355
1225026141
-1860303134
-749506727
1707968995
-1619570082
-892303212
-296691588
-441242670
-578461240
733867832
-812277101
-1101111837
-1069048365
-1037579667
1361222130
735758395
561156454
-627118240
722682551
245827994
532025310
-1099596231
436233003
405765104
-334503923
-2058925352
1108758637
-480760267
1517261700
1221827776
1915806033
1171007353
-450228715
-828474797
-1291244667
-208320710
1839169939
-1082199233
10448629
1390499573
22995419
-576512456
-640822416
2131632383
-432138984
1558822375
295099531
1902092436
1234068545
-889405151
-1181960251
-530538704
185135078
-2087251364
853330155
102716189
596061484
-451712418
912070846
1451021133
1180151574
-1324803530
-1716549166
-1965067159
1111474181
-946405264
-1972832328
-452631767
-918646911
-1186194045
375956575
1488326630
472840249
916487054
-194078793
1894137708
1571889736
-739746493
1338365334
1506530581
1184204217
-925439965
-1212052001
-342119918
-1583935155
-1840988693
2115676896
-495122933
1556773243
-1354614450
-1473420804
1961069803
1896149943
247742947
-454251895
456766964
719118839
1421208416
-1503936773
-674029543
436941426
-2094509048
-675541951
1975474060
-1424197718
570259042
-1549782161
-1383407468
281869484
-66985429
754647452
-1585079388
106650006
1865715852
-28605939
-1123887447
1053903962
238765967
-1602908526
1417191331
788191680
-1913306929
1239974448
-458675081
-1262486863
1258620783
-861146625
106589186
-552248911
-481967796
-519794603
-137554831
2046616749
-1381017738
283221540
1852162767
-1168689418
997208539
-261779808
2131754975
1909661581
1715108421
-270352092
738999851
341362592
-584181115
97482070
945235292
-769508012
849865200
834821512
-2065056052
1686857413
1691467274
-1900317855
-2013833383
1941938506
-262778239
1494414012
-1958270340
-1056206595
458701916
497196751
-904582503
1493034106
770858100
-899959408
1371962007
-773189403
1351058722
-1094830765
-1737265997
588007986
1304839993
1523341495
168958609
-1900135520
982981174
526347459
-1507202412
-752860027
930239414
-646879925
229217902
-1064092335
15376936
-851389544
-939620614
547031244
-1353187646
-1939135673
-651847352
-1300073054
-487896392
1567834481
492478713
-509791199
692194219
-1981214196
-208847923
-1282612160
-552273057
-590850160
320260730
2142928866
1393778353
1256976605
-1802067265
210085212
-643278905
-2049142437
647417527
918521396
-1551456376
-737126558
-1645417102
-719356373
95064655
1529013468
-454031167
-407136642
-263660582
1457774121
617968721
-1552975513
1042091656
-309071038
-1626076678
-1631544855
1845002691
1015469856
1523472217
1769378765
278320058
1256376670
-1321627493
-2046097433
-2083272109
547132957
486562971
-192644963
1974062944
-933679065
150851119
-444339543
-1944093680
1640778070
-744612161
1787121181
-1765939289
566070582
-889717226
-103877721
-242176655
-1823186455
-1819636868
-779316714
-1941185036
769938251
-1783018492
-497639395
423841636
1232243797
-1512000991
640616021
-1298005669
1020199622
-445445505
-1576505976
805799881
1889679615
-1305026032
-981619412
245149992
226146862
-2000864924
850599468
1091558388
-1644972881
-910747331
-139209234
1056747354
734025390
-331916190
-147255919
-213243089
-1929522928
2053554867
954874230
-1572519133
1894261907
1073586557
1829278978
-370312907
1311513907
-482884337
1969301153
-1404294295
1406345167
522999693
-645103603
201754809
2120986124
2059198723
-818692401
-505061048
-1344551815
1860940988
-729378555
-435337763
1064859380
-610574380
-1417264538
-1806390642
-1412403381
-1614942964
-58321533
-271777605
-1907543515
1930695133
-1249809073
1097792574
1957252643
1493801167
-689141023
-1071024160
58186049
1597873418
1034740599
1888857358
-1847861118
-602248403
-651013442
529183436
-11227700
600447838
-595940017
-690200
-1284634608
420624545
-581077123
2029628531
-1032728147
494012781
-2028616627
414404205
-64313066
-2054926980
-807632699
1631047103
-123899983
-983661342
1439018857
1810955117
-191243518
1102386273
959928322
-899991541
-882871288
-416490757
326709153
-304900752
-2053199641
-21492537
1648901347
28958633
-1494756154
-446339320
1313471605
-17448656
-1814273542
1692799355
904841690
-986876322
2057202275
159367407
151752811
-672152547
390429206
1868951323
-1351677793
-1812322847
1694062652
-1513210965
1580664204
366962392
-730465735
1321290395
-1729194323
-555607457
1748567312
-2132102200
1556480485
2048501688
800817413
-373303356
-1715349052
-500179718
-64969853
-1686196759
667857928
1248869704
-336800960
16965552
410731621
-1010729403
249973406
-494877373
-369959032
1119152326
158530644
1327175504
1089383001
106860745
1306369613
-918459873
2113141120
-1285252954
1680211663
-1139620378
-1835358933
-2099055740
1553926112
400617564
-973187827
1017404174
551490788
-525976693
-1205204823
-553096091
-139624822
1946742250
-1954717745
-1879433129
1977778409
-1566271574
218064743
-388427055
-572727323
1258482000
1770712684
-966046318
-612176425
-1456283773
570206011
1427409441
-1040525203
-846833626
-1270114034
602611457
1017143245
-991206231
-956783166
504499234
1954307072
-1630016100
-2016794656
-1807557991
1357165710
756251524
-1701516070
669598611
-349065628
-1307297550
690229140
-924986745
-455101442
-1604222512
-429557978
-571738454
-884802623
-1849715714
-1390871072
-1574750296
1986310312
218969373
-1717795699
884638096
-1611169501
-151690839
1733260796
2051521551
902543419
1629772109
-2001961285
-612556576
-150387463
651205746
-35619547
-88013437
788026376
-1990349032
-1265504865
1846283308
830955417
99071209
486299422
1623519230
390584710
1910782603
1085766635
688939128
-158805062
854966325
-1363520854
2021564463
-3585329
299161988
-358216808
-127411523
-617482504
-1022691697
728081939
568550905
-178206944
661137976
1257429599
-1219141017
30304851
1792967109
249125798
-447648014
1790479197
1342357934
-484592064
558392280
671195824
-98853960
-1078112715
-110999323
572621450
-1801080254
5325311
1095039715
-632290985
247725278
1035351443
513487952
801465939
1484349987
-952677982
624356689
1233288307
-805201216
-1143291108
-521845017
-1764987003
-731074092
1364403957
968455519
-1935222891
1359066749
-452997590
569859599
-161966445
-266177874
-1600899578
-98706370
-257004494
-172803258
-408055647
1260118371
-1250401262
1437019485
1376934313
-1883577198
1424851488
-729649952
-1882197148
670848307
527651133
313079903
1697026036
-1831926540
2046638109
-1720981979
-1535907107
928824576
-334382991
-148038007
542217924
1585410672
-1765671864
-536811645
2015617913
837864962
-1044228686
653809025
430088247
1354627848
2107151526
1396110715
448085546
-1565199966
1505711909
2901060
-1399843024
-568348625
434878366
589088547
-476521245
-1351280640
278199700
-1899259486
-1284213801
-1729207986
347354237
-1982954331
469810976
-1687463314
-676606739
1109652157
790700054
704570946
-56251405
709055934
1751952987
555773426
-1363653437
2119553422
-1556517859
-1055508004
1695144085
214843455
829422232
2079843784
103962827
-243997856
1380422366
-1310235552
210528089
-563325296
-1279113510
-586005026
-1372192415
1224382291
817745553
-906742266
1132027932
-516278744
-1880267349
309257559
1064303617
25494746
1515552050
1792725373
1999642143
-1381313002
-1440070248
1517789449
1039639502
-1877204419
293491966
-1680210333
-20129658
2103027067
-348197453
-1184866818
-1875342834
293030680
-724588294
345406414
55229144
965868046
-76576240
-1459332105
1179489963
16586458
-491930260
-1167414586
-1549759102
-253374826
1624541256
-1490331676
409974964
913801031
-1751831456
684435656
1134161492
-1469197964
-2102934535
-111116691
1968842458
-1900652809
1874745892
-1534279099
1248794882
-1232289002
-212155581
-121295252
1942368243
815402965
420149708
1225516320
1952268196
-162519931
193463116
1535740785
2086706043
1430311328
-294674001
1435556660
1086419766
734541272
1343313085
1022681149
198875662
-682631059
1783328743
1080644812
-193455079
-487504706
1442662468
405262663
2130200047
-1835838685
-1721778475
-1668562135
511902352
-335000839
-689591536
-2063442118
1958654853
-898754051
1549396380
-305462528
-1959270588
1499782365
1896420184
1238874485
-182218280
1658082572
1377902753
1055184633
410627009
-1942853675
508656852
1071243401
887118616
-1261831501
-1722135023
-1409994191
-339866889
1856159967
-975047358
-1687742273
-2125785833
748670505
869534299
454578873
551674297
1936982795
1811765475
1688415376
-1722375734
-1385650694
-1160994638
205892628
655230785
1407434239
1817714427
1342603051
2065473483
-362741114
1061430156
-1062362691
-1490111062
-831949706
-618187180
-1311969550
2006112986
-2075986815
-1513320155
-115076705
-37780875
-640521540
-1585581637
-93419523
810437719
-1111469198
-1987442691
845262491
133031685
-644299468
701301890
93062805
-42619958
127747124
-1235940522
-1792660730
1112824098
1636824787
2039779069
-2013713990
474320732
2049249143
-1775183945
-947571928
-36703366
4226978
1704672005
349099422
-255320997
-1896658881
-2105030804
1810380734
-1120752101
1485634367
641493112
-2068904408
-1750972486
323699300
-975190269
1636763768
-1529600261
-1938129060
-241210954
94671218
-15161714
1484249361
1056496080
-912703876
1128462960
-1674163649
1776930854
-1119307188
-1062351214
485328198
42446442
1793226465
-526865480
-441269951
-1648441169
-1307012426
-17021276
-2044148650
217989932
1312513333
-265151117
1651883855
295536703
-1541132695
-1649539258
-930951575
303340213
1405715960
919509540
-1703791764
-923744184
-1736334001
1135840030
-948527877
-1140621208
295180574
-1252561741
-2079912147
-1914612930
506324487
-1172541578
235946331
950230253
-2103227247
1859258605
-1300396741
-952262374
-1102751646
1681106108
-58684627
-958326098
-320295251
-1371618301
1168152533
67666906
-1665249303
-1077858557
-317784343
322640475
-330940221
-2023351033
105379659
75555838
168775252
378762881
1608784986
-1774700698
-1087217258
-338258574
-51367804
1890880781
-1452599788
-860739569
-228199137
-737485688
-912881696
-745203295
-1732629639
-1661990386
-629371702
14460332
69276461
1355950138
-1051276082
-1488848557
778828216
-1264741873
1221357005
-2026502406
1886891851
1227563325
525354624
1337225261
810349793
1684341922
-566571863
-1606374977
-1315883116
-1023149293
1054356106
223264310
16198956
-1533086117
-650745957
814436966
373564921
1457744515
218493046
2139934811
-1401411614
-1788031661
1922812438
-1481515908
1911826109
638978585
1213320256
328169708
609938912
1980231080
1382432576
932412211
-761360649
-831271261
408066264
1722169373
-730502633
-1592134149
228365429
1994426850
1452221203
-793801803
883169956
135894150
-2020403186
540019696
186887107
207744130
813116753
-899512282
-381664773
1807221668
-1672019362
-660916047
2019614317
-1969487821
1172366405
424026769
97858987
-857251242
2079265077
-1940925076
1775644521
900668341
-1724309163
-112359979
753020275
943521120
494053588
-376043568
-551399966
127377391
-571906242
-208573035
111484042
-270652949
570857489
-1398976876
621701046
-382756756
708589712
-2143290695
-1826411497
-450138621
-1088399658
1715805681
-74200072
-1064047655
-1207583187
302159851
903218614
276314392
1031967904
-743666653
-117219985
-1479598967
172670414
1569451547
482864633
97594493
1288509184
-765784597
-558312170
1491835121
-1688215426
-1807750916
1411952357
1142092780
-860231650
-451656944
-150743910
-1630561236
1815824669
1965542276
782586481
1641262593
-161360591
-307703079
523290847
1686412919
1794276062
-1952164752
-1442009846
1776346298
19021064
945182868
-740582277
-825469514
-1415671863
-1349520706
520796178
1867781629
2013146756
898129939
1895184954
-1507506706
-601833670
-557643216
-637223844
-1619014638
1972688667
1191997994
-634593384
966844873
813773920
-735295536
845171890
-566802907
-435732137
-703909582
-342737078
-852673771
1122120895
1424950887
1421807696
1194504390
-1083743403
2136507785
1706914741
-1741405371
121738926
138003204
1006198118
-980291992
-628458169
-2081629680
-2084322955
1404214254
8554458
-758734469
1138860953
1354756069
-1218918414
-744920917
213395928
1495791435
1501144001
456655075
1478141570
1144560888
16020273
-129395003
2107297121
1577257146
1643469368
281223191
9078829
-1242346303
391246960
-530357815
-605938107
-378862275
888972774
165335606
1949606812
-1519137211
1025221937
119069610
-603462927
-1131891718
-88206650
1422672676
1787049794
1539571948
1241166219
-1044596900
1254361218
-2018439492
1307120809
1618988039
-1705910391
1524104449
-358656346
-1989417640
316622155
1897099887
-915690062
-137373750
-1255284404
-920728522
-1994231488
-258064356
-859337901
600661927
-1462868776
1713887133
884556893
1547809309
-241542101
-1804580695
-2142221612
1485163290
-1297576857
-1067628685
2132262400
1683227824
-1476583732
-1044909309
608732349
183631393
1508300927
955564674
-1094423698
-1091201847
-1381373026
-1237941579
1926278449
-639236292
534660500
1531258823
1230199892
673818283
640937645
1585018698
-593863162
1641200267
-966439188
1160433279
-1746277039
-1796965769
-465015780
826050773
-1065625273
-1143782827
-831687388
2067581615
-1552420229
26305720
1758080671
1365161066
-1878959181
-1381220475
349639852
-1078574690
-302272037
1695774424
1199326721
1874614435
887504699
-2124514776
477727814
1753599574
-1587892756
1191360424
903222688
-25140708
-559944312
-315678224
-1181109365
221574694
-208060384
-836244516
1104851692
666798070
1516544626
-280518988
1615372646
161066274
1870332763
-92737907
-804416533
-1586980776
995622538
38727918
1281671830
1048832673
-673837450
605526453
148803000
-386870039
1674013073
-1700879813
389496880
-1378267714
455278269
-954909002
1327964928
-1456775336
-207600385
1844790751
333952540
198234585
873714290
435990228
848503427
222344661
998895229
-1580693186
-113231469
591434515
-482634936
-345713738
302945689
-1950138475
390959723
-1634151324
-193220697
-147873067
-451882776
-921839639
1267924650
1161423185
-42611109
-253199746
1041789883
-534909879
-1495995537
-2125799587
1743644597
1773261255
626008980
1387821663
-1360441849
2142513375
-2077610514
-1514516506
710590666
958989880
1606039952
-1297297668
-1596016107
1238230218
1180874985
-728847940
-854978928
451170024
-1570443138
-801484816
-1673364153
-1911581823
-170771239
870969339
-51386176
-134083678
-797490240
-830463495
-278950578
1635431486
212632746
-1190289116
1483983015
2111578161
-21300114
-240208007
1406158516
-2085484926
-1036332995
-1956560998
1306240936
755691752
1287467986
-1793171210
837612372
1608502927
1953627879
294742566
931950008
572223259
1871488490
1249340826
-401301284
-1787811347
758352368
-45513612
2105126881
1430926756
905958378
-57812045
-1194703022
152138726
-540848362
-129372268
1415495359
-1495943841
-1582500169
-489514700
-1478475892
1521269257
1111239431
1809633913
1822098694
1840869806
-1426210452
209474611
-1674835530
-1052229462
369976298
971731581
-2083801606
1726237941
1778971609
1288297321
-1870896176
-1174005920
1238033367
624303067
1434242037
-751049441
689683711
1543507637
2076946478
-1414480505
-1646640294
342923828
-661956892
1258225687
-652415595
319119257
-571954186
-1668819268
1556521972
1380270347
269687498
1297680464
2067004038
-1044586053
-1961921115
1547628388
1195727514
1786807369
-134119876
-617047746
1448988529
-1031607450
1714217867
274747684
188049972
1256661177
1051183332
2092637147
987328808
-1754446330
918956618
-444209302
2082721311
-596061043
-1914260993
-390106333
-1466535887
271642288
-1396780197
-1004915741
1260295340
1612818391
533544670
644987032
1762601800
835675799
-243858551
1267946243
719374751
2015085841
1002762601
1759643838
272163291
-613575784
-621014669
56234112
614543536
-310124138
44385943
351821728
-478964084
1844850863
-213554162
-1529934889
1628295181
-270387674
-1589082889
1515685193
-660356685
241815168
179818785
-1642074938
-801223978
-1029044378
-1703158998
-2013197748
-1159736358
1962828751
-93793336
1910417360
-358151264
-1963868578
1516555878
-842247107
89884735
-1653576184
-1881361678
1670173373
1012350707
904237305
-1363805963
1812118070
-1334114475
388473272
1496874979
-175306474
-1962172980
1052162696
273488052
1790095699
3660099
638659345
774018227
422338733
786434076
1896432704
-468423275
-762574538
1581361251
1599176298
-557098292
-1783239149
-1532367034
-1558028873
-96376803
156711044
1837421508
-282085187
1742233967
398612769
2017824933
-916896405
-1672828954
1683601765
-805252695
1071419432
1730921520
-1909096080
1684013060
-1299398341
1798261278
993621512
-1961336312
1257690220
1388437878
-157535520
-326630876
866068203
686393351
-969849571
-1849323252
2045738865
538927356
2128341525
-980437191
-2042956635
1227269493
-626493863
-1084520044
-1683008064
-1609987501
-295261963
394859885
627177843
-828493997
696217333
2025863090
538973959
-813503650
-1654334677
65483612
-2138501690
-1952282082
-89958864
1028111148
2088451737
-1002025260
-595113305
-510762345
1950505970
1438961768
-2118463032
-1415861762
1434473451
-1472593215
-1804393444
1339890209
-1783088977
497418582
-805449083
-497540395
-822818023
1821732613
268045185
-1728597771
75139994
625966883
394948783
-1354190954
705656159
2058550227
1485848721
-622794627
-1537161294
-1062412901
1825101970
-1284573227
-1364098657
-1379383244
1219679051
371803932
1468167131
620822688
1924155137
2101166942
-1248916255
1308536962
2083514482
-1874902362
243811166
-848262487
1727993297
-1649488720
-1951841585
-1700387603
-1836904947
-290833693
1272430183
-470049986
-742926247
-400039043
-776204747
-1367584775
-877158424
263865360
73104006
-276767363
-1015707656
1615322924
-327067257
776080638
-461161454
-327761571
-1628839121
-1063000424
-1234648945
-736698025
351002459
1058614951
982140766
-1093283985
831296058
951116885
-1106244349
-1002870707
-1715762454
-1218144909
-1375698462
1049001696
36321379
249011085
368919485
118731153
-301111148
1512347192
1779936122
98033338
-1101720117
693614253
1211757353
-2029589415
852043353
839495835
-1175570362
394712832
-734002571
2037933112
1813831226
-1758315504
51258464
-826829416
1408242983
226284326
-719583542
-1973074622
1453492452
-1654551852
1845630324
1005747712
299596870
-1345766253
-815758315
474655734
-1550134111
991177720
849555329
129028342
-539240050
-1839217370
499117320
910895634
1463659757
-1295692156
-2071991268
-1857349006
-915620051
-546995794
1036717622
321417062
2012791754
31473584
-629778183
692343230
1861675543
-1558784911
-544938346
767129689
1753767485
185236845
-1965229966
1046769659
-614902141
-980408410
-2056712186
2072513636
-89313073
934123740
1119302151
-232827235
-1529846676
1577285627
-1163479098
-1792045932
722553868
720038100
-1210625320
-209582613
-2131948527
841264911
462563065
626463244
925767943
2070088800
1343233581
1830822784
-141680011
64409081
714005288
2019613825
1178953173
-327467713
-640160273
666620109
-1391612449
-966531137
838086334
1881739452
784302605
1258975843
-587242708
-1063136876
-803976613
-204870688
1101959564
1886242588
-109024433
-459779470
2086512278
-135003538
-1815830984
31867083
-1382067897
297429521
-1526330950
-1952975288
1536440581
-1470357689
1127276169
1720331878
1341977093
-1980734302
1382120563
1044937587
2118931441
-287254051
1733059492
-1329457016
959846084
-1027137304
1985836581
-786078026
-1601185288
1725382724
-1395962459
-52852354
1696135651
131946129
-513562244
1896928902
438294366
589984612
-1281214228
1877347466
-2092862041
255175006
1894991273
1822524816
-118844792
997436793
-1239940453
1994578015
-552624968
-533162075
96109281
2000592177
-1593627520
1486657683
26975513
1017596327
-106372447
-963266353
-375046434
-2081204228
-356724364
-1442450156
-1882196847
692202877
1992676435
262032347
695380316
1763996728
1774942519
292327476
-1434459276
1149492211
-1823579998
-906816039
-2052849507
-1181649312
1116485567
554076800
1768699635
79766157
2064036039
547328113
-2032771610
-1572095071
-1260970587
-1131221417
86360965
1780022981
2026803420
872179802
-237399552
680352863
1308403880
-883583380
1852148071
1170679941
724920419
-2081207326
1343623608
-711336272
-2049915862
1849254983
1435822359
877489327
-1654340928
410913133
-2129399201
-1173178145
1692752305
-1701656892
-763893799
545118105
1654876090
-1770324498
1379202634
-1251367958
-1269403288
-818114414
673940530
481275785
-1728904194
1479594863
-369907373
425377285
566878875
-687268172
-1242949009
-22462658
92955036
1914408847
1815711062
345537813
-1266379714
818007812
21485855
1913155687
1412313224
1172107775
-1650567499
-887918282
-357085849
-1037121877
-354859627
607401513
-525705446
-429251836
1940011221
-1517824202
-664463920
-253687637
-1971990425
1142998941
1475216014
433107448
1882538655
758840087
-1417337258
414768213
-460817934
-814699953
-326381691
908911561
1595788031
-1139643759
188901756
-1654488109
-1507817773
230460608
-794746237
1890275705
-1945113240
1684993933
-495285271
-2126298465
1504986223
705425637
627415151
1991235228
-796387761
-1217033557
1205771493
-2121223158
315088236
298362535
-1763363051
1383845853
-390422612
2075116989
1616330464
881619382
1659518518
-1615391135
1755784615
-1376933511
1462402428
-114395574
1250846700
-1944188388
-2034628229
-1598203035
-834472648
2134097346
-1095173567
999806988
1556132414
1816479496
501521583
1870868087
153516352
210535325
54559616
-1916033166
1077427377
-1172388841
1834034313
-1154178992
-351391717
-43119355
-1324579262
2114389023
-1072489662
1702155584
518635908
-1930320868
183647114
-525412986
599808916
-323869847
1933006741
1947647304
-1363887009
-961254915
812247344
680124610
-1518385913
54645467
-1013546641
57685068
959433374
632850822
935840533
513288432
1197963568
1943456435
925028154
-1977926085
723477254
1236073536
-143630297
-1155965608
-2068692951
226807908
1226296964
1617318234
1732518436
1631250472
2100120756
-1675235112
-636805106
-2073319146
-1804032896
-1140273986
-760725817
-475317713
1350509298
-1834715038
1525684609
1208736801
-1964646781
-662716715
-596177278
783618233
1160756088
1545361787
-148048857
1702970774
1965871752
-87229474
-2104452565
-155257313
-811131454
700434622
-1832674519
-1098024778
87199661
1553106028
-2008333729
924642093
-1161496400
-2042161065
1255377332
1369174648
1394368180
-809223193
286618619
-1223343708
-1790924025
91707017
1112688505
-366339065
-1177038205
426372874
-1796641628
1203127993
718396399
-378651608
430372141
1413291330
-1453037404
-1758746010
818220865
-1782137452
-475815053
-1827837152
-998577910
416251707
796965317
-1063100194
-1449670533
-899995182
-220970236
606010604
-917415091
-597647687
-1449313734
2057757225
341345092
1004136964
-754749962
856514847
381166262
-1274024267
-852063626
1646932
-97145523
544743982
-1372511742
-783774753
-2111602421
686688992
-168208491
1490668349
-65975410
-1971751352
-194048061
1857188965
-1262026859
745380380
1934740438
-185586407
1824202434
-172190527
-1826188487
1437393790
-1023583327
-199360257
1632145177
118909678
362469352
1432260855
-185254839
-1801285107
-351173888
-1910905773
1926190949
-1490680294
1572625603
-545321537
811722554
723883911
8036487
47414169
-169932443
-1709263926
1466965083
-865126428
-1846778567
972892277
-656590704
69776257
1141467365
-624852092
-856591494
-573206368
-63327018
-960715531
-1469885065
2095652979
-1000318630
-1560652386
1086660912
-913274844
1868483205
1555953466
-1690450913
-818429687
-1647006120
-1013866044
-87962800
-1822300138
1720445214
1989755400
576741483
863146130
997100569
-1931440778
-1493921039
2007830030
-1583707554
611573560
1506505156
1955195281
-838772739
1753305735
-1076643603
1221719576
1581242212
-725569990
-1493952615
972142653
155007236
-1992952417
-110013851
133109045
-85610188
2118890126
773703131
714505471
1950361686
-1015067462
664800571
286524377
2070694199
-1414856118
95867261
2004885238
-938962501
-1231137369
-1522793322
1781463150
1851148729
292488343
520752378
-938701194
7046180
-352723829
386508130
-1556147760
1059163754
1772879924
-1277725490
351025028
-160402912
1881305691
-2133024051
1033204176
416181470
1219951090
-1465521156
-1169537956
-1791720857
-772885659
133757643
-1087428687
433556749
-2144345291
-1142945657
-322261012
-55087021
-244720184
1776290451
1852959406
-1055108653
1857230970
-1978798087
-934795178
808713314
1804515319
586920737
836084850
696242545
1271672779
1740522463
1652277618
1072032950
-1123498182
2094632370
910478238
-532783606
419698508
-772792758
-1493665975
945790356
1064687148
1072181322
-834826682
-532963801
1646560178
-1106239921
1160020123
-2083446295
1910623038
-1863810511
1929235572
-2100611788
1611312839
1658487944
-1541770918
-740101184
-1149841613
-1769660303
-263986524
79035393
1654875624
733241234
-1550045907
486945997
-56900702
-540945830
-1972485049
-1803695807
-1612027769
1749928077
-327046674
-1503887643
-805631624
674565631
1577313856
-1121859058
-1492707671
-224448609
-1236434388
-1281801085
1378588531
54365367
1324317033
1726311011
-1075810456
1972615281
852580266
-662781627
-1544134489
732295068
-1661504241
-1780757087
1891786610
921872048
1141638622
-1747420563
544344829
-1318554609
-1707282062
-2076584181
1022254984
1197070989
-1146379149
-1978314910
1835988399
59029554
264983111
-1263484343
1882284800
-1017422530
652040647
-370992596
569216974
-535195796
-1820147403
525552617
1960384068
1628437883
341114222
258859003
-1147601220
-1993021719
1910995035
-1446549031
-1029542575
-575603711
-709457235
354718112
25171122
957069848
-710943543
-1312386065
-293895623
-16070638
-120888577
-1692050415
-1081698501
-1265887445
-2052364030
-1892770719
-1003306079
-992293900
405627028
1622378730
-79112777
125514650
-358848640
-1725622195
-1670548669
376064366
777107661
895020775
1617661913
-376336224
173964592
1745836082
1384084590
-1325906354
1226682050
-1785400724
-1483592662
138883005
-783023118
-1000279947
1459513985
1539606757
1466897852
557520381
678772356
1967249202
1322530074
-259862050
1563043699
1858970760
-851270725
-69002555
-1663869289
-979933560
-2108414990
-1034620392
176450126
-1986783727
107090928
302821651
1463176807
39205641
-171669450
1326220340
-516821585
-277581731
-1564206780
802732249
-708415284
1728422981
-1460774762
-1032797914
1459537480
1600821452
-1828183856
-797306324
-1499033616
252733583
-1059572425
1488470087
-1407184545
1699746756
783803491
-1883243065
143782869
525031806
92185138
1485365201
-1643318452
317153582
2033765632
828116359
-1883846451
-1391855507
2003374612
1490828646
-2079791617
-951686921
-1382603428
1137026288
1543951872
-1603065094
770031709
348831370
-1137092745
728889233
1150622820
2128415142
460882921
336068490
1039555585
-1921046236
-1855940532
-751023505
-341338187
548406261
670184153
1066303940
-1590197782
1087687681
-359130586
28880012
1321915939
-1258156213
-1915100813
-791503086
-213055629
-916310191
665058883
-388619547
710468147
-428205384
-1383914706
-1326507229
1671238894
1391625512
-2051410955
1542662394
-716450656
848812405
1995794135
-1726966676
1751388192
-324062722
1238722338
1434221905
1469441753
-1680694438
-188445428
-2048616286
-1754573120
-394492624
-1225589054
-538378765
729372033
-1081875099
-134885695
220645697
-2014525189
625641853
-2016580763
-358312722
-66448658
125772346
1009447871
-721547256
-932371469
1482462601
1022723499
1404843217
239290796
158958238
1217255712
-249830533
-1030280133
667509853
291486921
-144906957
-2057654537
-2002586117
-1489614891
-1244685472
-564025251
783662565
-792668918
-428351700
1580967236
-132980000
-905700576
-1518348990
1426729812
-770986127
475264588
-31606311
-783012168
-823498882
422033178
2033969393
-340873454
581981237
-471594369
-110975267
-987910225
2035165740
886230830
-380146432
1016069883
-394646072
-97358806
-1075986725
520847671
865712611
1758166172
-951989434
1296495208
1466567849
-1256921882
588602877
197743506
-1485930814
-1378114313
772531550
-277448922
-555185995
2061827040
1969918064
-890019656
-1266664821
1515630759
189647143
-792433676
-116782670
-132475813
1700105957
632450770
1765873956
-802188952
106853700
774064904
-568631352
2032917548
1342524178
2061869760
-774942440
207165641
-670061156
-709450613
-2030507005
-1911780804
-827061201
918823572
-305769452
-127230290
2036326363
-2116261608
1995593938
-1377407734
-1706878086
-1625257963
-808087702
-993855537
735320048
-1624964031
1547494027
182798631
15696051
414720829
-1539392367
1587788855
1114375309
1044662026
-1271517211
657459127
305254048
1832389820
496877986
1258216901
-1100870741
1246044780
1190771324
90780918
1427832714
618793074
-1852038691
-873427282
1193897731
445264340
2081081168
5295793
1438671295
-1174718472
-512623070
1008695289
-1050902379
526718369
1075113798
1851876041
-1769434098
1198431512
609658233
-126009342
-863181019
-1219584599
1912944550
931298740
2053870158
1464691793
-331172470
102850807
-1138232647
839500724
-1812088165
1814718716
-1921527337
-1592316076
-408564954
-549957794
870383900
-1506052608
-890904650
-1098303043
690908679
-621561975
-1796095300
2000744589
1817440863
-2059324997
228140140
2006396715
-762813250
1011409035
-1222801180
-1810734799
1221700946
-934253172
-1024035693
589324554
-675880222
-212458840
1015118552
241437640
-746015729
690541579
-195947799
-1222132172
-1544511268
-1698695838
1403999990
1775374118
1769719920
400772677
-1475604083
1815829271
-136425703
-1355480592
2082979135
2040001780
-604462956
111664697
-296920444
-711716812
-1250422133
546776510
2064596955
1954265132
293645150
861161821
-1473427403
152725665
912658726
1565672680
1044710291
-274523233
1012262134
1314755353
398577133
-794107768
875957859
-1580536637
-495128490
-1253224337
-1860322490
1031161674
-706989988
-281840730
569907136
-384907691
1128231348
1370156181
-2075393411
-1077701439
-529248745
2105834445
1997816125
-1758406440
-1242511514
2102276444
-112723568
-391432254
319059988
1139728226
-747933216
-654599109
-750656060
1106092516
2055036596
1032074374
-2141726160
-1089892385
353714226
-1075651680
2091705933
-747443808
-2050255898
-1045143111
-745704532
792221778
1884085953
1415538655
-1646327773
-1668279592
889508707
1678033660
340893612
-1412564003
1516181660
874420738
-2077081460
-346747608
242185264
255243108
-393204297
-1276926924
-1599382054
-726686265
144202610
-8420353
-1787085165
388227065
-1272903110
541040674
1426710547
781761570
848931812
-109116127
1209847959
-621604296
-986614011
-1427803644
1361624805
1744698808
1833520275
1315403558
293671565
1009502866
309056460
2049519180
-223198096
289684836
-514789290
-229908487
-552944762
-105731349
-299895129
1046489599
1515074011
-1453747531
158745254
1606122329
-255072807
351842587
2012091538
2055797048
-405791795
1787673710
557570083
5972315
-1293044829
652689776
-2068432402
-2122007133
-433793292
-735816954
-1619022067
1070922982
1773667138
-246218454
718164734
-1967405822
1506866305
707366
-1992736821
-1080520139
-1104464935
-1996521218
515949675
38238124
-1391309142
-1755559891
179903848
-1222306471
1163786704
729659284
-1827302463
-503605495
-2064210649
597507759
1879844369
-1982328651
1896956753
862931977
1541939184
1911082007
1660504502
-1915164942
1197753240
8018816
-198431540
-1527205778
-1387566645
1211270632
-688268136
-670400657
849918964
1644519494
-1978530445
2070678599
-373363572
-1051580382
-308405999
-2139332777
-1349512769
-598035609
1006920639
947320588
-1674181042
1931577725
930132459
-1979262708
-404392778
1256716695
-1274852887
878510763
-411832174
1313260105
1028603380
-682038109
1843118653
1852907100
-388146574
-704047612
1790855355
987450085
1996043387
1656015465
-1567615527
377150100
1935809692
687839084
-634902382
-26711479
-523109929
-557177509
1730013619
-1844475156
686313710
1048274731
1324863170
580056189
505936864
2023249324
-1561934052
-86485399
731534771
1715448318
-1561798820
1695570208
-1382883724
-981316797
468682499
-1832606493
2100992892
-1830263915
-11729835
-222363166
356169716
1677611066
410329729
2042226053
1163012506
751034646
659396100
1358692617
354049476
2022415200
1125847886
1980081487
1744515749
763294616
-355519580
1636831216
-577847090
-69750088
1431651400
1737225620
-1095124745
-1641153879
-1648729128
1590549892
12933632
-1036149256
502239731
1122771580
1091846962
2021441225
1705678114
112962757
1440458441
1074325771
-1814766860
521517443
-1361141578
2064587757
-1371163030
1835156299
1287763360
1361475215
-948461419
-184033288
-630669780
-1201898500
448683901
396044223
1110557309
-1238556072
-1350682811
783612287
-2063365634
-2037374635
-649950836
284700765
995025758
-1947716629
-7043307
121937552
-594679588
-29867704
1398331305
-1466015367
280806596
-1110597372
1921342523
204333814
217823800
1691217560
-730960051
1647188982
2034398771
1460281360
855459731
-1008473008
84470987
-1218456576
-434675499
1897044944
-1807071563
-1592980812
1486425881
-1676748653
-2121620722
149536426
-809263104
-976042348
-1932480168
834539588
-1054757264
-963971962
-1357879358
-1893533511
-571831181
1312639459
-1382786645
1724299340
-401086626
-1717026236
902263400
130905025
-756086219
-1970664973
-946268091
1318696203
-1057922483
1566855102
1339161546
-1747991735
708717107
46850061
475010878
-1423833613
44654284
748182839
-1635474832
1688463184
-1536531779
2034608400
351731380
-1924928981
-981011444
-1235889210
-818159828
-270211387
-381331449
-275667987
-251645624
60400397
-835002012
954928087
-994342513
-1408943602
-348506967
-1248714711
1033246878
2048263848
1672933070
88761258
-431330191
1484260738
493523488
-1029145506
1485537761
-1284054465
392224103
919446995
1778117229
1926702063
2085613899
-1967688519
2034960956
-1196348217
2038622195
277856184
-338054558
1909457173
-555498770
1506918782
-1164469406
-1245640339
1310446422
-1630091242
1742701555
-1914616792
76546098
44959104
1747974151
2122816014
2020642588
-800565891
-1191508984
-1825355182
1516917539
1429867689
1671911524
1637917118
2114020850
937567439
327262539
-1760202450
-2139369679
1676106360
-872081737
39450434
868531754
233902021
-1915844436
1927950670
773274031
394987646
872246208
775341973
-490116549
-746564758
-1376081442
-1785984841
847241815
-219482912
-1697301690
94939239
-207451841
821765790
534825943
326448480
-178058299
810696920
205713552
1525185177
-96536716
1174053012
719302996
-583778377
149283831
-1798889676
1138649837
-585556798
-837923140
-1518735532
990661970
-1426631397
357174484
1841033941
-252577236
-2128745043
882210588
-1494557126
-708442218
2067296867
-1536510815
794148146
1069443876
-1664147751
-2032875712
-1981502347
-1646325465
2043960917
429145741
312597715
495199278
1417008888
-1541294858
661074825
-1614100274
-1005161424
1886944039
-464184362
1155748262
1304044656
2002130350
-1863557683
-92000355
-981254621
876703970
-303165844
-2140855699
376225757
1299640065
180481262
505310565
-664018989
2114237592
-2074820259
-1186982806
1356242573
1060427559
1147506794
1160865086
1821659353
-1340517884
1347532928
1487491332
-2106043134
-119020161
-1898099690
-2104206845
896952130
303187014
-696894140
977607082
1432570228
1055470347
373698201
-1189567789
-924077555
1734311523
491781419
-293059509
932623948
-1502876943
-787261458
389443474
-1505221712
416777155
-1845364663
1411172318
-2029355862
490203899
-323530778
1021156709
-718304108
-1884581711
1956429769
-1617209124
-464402719
82310168
-55464796
98343738
716170644
-293055777
651166824
-1054075455
-654345482
-661820711
372967711
261054014
-898995582
1810182623
-1328581384
-1210039410
-1170834140
-1914984459
1342786467
1959290468
-1462401886
784607147
-1316688673
-891872694
-1827683750
624744645
-756663216
-416951579
-1428060883
-1251727075
-1201016171
-796941956
-306171205
645033928
-988648550
1095009978
2122985424
2074615416
-1197308375
-1534485325
-2052563939
430122272
-542218041
-377266908
1864308010
-852202531
-567066691
-1386772482
1203238027
1727563540
1789151348
-515346907
1196211537
1837435351
-1888698874
-637295500
-1982911293
1764629132
-1328841968
687497988
-902782386
108932560
-840538931
-766896978
218616505
-374076520
-1153371296
891280077
1812069020
473531033
2074241904
703203656
839926802
-1354273302
1210948858
-1923686705
-1172745299
-1693323034
1110784865
1229978980
-1040043862
1109527894
2121605833
1377199900
1365310565
-214960176
-83222874
1704657702
-782291697
-1960587687
-720960113
1382805260
1501052829
454595921
-2128658856
1380917305
-1910696701
2107088528
30147166
-1893262918
974352033
-1056915765
-976031452
793164360
1022115325
-1921649348
-1989555938
-2061146491
-1486701645
1759996290
-610510387
-172682362
1159821737
1313268677
-1235811573
1555035537
831120518
867705629
1791579559
-1353984217
-303175580
956675636
1392093492
673012804
980593859
-1846003159
-1382302946
-1294617116
1523489729
1101538231
2143922941
-1339455031
-1803278201
851474070
-1570772947
-1713892741
1750993158
-1758785760
1672602782
-390743152
336123619
369451576
-1688821528
-1022509523
1173441455
-1555638425
1110009249
216170956
206408795
-948952761
-1249100302
499959103
195770346
556611620
-1212217496
-1917463564
147008872
1833556703
150416135
-1431745671
401554714
-319636971
2064733092
1925133634
296564982
-2059685503
-1787316876
-1779992406
-1302456235
-8014946
91011807
-2006193865
1931944678
-555398256
160639642
277771553
1304844006
-447424188
-209052940
-1141032939
1284144781
-1567888427
-2130426257
355366454
-978147125
-536388047
-1004038767
1364378467
629143860
-127657476
1115353596
363584191
528483127
-840391500
-680151364
855304813
1699030166
859298581
1428509152
664885147
-1440378095
-471236930
932375371
2033925826
-806284956
929790483
2145133771
-1523895253
-753369228
1096351333
-1081129110
1761806516
482458052
899866704
-452169212
1613600467
-1443529683
1723258468
-1414357735
-1745232933
1337736142
-1232503289
-138901532
1986519422
-673567680
-1556002151
2063524524
-1759757422
-1070996466
1669251801
-148223399
-1931010536
-1030204316
-1625247609
1328081225
-2120724615
-1665398779
-299293111
2016465252
-1180075247
-1356014206
1112702930
-1518247059
299673585
1298182312
-147734464
-1006413925
-1434134560
-98261190
1521873605
1485323112
1795887779
1242698975
-626364023
-31229785
-1465753218
-405198243
-1914947889
1461991900
-1723760902
-584391673
-689922986
332971975
-266256665
565111668
1434332417
1673067586
-412421468
-821469071
413035705
1897891404
1941065117
-1329611464
-4605294
2056600420
-1920299499
671828449
-702762708
1478828571
-1942032859
698012440
-294082213
879976932
-424500989
221026319
-936951030
-2119474130
1156374663
-939220042
-1683810212
-1761185100
1377423083
986907945
-13238509
1575839507
-334417710
1826659178
973044789
1254965148
520110987
-930060209
1216105964
-421548693
1373909910
-877748547
618803118
447082424
1733752678
-1343889386
355548317
1977978988
-1509387672
-1740219153
-1290890193
-153365001
-1990523837
122801414
479339793
2018901600
892823649
817525363
1802224200
1923717021
77007278
36871196
-1084103015
795445540
1621323423
311253870
208587307
-664165695
-620977802
-1924636343
-1981370774
-513030998
149240003
1705129531
1365017645
2112812240
990372909
-824229392
262688794
55178615
1317175666
177427945
-490409655
-138399480
606010795
-387141780
-1032770009
-354873562
-94206252
-447175493
1775905692
657393406
-358624884
447312264
1414771312
-1955790109
415332120
-1872243033
1350887146
-460986087
-45240403
-965574395
-1430890823
-1751425552
1366617326
1069050840
1381531928
868619028
303110323
-268783081
1722301740
608385059
1351842827
1582662445
-1530355024
-2018516864
-331640188
2115448552
-1929357101
-1842056602
584142249
1550286007
658665312
-1810926785
1119980747
-357514732
-418830817
353387830
-1054618364
920611903
-1106557317
-1786271221
-384019080
312733996
1253765988
-1489166555
662594526
2100190141
-1257827466
-1034590483
1103502654
-2036734157
398899546
-1677208743
985286395
-55419422
-909627796
-859494970
763497492
354692900
-588020834
1246500874
1912296102
-993824625
1183501467
-44768567
518153653
1168457322
1200646447
2067682567
-1339820245
-376819876
1778254053
1874612479
-1245790688
584044390
889001201
1647362610
-97897125
1191859730
838618192
1800757442
1250704920
46599148
-58008019
-479341057
-1084249333
-1995762895
-2120892794
-1533077950
499775396
-232159290
-835161841
-645790727
956215188
-406377877
-2062703018
1926541315
1945324176
110168880
1359611687
-644953282
-24215467
1552869159
682480177
-1445782179
-1029023509
609299802
-2113916951
-1333717762
1290829101
-1933189377
1905352877
-708393733
940346247
-1300316438
854534445
1950671615
-1507298047
1290175554
-1983307514
190552924
1365452413
1334445175
1857603503
-1924116964
1613890108
1752533107
1534821272
1550420309
-358486618
-671760113
1990913936
-1910516543
1903490890
1326386888
-1461577114
1180115597
744872226
-134934351
50633939
125696369
1235933980
1643622059
-1454986857
481078272
40229333
268047060
-287081503
-911199935
-834177625
-522500547
1432471539
-2020511107
1351069157
1803511007
2115768837
736305754
-1581880220
-542925618
-1212346518
-1423085272
-250952386
-1466536786
-104958479
74461818
-1258295598
1116788070
-939860595
1915308024
-1568983538
-1241222380
1984534584
-170498700
-1012501776
2029891904
-1843026925
-1027177926
1885258057
-50819501
885988305
-1786737749
-1043365437
-1837522359
-1385641642
457846028
-842143962
581196965
914996890
-1162690405
1963561942
1428336037
1339365587
800308707
-1922364513
1296142007
1218990547
-180799151
1749089717
795418155
-1626160210
-1476769530
510241525
-11648471
72303263
-994942227
733342833
984024804
941814059
189401104
-90726869
1795828751
-49106297
-1433513689
1510306335
120952208
1251139382
972828786
-40210554
-1753312397
-1637146634
-1709343544
731357785
-1779813088
230855388
-1790764562
1909636883
-811918384
115777213
-1689726420
2047131323
-1239056323
-920577840
415544605
-73943263
-1691263080
-2045206383
-1379070009
-180128921
-86113344
578835943
933057002
800886978
-254190928
1082805640
471037084
-189652094
-1672425160
-404592740
1132770837
-1903024049
1728619759
-483562336
1979825863
-1102232140
-415112857
342004877
-2112912462
-791240223
-370770782
1041488952
1566276085
1453641900
1307985605
1645989116
-649662553
-263905831
-492396277
342727317
646880743
-329074790
-900583428
1429125966
705742897
431455576
-864748323
1846500959
302349555
-1166772557
63224426
1313432720
69323615
-1022609721
-365158206
1023655713
-1957166461
-869683279
-1762945886
-581805843
1551125910
1933720145
802196949
938012108
1828077971
1725552208
-266833685
1058632761
1417490443
1736238692
2018168872
1612512564
-1071230153
-52237102
1696745407
-1422905751
-308730036
602016820
-761632448
-923092334
-764443373
1980977276
-1641256371
-649364455
-1184083528
730072120
77302420
-609675776
-1026762783
1238406679
-397581064
-271499515
892214786
-1899375957
1681498129
-2126570752
-633287185
1603106416
-1069567529
-546093424
-2095349326
-1140368372
-848778599
1396603126
480545182
-362755368
-1098499277
167370816
-1568047196
37202334
-889230721
816225193
2144091108
2093980068
296660491
-190842817
475135623
-2113192471
-4433396
1545753542
542827211
1646015150
-560227181
-1331508772
1452601182
-574850761
2080339966
-1777201315
-1663084560
-492020782
838889648
-1763237880
1745339395
-732164584
-201137660
2071241314
2031398660
2035846514
-1451676034
-304732710
1347237279
428312031
-1180942525
-789536979
207610959
666255091
-1645738293
315868939
-267429069
649844002
-204408108
1199587066
132438824
128926526
1677900185
-890199941
-120188909
2008416317
-842576317
-1233003926
298626174
-252168896
725207199
1891205290
1372826214
-1617702960
1037966354
-1120996863
1284982098
-1992821654
509835721
-817465281
471990695
-391736003
-1795843532
1002161830
-493726406
1576153393
-1395349068
-1662289275
-1775647449
-1121321173
1026739346
446792229
-691041056
-1215886961
1305570867
-1305702935
-1691475320
-347013626
-288895095
1691676592
1848913025
-1395018368
-1551922995
1272417405
1630977091
-212158340
680194666
-806632358
2088493679
-1620032634
-1648056004
-513444744
1691480099
-224292863
-379149831
1802663835
-1035404912
-1340185306
549093359
1527072948
661220808
1792423244
2129404655
1458875343
1385945052
-326284439
-1113415543
-1124957905
-2111627994
416861400
-1131209608
209331895
-1488204574
-298675364
1082405983
-1342633078
-729262845
1256334180
376435382
58350070
-1520750524
1669874320
803044606
-1454842995
1131241852
-1443958157
-378867396
780696468
1396756534
-2070424678
-552393052
-704967775
-1848419712
916403405
-1304279661
473575039
1820372995
-1003859308
1602710210
1491766612
-625063341
1308330748
333498808
1376434950
1328420488
657426842
1870856832
-608015911
-1741052915
-422400048
1423154844
-834873508
-114234185
-1943126705
-2124814023
-295464315
-251327975
-593429284
1793627811
2080178203
-328700906
-724600491
410382074
839139668
1000563895
154402550
-1019252698
-884580162
-637199043
1406594264
87104263
-676664991
46549114
578558651
-1269309455
-1941156827
-424401316
437933828
2074730071
-1947814031
-1672500022
-834780920
-286889019
-1536539371
846588338
-1119222902
-1661266413
-2081971607
-1855720862
563590018
1366955223
819762870
272233495
-73640160
-847127013
39324627
-1421461037
-830088945
977064527
834895123
43662195
799960062
505099137
1419374686
1979255296
-1780211109
-782705718
-432874083
609201476
-534004127
562259723
-79058853
1859995296
814874196
-842218535
-1739550808
473566493
-686888693
-1035903051
1797797953
-490113344
-961356113
-440900992
-1228720915
504701729
344814017
281521453
-1781583575
-1269605570
943344737
1919717304
-1091329529
-1036698996
-1577015860
-1934267818
869278034
-532294321
-298447834
-808997395
-1444751626
-1343950806
-1050835335
526446533
-1675520866
-1686299399
-1467460867
-1515649920
1133938591
792613086
906872217
-652847545
-822369004
1386432410
-1073476951
-1719342522
324940873
-1197914083
1815859713
-2051815079
1015421788
-1450762657
-1591925198
-580665337
1098043937
-2132189584
333706251
1485679022
-1174790330
-720943922
-677443998
-1328170240
884147127
-744175626
1564244500
1120173997
169441347
1338748733
-535105975
799375201
2038292863
-1005665569
1682371836
41336305
1478319594
-146314920
402687930
-1185707312
-521252271
1627342322
-2120448855
-1669835833
108976245
331132063
-1852672053
-744198427
-1376193558
528613128
650589316
-1116074061
1027256641
-1422047515
1160315737
-1446257748
338596713
-1578720882
-1531287558
1925894635
-1250757806
-991866670
359973762
821983782
1109734866
1511818503
-1153673476
-971206950
1519385548
-290573214
1622370856
-1972070713
-1345736562
-948726904
408066687
183968159
2067995259
1843921764
1695061621
1915198457
1864094185
958171195
-16529155
398651019
1863107148
-20505091
-1838368430
1758747800
-870901357
268598748
620765939
932533671
-953660974
-305387230
14944750
-821285259
-1630928608
1943522623
1996705633
1562965292
1543453634
-1574152927
-1511028163
1449055444
1356715144
1349532616
-603903923
44809224
-897173641
1712321561
-1872094346
82262765
-1106175321
969046513
1064277824
760007776
1059414382
1453154428
1715708564
-2033910162
-983134786
-2044005944
591364551
1051995656
-1106353205
-351652972
-1681113897
-1337144841
-1760910352
-2016811666
-1168718349
-1714532083
1931607763
1865206780
1619100736
-486965348
-1993234490
1326898585
345851610
-1550491604
-171497104
591930403
160424984
2120758119
-2073010004
-905746414
904857875
1405248344
-682245712
1879832781
-696648343
-1511459372
-430879886
1682384440
159735614
1552953912
1157025094
-1023197295
1217928067
1785622100
254304971
-2035340420
61417082
-335923546
1853960
887811419
-362694535
-672774710
-1368950831
1955245027
-339733779
740359985
1928498799
279645420
1337135521
2084856081
1190468223
261028487
-1190720448
-205610596
812464666
-1360255659
1283509272
-1110774925
1397232182
-70461418
-1534354912
-1965757091
-1043220917
-545066880
-609507012
-1118228173
-414620103
1989218641
-1825152834
50294303
1038173800
1194090919
-203011280
-1865725435
-1405159888
-196448881
-1023890096
1712537152
-939218821
-1387004965
-1797322405
1488229265
-1723817303
1120857399
913248910
-386487981
-1071954509
853440638
-1423977239
335477747
-654703214
2124044361
-1299507914
1675271840
500167393
-801980983
89533769
456727614
-474301759
-1562370858
1108732040
-1941965921
747979004
1174086983
2046108845
-593681676
-216582036
-578126460
454965962
-797804927
-1616159331
-514256296
-2006748019
-921006449
-1701038159
427888651
1923289541
1063506087
-1076788348
293918895
891789860
1642903548
2136386831
1657834426
1124972358
-1693435608
1183120145
-770444587
-1664863503
-41407205
-567127829
-510793742
1246541214
-1898514608
1424992971
1516210340
-1120538312
703126336
-814696435
697223850
-1935547357
108049691
-689424419
1472546252
1111900287
-1987376715
-71631840
-2041493782
2037744557
-848453186
-1935296876
901546065
-1255964143
-1483135946
-980421579
-1146295472
1740663577
-228236257
-402068766
-1678135542
1274120574
-2028448397
-1072628416
1831280782
2145338314
-465380008
-459466530
1478111268
-1169940199
-1608650351
-1435544934
-16459799
1356912163
-480920776
62022978
1569873822
-810180999
-1789415254
226227837
1299417532
1067542030
722721473
-1607219732
1675099595
1712031480
728807752
119286412
123962355
-1236983944
750025387
-535133603
-268245549
479937591
-216171794
-979077048
-739407727
2061734610
1309621728
-1549712323
1147016241
-1562318696
-1512548209
-1285797477
-1436697558
-596229742
-479658498
-191318059
-979174090
-528874557
1821975317
1487671633
-297933719
1968978608
-2045219368
-1568686957
-489081979
485918498
655451099
-1984429158
-235342197
453297961
2100071413
-364829302
1913937557
1714535012
1362589492
-1972806006
2079454691
848504448
-1468078832
1119422959
-1047887566
-668647427
1412069090
1915241114
-886562220
177036088
1104914070
-1453087331
1371312125
359147941
-424086369
1053301540
1640134362
166201179
-752254677
349686162
1252743143
869014741
-1592490857
-1268214038
-1927514111
2097240310
-205825243
82762864
1129493690
-1664448691
243013612
1582117007
1009668716
-1990392166
-1170877681
-2101581059
-538634352
-441195631
1457989425
-1024637156
912935248
1496538077
1404211752
1152862371
545348954
1876102503
301706480
599705213
778663158
-534424105
-603230495
364265457
-144902822
-1258903974
-203886556
-276996094
2097271100
-1297625178
1719099235
262296343
-493070423
-2129491398
-880730433
1676694239
-1969251307
1240973034
551762951
-1258255250
-749483086
-34909286
-1175734234
-1167014741
234619908
-1230405559
-1615834661
1991597806
-1603633483
1644032081
-1609906256
-1598903835
1351296677
874853356
-1430076124
-1113352521
-1587942843
1209353722
-2125664470
-1382924694
-1707385051
1201809920
1477034966
571005321
-771519798
826271347
-10075819
-135787008
-1084234555
359882551
-622098402
347715403
236381696
1998050402
594144359
-207254321
-1931429542
1605830980
859777753
-526431609
-2017336970
9328555
1602139270
1069301731
2013915088
834351970
-776059366
-1793562388
-1700435696
1605231099
330841680
496072107
-2003561822
-1817613618
1528326056
471884747
-2125961850
-1694235839
-404805290
-520057219
-322940316
-1035240632
-300788867
2036160667
1082327779
-911905233
-80610660
-970074864
144794682
1325087639
-1269098936
-243789450
1369196294
-721548099
1114167067
1085007616
451684446
1007643138
285272044
-1554025063
823392292
668935335
1803947584
95792461
-1024888674
-1571317545
1924128255
-279344664
-44903612
-830632982
1178432618
-914430756
-865919269
-1401345305
-1423675828
-503053977
-1111813438
-1890456245
-17003153
-438487307
-1482255477
-1119920120
-1334066863
-1146724926
-1076673332
-787669808
1910343448
-422846013
-587830217
1714450834
-666118974
-1770545210
-1249545752
-1240302524
2047804320
1200353495
-1677356546
1811529443
-273846780
549029862
-458452116
-1305841737
1769649209
-2124216922
1096128528
1988430299
245488819
1506502327
-982885883
56549884
-1011563641
-348475386
1284663861
852018016
-1468101348
1133935988
-503364559
-483141334
-293728222
-811444555
-867873980
-1666881572
642280131
-2081034630
-1474362172
-106030308
-916244711
-1930055726
-1267129428
-547230790
1260983007
66862541
553335143
-1747328527
88239722
-1985361566
-282451986
-1147586580
-1100491047
-1254596206
847147284
-2084331380
-1547554933
1157800396
916102944
-1448429976
1502645969
-950246765
561087132
-1407920364
1040364004
-760000419
-219713172
-4442
1152531481
-1025012546
-1987759327
-305727626
-1860946606
-1641366074
1702192783
1018769956
2111798200
800468902
-444978020
849238494
1442585766
1754197145
1712467034
848517346
609929448
-1466372352
249644120
-1822473918
-1705846748
313053647
-689799884
1092128230
-1021800552
2136318760
-768732811
-722538537
-1513840635
-364724924
-1116234089
-261215302
-511635734
1588840858
-787098778
-1949119591
-134283531
-524594631
-1599721585
1095870697
1419512758
-1435073159
1920247923
1841271496
299183253
1187975122
1677215550
-1038707579
638604038
-1218039797
-1942809544
-584408987
-1952106502
1742367126
1523901274
28811940
1772162200
1472952634
-924461532
-2029043526
1917321772
-1525256206
-1229543763
1246546142
85122399
-1560405995
-2011033605
-10873393
51775656
2140276918
-989075564
-1535612207
1101191682
1357450061
499104853
-1532195851
-1496645665
1441380246
-1432744319
94213790
-109491876
2091280824
-511412964
-1200988609
2052210101
2030040746
1803437178
854675817
1455568634
596951762
1978698258
-2075972860
-876219390
-1590157586
405107095
1404629980
1700124064
1082658615
170420041
-1700128673
-1322566892
-1141514045
-388658297
1699190436
723169732
-185061078
540298153
-1142060881
1169484844
2137214060
-358468596
-1014198541
-1769229295
-867236590
-1911533715
-1377771753
697781244
817851026
-1578719366
-1052443907
1443623910
-944242185
88521382
1615483903
-1749646033
-1883806527
-1348535492
-618504581
-1779279403
-1961661943
1779346359
210164113
-1011223839
-410239511
406498384
1769492267
-1233710556
-1242625254
-1473704489
-1693052867
978205475
-586736931
1136819654
-733793971
1173147471
765890335
-2131370094
2113948469
-1398785671
-1367467305
812361540
899286055
-286270332
-535995214
58444104
1531487474
-413484709
1097580530
-1712172155
115162755
-1787494363
1346635667
-61078611
1457333165
-1263468361
-2024085585
156593877
-315311316
-1864225206
295391522
-1326674361
-2018054681
272640621
2049528689
-640825961
-97602188
-862254276
782678247
-1510820364
672960225
1657884882
769835265
1092252351
-1114516047
-1683276293
1558224139
129493857
1563970340
1934002222
1018598154
1383898713
1437879740
930648762
-947787044
-2039289453
108299515
1497147710
533334429
-990082048
1139410288
883354973
779050829
524233826
-514838284
86764466
-571929937
-19793561
719050545
-1265103870
274618227
1461499641
1922914915
-518958928
-682132841
-1995846444
-992355230
-1120855691
-1718406903
-491640232
-1839482913
-1544889009
1548035216
-1748823136
1350224365
-338686022
450575085
-1832178734
731992003
-1315920611
698757949
-996323144
1780112576
-1415910777
-559663711
-1563616369
-1102893906
1203020954
-562939616
1915886367
-922167734
848472519
1280533451
865868555
1949311492
1209232315
-108279519
-1867248534
-1619162878
-871095272
1816013493
-760585323
682598506
-1491101592
-153968883
-1525874878
1822323936
1655744846
149308109
1781263569
-1812555187
1706172669
-1339926507
85302758
-399576094
-829917970
-597985242
-592944329
-373000100
-2088145203
1027586891
885014694
1337423497
680587443
1927609078
-614109551
-1644552694
-2019473254
737579560
827399273
-986165159
1181796109
-1370210282
1013139585
-1369637363
313363743
266998025
1090371880
-1615227811
-1914976867
530805125
837133049
-990363934
1866579334
400150445
-1903302544
-2041970272
-2120708165
-1094619419
1254284993
-1026691258
980375538
-1940041287
1909953508
-297861195
-979754768
-491954692
267620852
-959821122
249889271
-631759052
-953123911
499624751
-623435908
-1102853323
1763466883
-1859449328
-1814527203
296250635
556715321
606401066
2127101649
274684445
-1358161744
936172488
1883606880
-1898818162
-246204096
1360576705
1841099286
674170342
2020097429
2081468596
1783325107
-592862991
-42577214
-1788985963
1113632421
-656150041
-1174292069
-1219794839
1773348472
-1187242548
-1726792381
-566421939
1345650317
2048444953
-913572093
1056002492
736704009
-1887532644
583641949
-292955120
-1580195056
-1667976292
783314016
1441780553
921902899
-1518466752
934358334
1873113100
-1223031002
-1387541200
-206044389
1021779951
2916790
-1256705668
-413675737
-179470349
988561913
1522483133
1413836270
-1221199023
1255454918
-1552179335
-192542738
2001736313
-1430263449
857661131
1037653866
1728679511
2042058125
-1846337213
-668862595
1416897495
-699190141
-1680975606
320540785
-1226617941
-294032986
-1866633654
-859048623
1244222027
812707349
-181405492
-2011199812
-1555635139
-1739218524
-755798047
-1559335173
-321873258
625194773
2010576006
992512854
-1685959745
-2091831415
1623136706
2134578850
347087996
232724787
444813139
-493459170
-591278806
-1875671729
-345714039
-347119232
1675894600
-471307950
-1702278800
-2046440630
518139704
2093670243
-1797166028
-663071135
-2116112827
-1953924599
-1836687167
1037300703
649259239
189243172
857648298
1159572519
-381098682
1696013857
1703272779
1635992122
-711301636
1723364713
-721394128
1029978184
760665375
-619349222
-1493760584
-491124342
-1697752195
-638493448
365699061
-708334258
1809885225
-863753307
-1844009002
-808077485
-1097716682
-1922603760
430788232
-1876973226
970116802
110899755
363757848
-1639167508
-601006794
1204505568
-463987620
1427379346
-1211679797
2087304005
-213124333
-363456766
59513423
476899597
420266571
-854798393
-1529237208
-1913933759
1934659586
-828775917
1740360345
-1984862160
427651088
1828238032
906566723
2074286500
964541251
-740998412
867546351
-920235178
-413612853
-58336487
817365642
381440419
-673285672
-1111794612
455718000
-100962946
578475905
-1264235996
1193147885
-650377560
-667919641
662954518
-2126840577
1575836959
-66662502
1450431495
-37992096
-723907117
372121659
-136024029
-1688145980
401286815
-51704479
-1008574996
1898405215
1383335286
1868426944
829304981
-891420759
-1157597476
210887304
-1263047535
733453413
-1891514472
-12251382
-1987456410
-2088852002
2135866791
985717409
465830598
-621605004
-1070224269
1495481807
2106314719
2056414806
572463173
1843958694
-1318727695
482488976
1731370231
1922534504
1385891105
-2058296248
1297550317
1030170225
-508514675
-859713213
285340997
1020318037
-1973184865
-2112026962
-505802676
-310436027
232354470
843313947
-969722060
1009494198
-607115358
-463983415
-1482561021
-1190853053
-1447294882
802281512
-732984113
-933231406
-1404870460
-21532005
-1248340696
1392867318
1066852972
490800511
403380948
27283092
1527498357
-196278933
1517846465
-790245944
-850020200
1168990649
-1671552201
-246671863
1846271866
1287096389
1867306060
-71215478
1074107968
451567988
900724637
-1088924957
-741299352
-2077652872
-1019112390
1577393904
189544663
272450513
-1149387806
1573860601
-57644755
-1808072170
-1075330449
1082935827
-67322272
-1234018572
-1507395437
-1794538299
-2134135416
1589048439
2082987460
817822189
1847829495
597654664
566885748
-679242780
1770703244
399967926
863103878
-1753888800
2364488
-383433160
442110972
-403718758
-210665183
1235172402
2113163764
1587793200
-1245673962
-624836041
1616478676
-395806901
-752676477
-833898225
-1243381052
-1576453244
1059629750
-1312432199
-924755108
316928259
-1766815807
738367155
-1390643810
-311392919
-1050235759
666899320
383854118
55264751
-1123326145
272353353
900461215
-1724377393
247840166
2083390512
-1900000391
773274850
-2118737867
1167134529
117746904
1814732170
-1223952891
2030520098
1355504335
-661350191
674223661
1659371470
955133133
-941104686
-1197374891
-231527275
-99148713
-1439565481
-942999927
-1624763034
-461993225
1264594627
-453041585
1815845968
-1765575820
-1200010446
905584378
-1460742330
2054224450
86264542
1006499648
248447522
-1547169476
-1047082812
-1304701942
502533356
105587344
93061254
-1696423285
1206078043
-1179322631
596609683
1680443283
1108345499
-482129101
1593128580
490583077
-1936986544
2098251948
9021385
-1855951034
-501883430
1632195959
1755158660
1996187927
1960120538
-1673597051
-355998028
-1371624666
-487325195
1981056790
1725484950
1614592512
137734871
-166228884
1698364743
296664074
-640908165
-566745918
-1851438419
-455886448
1886046120
2140879484
2143969688
561728030
771207614
21027998
-790522077
175981326
1892536754
577544578
-659117472
1105541986
-1306353322
-2094726971
1805928755
-902694701
-260575523
-1728456574
1454866302
-1334437334
1442568862
-1399746110
1450734718
-903310643
-1648071400
1082103858
28777076
-1219966052
-1910503114
-1159849706
-1031752569
-1620869891
839139027
-196067970
2051888872
1396872757
1413005695
-1213115466
230868279
-1629239815
611616643
1225300994
-1302572251
2096527428
763319586
-1348424566
991800153
1876647275
-1412810719
-375611245
-1284464489
-1054028178
2048243593
-28014865
-1498649313
-1585929584
-974865493
1801831351
1908868179
-1152824792
1810330213
-302294730
-1047045477
-2145041735
-1652968542
-1449309145
-451295348
1359558720
1745136166
387290915
1050011207
1196582861
231457931
-1679007404
-493381601
1146361685
1101607558
-991662994
1050873214
-1775487290
884896366
-1493439008
2108029192
-854032806
-1302220033
570771270
-1146728192
-1093755345
-69661350
-1725017568
122766059
1919898391
-1358898352
402928329
-1525465742
550859949
1091218911
-521345375
512504972
1199526056
-1118394372
-1678835316
-524188708
1096935283
-801029742
221466272
-1516170409
98229756
987477706
-1724692455
-1468030423
-1141950260
-1356486771
1413651088
-613000231
1012020311
-1732072634
-883873940
-1960698966
2022755989
1418648812
-1348060520
1233715780
-294398512
-299785409
-1641224330
-1374600812
-848064321
1165900113
401916179
-1312931089
-1909107756
-450512057
-1677106789
-896038019
1388091346
968276832
-1913228018
-1452342572
780035489
-192765130
125123379
-932020253
958344037
1514235204
-367282995
424591377
714100428
177226407
-21696500
-983028571
-456912729
1685104936
-563271610
1812992615
1132697020
1271426426
-311186202
-807194744
1734093017
2083841471
845136804
-806831170
1649805868
1251387472
549779958
-1730720077
897081298
1087632061
53909957
-1856550753
-1035789395
715914514
146879844
-412049101
478210682
1196801372
-1092845891
1070350520
1147174945
1984487275
306634188
-1487976584
266720591
1983378648
-1570801071
-15145124
314124865
137306441
178957505
5354454
-580721949
-566573325
-1065874819
583371777
-2040492007
1361966944
-1369407162
86999813
963689051
-1806128014
-138005009
-223253824
2033729927
1819938215
1525094995
744940706
-566401550
-1053080163
-877760887
1117658328
-916336961
-364663848
-612327082
-180448340
-1463410316
-1832958269
-973061150
1485347114
-644415799
-197334540
-276691793
-790733049
-1192462141
-61246284
-489626170
2012333246
1189238273
1946285245
2017665586
-1514126852
-1700743594
997110085
-1959561550
1249415998
-512627561
798319163
872006057
167513271
1736155573
-453961776
-826724775
1214756726
863933709
1684182584
-1979097264
-1624269624
-1587442178
-640407119
-555529183
907600858
-2038345028
1165506244
881968727
-788159069
1074313315
-534115638
1257298343
-984638720
1680941135
-437473103
-2109310108
-1784870624
209516202
-956576256
498220343
1810731041
100861509
-2069967849
-2099710194
-1252868101
-285559381
-349253189
-900948908
-1952278627
52855155
-490450734
-1350586269
-1917824427
1153124310
-1408684950
-938013130
410658676
-768067200
1257814783
-2006714525
964747313
-1400077398
-567858947
-654598585
107505613
1629816680
851312515
788569986
-2041660936
-95571393
-1812737175
956702373
-398929037
452414458
-324968316
1018919466
634095861
715902397
-1560898264
1628097188
1417701458
814257754
-1250536979
-196894409
400885722
1102516195
629662134
-1718699703
-680171521
-565077377
-2091291153
1937674617
1619544890
-131346303
-658574571
1448878031
1926146094
-1227720778
1634564475
-1156704971
-1168795124
-58149890
-1632987574
913073190
-284396743
-1370665187
-813401912
934870692
499570222
1447832018
-1658386467
-1894645905
-1949501280
-1043518935
-1859726381
-113200525
-1567984416
720583437
1776476253
-1668534143
-284275325
-1733086943
-1817539878
-378699198
1997866821
-1114396465
1952780506
-848396696
-1920991958
1833185696
390888160
626775845
1756058342
53172942
1730539369
562432736
675686782
-571443945
327004717
307506214
-1134101970
-1895883309
-1995615324
1076278494
1724922765
105899848
-489237301
-424159040
-403196690
-341659075
1088930599
-1123415288
94708745
1678544076
-1620864758
650947430
253958363
-1367070084
-1130058220
-30798281
-1924715574
-1724561010
1010312188
74535930
155513355
-1256941161
1718598544
1480705020
110187592
313718606
1434643962
-1476092330
408038268
65540519
1106716228
1121818905
-1406121951
-153498592
-460581091
671710407
1763723149
-1318653350
-2072958756
-131755004
723049369
-2058284822
-2125118523
1548870284
-353146749
518686577
-1171096949
1875597159
-1642193643
1053501417
-1614063338
-927306149
177531142
-2074151103
-1796744314
1741026466
319354271
-1069030612
1119637878
-1832852259
1668580513
2076475702
230994308
415600200
299063653
987441944
-217898735
-729842898
-2020208571
-886436788
-549931963
1200147102
1357449274
-701369118
1704700501
-1495862946
-1790065978
620430740
2046732808
-1619126753
2073026068
424642840
529580662
-338592526
1879903581
-138768715
-2120862701
-1504004614
-1311132788
-1438836199
-1829354005
965247843
398591012
-1350173592
-1938117842
596748946
868339297
1386588824
-1537131281
1159144605
-930392419
-50813701
1554582568
-1982569987
2069357045
1016611869
1150291969
-731671166
1120065580
-833945905
88536145
-871941498
-468017202
-940933757
-835400604
-1932965275
-643786600
-1463349541
2054991358
173266220
-538716137
771051899
605255840
-336727665
-1392997234
-101963994
-657175287
-1354549216
-1542968804
1722172680
535197951
1464548798
-1059797474
-925108912
1236261710
-402013877
730612946
1730076162
-1095039983
1983348897
2079210812
-370482934
-894921425
-563156795
1704048460
-547591789
-1682462936
-109636259
1950754880
2003679897
1172911633
-1107635361
1767723335
295834300
-1233200419
-1969186037
1466033254
-601966249
1507153117
1498658074
-1818684513
1000294609
916432777
-589430985
703295055
749980210
-426782592
938804142
-2102153001
1317828089
-641312307
-1076602781
280521343
-411029972
-130921365
-274040572
41917846
1622672815
-23116021
-1531146110
1400487389
1916496089
-322454253
-260512324
427012389
1480440644
-895639062
1022812029
1335211573
-683180316
-983825294
1423889320
-1808837134
-874358694
-1122476331
-1197271630
-1611742535
1427145866
1773313668
-610863025
-1641788913
-62024854
510601341
-1291340177
-728187780
1264548893
1182162380
-347703445
814215091
354180671
506029139
164749947
-1279344906
-205880190
368326604
1673590123
1659776440
-1702527879
524371727
-1283976562
591106179
455890867
-743235184
197949938
-214966245
92957196
-1509099220
675914197
-2002347292
-988997313
-746914780
-1651563946
-1400973184
367956414
-1753756823
418719855
-1546161220
933655749
-1264807655
-820992990
-1345753428
1315885996
-42108087
-57694734
-1507724013
1959595132
1921818373
930717588
30384393
1693670341
1360627604
2003205094
-1899174441
-1983301714
606336511
-1661287904
764134693
766888013
1578931412
-1155123128
-1551551913
1932071225
320250919
176535787
1003538483
-1382703012
832168409
-937414647
835695814
-1974086131
-1250676196
130151248
-1153433720
-1927996835
668912693
-424089203
-1531212354
-1811508304
-1153241212
1894200671
368609567
448279183
455500993
-951494867
1616317626
-1880480067
-762818680
-1217922471
-56476650
1757417863
-394587114
1979507125
-1029101414
1528990048
-61844140
-946493643
1085679919
-679689556
-59224299
-1216986394
540117027
275476956
1300631708
1789431071
304524112
-1968227654
1574853472
1917136885
-1875830147
-771342075
-1095816686
-1076511757
919144451
-575295936
-1205197858
-2139696118
-482525261
1388658886
1037860849
1381803206
2082643959
-411289566
1017322811
-1546970429
752845110
80753309
-1906191755
1706462302
1450946429
-2073309161
-862897563
1582877358
-549201317
1308372506
-1574535072
1280429493
1515822859
701600044
-1014173424
548040658
-1774743336
-2100244636
10572663
8580218
-4004931
-76001217
-451195341
-1784801753
1425710411
-1298877005
2144427267
-1030391921
-387026993
963543684
1695029897
-745417703
681943987
2147176919
197517905
841399180
-1203719388
556954628
-1104146670
-509139703
-685343755
1531839664
2038913330
875840827
1538796482
-893465063
263002511
1327961036
-2129311144
1948945843
1785951356
-91737062
-1775532460
1597074932
76984585
-1840171734
-488364023
-1573861012
358498439
-1402118948
2029735590
1141279511
-557303222
-2095091104
808147864
1429848054
1661620144
-2083177496
1931030573
2065837531
425688162
-1916230753
1511268729
1458701189
734656217
-1386629160
-1803106691
-2061371924
1004872996
671873674
-266075004
-923705636
-1940153881
-591088644
-1481769520
-2001653560
-481206874
-1416676164
-1326791050
1403638743
944965699
1392997077
-868940922
1591296067
-1168216379
-153498048
1314183278
-339219997
1755441498
97241242
1362085535
1770541317
383481246
498502679
-542874768
-320975743
-2062468835
-1274470986
-1496250301
-959946486
904996886
17200822
-112008986
-1988707897
-272771966
-163102393
1643969594
-2006936031
-1651857068
-582079355
1767719705
-1176354594
1776948737
-998700127
1985968501
349889646
-44798399
-1098369951
616345020
-463286139
1639350807
2123944138
-35145085
-1138227991
100872719
1325799450
151895650
1921521036
412320710
1081123579
516664860
-681853987
299170479
-1502982410
-1280809725
1759095130
-92391149
741893413
-478881894
-2143588503
629026137
-1794836436
-710259589
-550989720
-1369813113
1660136809
569950075
177802754
-990596344
1729979754
448123659
-383645500
1610281135
-1799784545
-486607903
-290175761
1405824251
1123186000
-295202090
402499727
-2069053796
1850714064
305568018
-1055127860
1024342326
326876659
717519461
1063308415
-481107868
-1396417348
-1531082248
701129224
-355088641
1765115739
2258212
-1865329058
-110551393
1257181781
-870643551
-1988843673
-1443071135
-645818876
894280675
1917959049
-293793814
268670018
1051721408
558489728
-223402580
744932705
887891285
-1375706255
670061927
-1046429603
415157802
513381951
851854323
398029396
996306580
-1177266659
924182332
1594169654
1533849946
-518199451
589010828
1576449464
1589261211
-539936089
1274835215
374548621
-1721848849
802942723
-447886956
-430149928
407756747
5023163
-1887977839
403681755
-220984535
-706118909
-1549525143
-888660492
1849335399
-2128693221
-952420368
138654922
492861039
1299124895
822361902
1764134595
-656739561
-1109914339
1863806562
-1880342599
-710438965
-1262269208
858522698
914248428
-2033458583
-162072277
44873889
2090996281
-1011080084
1183086400
-1247714327
2128546956
-1338070453
1247156290
-1960517782
-274526318
-1929056989
-219051040
-1609932423
859801779
1083771539
-909235084
-1530537475
1487372607
-2000101657
-2047117229
1860113199
-1550538266
1000742263
54873190
409967264
1546463597
1321536337
-87510023
-1180191104
1403724447
-371605483
-1033543214
-715724004
1344415104
560861472
983901829
-2043095896
445513672
90737389
-495716346
-1886430914
-1390829425
129965239
-1969725824
614430502
1665401668
-667526559
830823012
-2009713833
-1384884765
1152940186
1478236099
1404005438
-1259483545
2027775804
1652884192
206607549
1462166396
-1125143051
-357756415
-1167746186
-1618027400
458223400
-177383291
128877128
1476914316
-992791275
-1120913605
1452304921
-905229002
-1210684106
-834093584
-1587210538
1875905529
-998001172
-412741047
1567633335
623148880
560751194
-321523757
934395847
-1640655137
409262225
216438104
792836771
914258668
45985261
1474933620
962103681
-288477428
-1748523586
-1134612377
1793385587
100150305
524711465
-655895253
1255111661
-2019547773
894465872
118306761
-485411196
1994419580
-1537761103
-1796376857
-574028040
-1836208902
1056602315
1571723941
852139636
-1110318465
1275190022
-360272214
-504398061
-1258038181
-572868652
1835198841
-217566554
859808285
-1842793710
1007252744
2112072116
211255623
-1744517964
-868832109
532612801
-100880064
1111703457
2012210093
-808429101
309969550
-1053629732
-1034745193
247664689
-800567996
847370467
1103872980
-1926947730
1525584568
-116143781
1644936956
1999641253
-383187335
392978668
-1750242096
-112593659
-517016961
274723690
1850040462
1816972431
-618616156
-114713547
-1323830649
324938270
1935737683
-266829599
1139668974
-619070553
-2004680834
-100918760
-1646484495
190063042
-577771051
1754375871
411166221
234787177
1694059828
-877449897
-596125282
117198334
-1513258916
539668389
1691818677
-163102830
-1560495899
1746039957
-1194781651
-3069597
-2031625869
869633115
1084791552
2137212071
-1554944217
1584526043
-985634090
177619847
1516016216
2110780491
-929277986
-65470355
2009898627
1327020053
702237153
-1440981630
-848038529
-516942335
1706906772
-769714062
1777287668
-82568813
-712343251
-423848334
279833870
1797707697
-224125640
-456266621
1025489772
-1517454711
-673471830
-1000560649
-1410677410
-1793480783
1204260150
-472179916
1401699920
1642112143
1241493727
1494102711
-990265472
1962269946
-1380981298
-1890511268
-201324041
1341435937
931732837
916134619
1903653814
861906859
285619347
909428629
-1372228562
-1231454945
-394586263
294712465
539362293
-1315008122
-1715861011
831210688
1114555319
1642838863
-947639762
-1868726136
-1054269846
-479621519
1941405592
-508455809
-2141201723
-1442741546
-528602231
-145868681
399495154
49585399
753372963
-1070038342
1219670401
207715523
-1668449693
-276501610
-1948899680
1877079749
158644338
1823900955
1001431177
1359387524
-226915013
221473570
-481778629
-1141321427
344848445
927051665
-1495630996
-906861713
-1156001631
-936360226
-1988919107
583249318
-2128474481
-1887192879
-226919633
1519371067
988403132
-1875469939
1787280597
1803041353
592254279
-342225200
661846219
-1704428412
993251525
1331881337
-153090970
-20266410
1752327834
775158602
619247532
-1796268982
1044932490
666829039
-1810931450
-863031635
960287631
1335941183
-999194573
1583317874
1942015980
2024739521
-1658602368
2001311318
-1644221823
297817200
2062469685
-201851068
315637345
1095868098
382088018
504389369
-751891039
-754530330
-78497925
-1542655509
-1442470798
-987454899
1730361135
123858279
-1191962254
688363628
-2875840
-2001138952
-988364994
-259931969
-1262190209
1641014799
772102987
-952652272
-1519754314
1982599136
42890742
1522761720
180803034
1235352969
-212920359
1524234150
-1266162047
467285113
1417185375
-333081377
68523153
1154636047
723181978
1900543813
-915490502
-32636031
-1335587501
498221019
-1969873627
1896185599
1672740706
839421640
-1918948115
1537136407
-463847104
-2117158566
711786702
-1319119013
1656890074
-1301912498
455977883
164487488
-1617353561
-1002918323
-1798896395
1146797128
-1814794500
-327616838
839475897
-829701021
-12752226
-1735996246
818935226
1274747538
299290265
-271496653
511557039
-945243187
405026639
511598569
79775855
-49569241
-1066689837
-1237527387
259567707
-72264657
145305207
466615688
-734884326
1547470488
-815558237
592474687
576704907
1199158299
370627048
185418120
202749431
-1437937765
1338907732
430795251
-1719777914
2040099978
988229639
1743362797
-133619724
-493799029
928769542
1026720250
-1990887292
-1822815912
1411670606
-786945983
-940998860
-106650138
1275970092
-309648307
-933582543
-723928634
-845915189
-1873239023
533564557
-606200882
-144055538
1087279917
334185262
1885677816
1165526944
-645570193
1205176585
-2047584119
-307142584
1243688347
746719632
2135518837
570800001
-1716234130
-1804038039
-200871935
-355463863
-997604384
578228575
413187754
2078990905
-4373846
1262074781
230489413
-2080333867
1315765255
735349784
953918311
310456869
-4798531
451875661
676946694
845096580
-1100954018
587883052
2131280992
931095479
-214124085
973361747
837196827
1206112064
-1102454279
1032494463
-1558364243
-1052085260
546398711
1617131583
450632701
1971322315
-973770449
-1600609302
-289435062
473800439
1659624683
502082514
-1646313652
-430460361
-1029661157
970277305
-262729576
-2071744916
1720026965
-2119504509
394382408
-1185857684
891309852
-1471052755
375516890
1264293909
-348620188
-1591404035
-1172307112
-814394971
1419438933
305292283
-548152903
-874353591
1220614223
1384561823
205537159
2061059315
-804901074
2049916875
-796975423
1555862640
-743218
1467560442
1242965762
-1760703559
484118737
-2022365510
1959421154
490234248
2088699295
1239521879
-183800933
-112466642
-575556434
-1179061544
976549103
-171709789
1257854722
-689300433
-1771037879
-203807778
-810061321
-1300089941
594252322
-2066728089
-278142914
939587248
2092204198
-580631511
-634329308
-1812404054
-386932074
-92548468
948755482
1689740351
80647023
708776643
1333403249
1958742979
1402234828
379482209
1682860388
732581105
-743638776
-1429036238
725008987
-1884886058
1347356455
-1777322680
-1433565330
1004456208
1037669622
-274409901
497312295
624645944
2074354288
1564872758
-889970036
725382044
-38950558
-1463930666
-2143238565
-58288591
-1456717742
-1751286476
190853271
-1307603769
1119455133
325255613
-466201277
259995006
972440799
-739142688
-1402872467
-1497568136
390189206
777705697
-952072339
922329295
-355976695
-531405331
966969198
-1072577335
317998438
2051034477
536505389
-1725854390
562079786
-939545186
1145588736
-942066551
1412835269
-2137844639
-557236710
885404679
-1491435908
-538194865
94561293
-1298028101
-1011996015
965109520
886376335
587422865
706055074
1065621740
549228672
81531925
-1209273778
-1379550814
1858164523
269563755
-616200674
1551203960
966285004
146728834
693052833
-559300205
1964508241
-79361911
-179723048
-1046713720
1630850404
-1684607327
-930083372
345492530
-1869085783
-2054381101
86951837
41094085
1705228356
-999297725
1955317590
814048547
-455455843
-185684570
1493053342
496558190
-305613465
-650177807
-1103756744
-2099622690
805226717
-1697003182
255510509
2051904723
-393152178
-1292288669
1674728112
-148193491
-1034722596
2051829661
-527499773
-1913048613
1068899200
1413417738
-287895142
428083634
1294405712
-501238978
-483579331
1809279
-295832828
1904786823
-367276814
-1757056417
473627574
788449635
899975258
-734175411
-1809218840
2096884785
2016757851
1656712699
-1987856437
265643051
-1255358465
-1162095898
1568995006
861210260
1814105499
-1911347548
-13859820
1992219949
-1582695117
713720448
-1572163814
713991917
1755483420
1191989832
-1475436201
-675270672
1475057891
1329852260
-334799339
-1909410641
-185348499
451893546
51295776
1977009264
417812831
673422961
764228557
141645568
-408178497
-831140764
-367901891
1176897952
720573147
1841526423
-715908382
-762202308
50051945
-1552733089
1098852418
1615716322
-2143334417
-172593315
222627067
169907057
531070565
-623116452
1903638534
171168656
1947462168
1415221084
-373930177
-1274240798
-833125680
-1624688658
-29237980
751380343
512862773
1853635266
-2105604387
1236319877
-383136914
1213328254
295030395
1721216855
888817930
-2052795952
-254298748
1195636613
698475811
399857862
-1967860817
2062948
1791035328
187604828
-182608405
-162048576
2035976059
546258518
931895718
-1118876216
-840574877
796399440
-1748271030
-1706326967
1578812707
189825299
759666443
-425595105
-1487071645
-1278188247
1899577055
937968103
-1808741267
-831118669
-753598258
-341164295
-24785132
-17347975
1676974699
1820304277
-1540081712
1006143554
368496289
-1340595365
-51340755
-716550811
2110062258
742860544
59895398
2125271199
1760219005
-343915970
368640589
1593390887
1672240895
-892300020
428053613
1018428159
-1463038437
57707535
66289009
1474028173
628564637
1674359887
1414826951
441228650
-1214003844
1855690286
1660024192
1573083768
-1783815841
-1786655851
1427539065
-980817095
-1486871198
-14367377
-278863681
1398818911
1257615385
-2120223654
438803759
-2002695266
-1743116588
1767327899
889121373
-1223118135
1077984548
878525779
-80997449
-1647460324
40186014
-78519568
-923718935
-1637413930
-1589183266
-452748059
995984770
620845835
39144398
-1049524579
-659242
-1080258633
-1322047960
-27610196
-246300634
-1461778922
1546627128
1115995975
1878530302
-1793002702
-511295770
-2137563402
94052830
-1783195460
1610035443
-1777210233
1921316636
780755487
529070211
431692614
333744648
-495108398
-2058932005
-700822422
1273417296
-1256141331
383523946
1150105297
208329126
1895575295
-1792145651
-704391697
-1863984737
45845533
-1476786034
-644361212
-1913256994
1471131966
2079976301
-1810635891
