727935008
-199961243
616629134
1281262327
807753280
-1792444915
149882120
-1602637597
-2005466286
-1576407430
-736230092
1055122302
15796364
-73938359
-15957726
320407924
-1385240798
-205777261
-2127434637
848294675
-1690123083
-72427698
684950759
2015322194
696515337
1685450482
1482312500
-1701352684
1821011707
1266179167
-791726823
2064699822
-330046799
-1821576451
572517553
-276306522
800044818
1689907492
-1860194036
-613342531
1658900601
-2117265218
375204859
-967724496
1999409828
172633643
-249605845
-1606001095
80291826
2103968100
-462906764
436713947
554469325
-1229822622
-503237261
-106790689
316731492
-1293305408
-830605739
-2096663527
513460125
2065623711
1648567285
1141257711
-2087250102
481626825
-2082508503
-92607717
-1463215974
-203428840
-250824871
-1985043537
2094039761
1170823704
-1704376752
-177811367
1369018683
-1644373269
-1009394346
-1910487064
1176695902
575937133
630301054
381067535
1645552238
127689623
-504453829
-394206105
1369029381
298830888
-301017799
1945688762
-1684475373
188937857
1656905322
-242058370
-730974702
-120418864
983425374
1824341918
-1031502466
-2077630351
217056983
1382112384
1818109828
1122909328
-274511460
1623665475
1335016441
-1338969326
2106722701
-789102520
2039076493
-2025577291
144718839
629536500
1147640127
-1037255307
-800109271
-1868204621
671351315
2091794993
330696519
-142250433
1729945603
-40676210
2047840861
1538792993
-1619156174
-459271909
1689379254
-926395529
399998055
315206582
-1452465554
-1264289288
1924628408
371256877
710606662
960427061
-1968193915
1502838055
155045303
1560560929
866356392
-595458235
1845295177
986435027
1870030058
-177749373
852310564
-1192221815
73408696
1873927140
1248362471
1585988080
-132090090
-441729714
1990361528
-175432287
410449618
1716473266
1424255643
221993711
-1109135363
-2112450705
-471129849
567356639
1560936599
-1545715464
1204356278
2033492087
1011824777
-373333069
-1612368452
2029705275
-371717929
1874840868
2076162267
-335741964
2028302869
2040014410
-1344074475
-167255885
1883448858
332397897
-1579088255
781167893
-183922445
1968622920
1371669090
-398262841
-1732051686
-1681186660
2116733045
789401164
927090408
-1408290523
-538006135
-1462720003
577557319
-1864586504
386452309
-1290081967
270581163
134182206
122708357
-1046806690
-1552191166
-688282277
-337005547
-631301217
1045700969
-1487863726
-961152286
-835935241
-50277022
602451559
1243231870
1892633334
1018428228
1372587269
1218313795
525125210
-282347982
-501642526
-1000301654
-1799427625
-733258801
-572810656
695469789
-1301403110
-1094003472
-1280424394
655530122
14863371
-2085694061
1561355343
631080185
1581466706
-2013782000
878174961
-6327200
1589283613
-332970098
-1217410014
2079313014
772368415
-1391090248
183016262
-204964027
1645345499
1014724527
-1308243700
-1972800700
-983760095
-863611327
-708988533
-1308501852
311209433
6454619
1011824807
1279852522
1319692798
-892561732
-10301255
968197565
-1804760595
-756483093
1172490095
1775953920
-427641632
-906452117
319880431
-1755129821
-166957900
827534636
1277061442
2073616054
-1366938638
1519436355
-1158999056
-170646466
61595660
323337181
1172005350
-76254388
-1300118554
-849525391
739892640
316983242
-408887656
-62951884
-1855267453
543621016
-1828312462
1354915282
1730784394
-1148092329
1761519679
-240279462
257759525
-1985943933
2024465102
1871822201
1565232733
-263384633
-281499987
539332330
-1563092165
804397708
731509303
-1703015891
-1118040982
-1210893102
225206737
25981302
-429196261
-1924783037
1261739120
-1600512024
-439256024
1945372037
1011188829
-2059901694
48152188
1263337679
-1981599684
1586373465
989061041
-1055831618
-1783762870
307504775
991803386
330035305
-2124291099
2003592291
-352299454
-2042058830
-641997999
1007656305
-279148139
1297030367
740082104
-1655697252
-65397569
-511462296
-1064293518
-1503185374
-1891129294
-1414086638
1349297287
-886065713
1512775212
132678204
-1592366223
-376697747
831288601
1985581688
851919909
-728918918
2098598965
140801885
-1059492012
959899163
1295836789
1467386266
-1271639570
-621821359
702298023
-1689553842
895324391
879754601
1607450583
1391453847
-1701206724
-1941300039
-1013415691
-817542552
464727096
-1986684024
549411508
1057592480
548435955
-2000417971
-1686996812
1896055383
255009819
162235164
1107885794
-1171990662
330674934
-243002787
-1326802913
-2139524455
882341542
1564289726
-1559311585
567495167
-1255716177
-311741078
1579301267
-477059581
-488513098
-866334854
1235103114
-2133119843
1327541131
-471193172
2114001172
-879521221
-272459927
1921591122
1797057576
-1022950443
-366463364
1230657676
-1269144377
-272064962
-378469726
-964404295
1310637408
-1092974915
-612381323
461681194
-1569497738
-721979172
338205577
-1788529640
-756715393
-830022273
-213225486
-1740615720
-57833713
-690831561
-709112824
1869449292
-7494091
-1028116520
-367466643
1263724188
-1487509211
-1920994488
1441719375
208622374
48896279
-216628327
1303348202
1274874290
1046404973
1991754330
2123177808
1556782314
-1085311461
294906666
-1793660820
1708932360
-1493435837
2134416269
845788995
-749849136
349357342
786564098
877258621
-200484927
-1657573597
646288980
-2034300380
-209371001
-792960671
262718768
-2146275414
1756739251
2056624432
2083236087
111005232
1463520429
1580302856
-1957126699
-219707387
-697843992
-785970768
587673362
-1939974548
759349592
307647130
783410088
-337748830
1408970785
-692344691
-599539692
155576094
-1430104176
879401860
-983854736
1358977818
-1093351602
124085462
-653240895
-1479402926
127689938
-1331496298
-1088203378
-1768399093
851226903
-673680068
927056561
291263574
1706112399
-1161778300
-1631522704
-1924600171
-1984869290
-890820459
-1705150257
1141327934
1913370538
-2086018970
-1053367521
16615134
1499446427
-1082702243
-943284262
1378389089
-1505708802
-1954239944
-701862478
-1559693169
791432359
-695009488
-1979221017
-1734328615
-812982826
135688539
1389157848
-234695594
1056219377
-478712495
-462347299
1976613383
-395467917
1298791954
36711763
-768219294
1408612900
-238901977
-846493705
1328044302
1625875082
620630278
-1759448969
1370605546
-1770010721
270751162
1007667270
-1083225005
-1467523645
-2046915645
-857762641
-1554943578
-1537095181
942405946
1332140845
474709507
751962171
793389369
894627577
-1270287788
-1925773975
-567569031
-1041857565
497845901
99753987
977716795
1284381285
-536074699
2130723962
1848511596
-1605986060
1444000036
982259870
-607766013
-893147495
782271629
1387457109
-1115292499
1997052608
1457262654
-618834553
779992748
1996494416
967572518
-1280846500
1115828732
-1010066949
-803298793
879146153
282192311
-297423402
1288888269
1343492519
-1238325831
2110156332
-1214347985
-5379867
-705088377
-337407602
-1774787884
1542806399
-1638854804
-169722834
-2030748472
-958421872
-927525660
-1591593875
1143547279
-1289981468
534316350
607079601
-318306967
-1445161998
1144104316
-1818290564
1029788119
306133256
1688972413
-1246874951
-482395810
1367025608
1973673565
1257362265
-1186216054
842837202
-781780452
-760790498
-213596875
604516290
-1343332995
-814448458
1581308168
201106268
1114145584
-1559603701
-1642550206
-1102035706
-1740062926
-1656136487
-1279846472
781541238
-1989419660
194045824
1104190748
1266418859
1502971578
938986779
-1497190271
-593431776
1868861382
-73632816
-1889561058
-1790371265
2048562869
-63263639
-1754015663
-1729334765
-1871342936
-385141981
-1642161689
-1922426302
-442484314
651815366
-437892966
-437586887
-2111283008
-998433035
-284724262
-1609093976
1010350709
1219065543
1041484752
1050044465
-700082344
-977057643
1037274271
1461290843
2083687663
-1995995627
-239347220
-1163381300
-1225709858
-311197785
-764359008
-1277445961
-1409874363
695474671
-2014165780
1666429075
183243621
-36026205
561945229
776520205
1054320009
-1239686491
1244067152
-118728130
1260242211
-87743660
-289092648
1971585568
-1911821260
812674334
-21449057
-853412546
1959192817
-186703527
-791229126
-423366742
-446576989
1244111187
828707808
1622959924
-838868786
43633831
-380322516
769237976
1365410965
2017235154
1646740513
-1493079177
-2073770916
-841196027
-511925649
-1439746870
-1829871185
1053529403
861415156
741217683
-2012155551
183714702
-1090670459
38199316
1519427064
-1746682170
941707501
-542235707
1733045320
-2105936077
-247489483
-955972288
873342557
-1062759748
1419061285
-302308992
1502302366
356066615
193986571
659484746
1492176174
156703226
-1191309126
-380806678
447123861
1177756337
-51916587
2076734498
-149876065
2115846001
1647749453
2072549983
-1318630780
1683534861
976937511
-507882194
1449164104
1606057640
-1323493502
-15809299
-1093705884
1654662027
1015249624
862684101
-1351187802
1818681912
460547203
-1486736681
2109484373
-898062401
-402916989
1802970805
1923219352
-360361393
817817982
1438770963
751242007
-103540209
-298284793
-404130371
897663202
1073885998
771279906
-785805108
914708881
188808504
18015495
288187412
2070059949
-1569238101
589400870
-597729824
243934286
1540281290
-1197855125
-1609229599
317691397
359607216
1040816835
-1879466654
1674269179
-1615411545
1652084701
495403968
-773546150
2103536314
635506997
1904620057
-78879509
-603808888
-1920830899
1033577283
232216831
121820762
1935696701
-63056640
1076939667
1756101496
140247406
1731036015
1330474670
-2050852680
966537378
-1293080636
1486340366
1408108887
913293366
272133691
1655045891
-1366417653
1138106539
1576900425
1491320217
482560088
312438114
-1770538988
412587004
1396189218
618450598
-876081627
21985048
-1077292413
-211388432
-484156836
-1102795905
-895966498
1959577189
1151039268
1274179984
2131222324
677266338
2010160614
-1826041900
-1060913995
-1572564804
-417263678
-208199765
-1572169318
-715752062
2041517436
1231044647
-1930461135
-1940008956
1292405428
100963127
-1424406727
57901145
-271685542
-351524600
-35462289
-1292014437
723911263
-2036482649
477544040
-1123759818
-1340871504
1440050410
1187522209
726454626
460045151
544751760
65744084
755334125
1711215139
-607126361
1467777676
-1368508355
1651095298
-380842451
-426758661
662239125
-1249928116
2134949882
1958160139
146671255
1295848907
1088625116
-1843842638
873822985
-1150767817
-1391981053
1436649866
-399296037
-1206302225
-354723681
-1760415072
820959592
340434918
1337112007
1706754955
-2001673220
1758796251
-1695067748
-556876608
-418169194
566080204
-1821141330
186761509
89831406
740651692
1313144478
-456965149
2001470393
2103935571
-1182283517
-90505344
641639978
259001013
-171131759
-1740453332
1500812220
1749373782
-406366600
-1275815078
1508215086
-1537223683
698682377
-790964590
-988192817
-1945817689
-144407905
983166853
714924539
-156942658
-712121924
-1933067423
-1101995035
-1820866934
-467950734
-9043098
-410278763
-1081324569
309692163
-432329543
-1375683788
-161137864
-1554675253
-1166210696
1776555143
1850896283
-1433859490
-915462386
1627440313
-733045922
-654411283
-1552470585
-691752612
-815381584
397557741
-88136282
-2050074703
-521780325
370390009
317109366
-23448793
2012940849
648368631
-381572834
1153533985
877201413
187272314
354641977
-2095802628
-1634074659
-891297433
530320870
1526102864
1212296869
1600918746
-486188837
1023490933
-1264877915
440120906
-502615360
878496840
-1960560138
-1428401174
-2068256326
1939606830
-407769038
-654901166
-1378390203
-576782248
-1207925910
1758203486
479604806
1462354760
-1376743332
2035558230
-608675232
1255410580
-1824021019
-1780867249
2031460997
-655545366
-1577582668
-197973040
-1680809776
1546446163
-1038305216
317808823
-1774447214
1791592635
1077061115
1783011165
-548459606
1041247408
837113799
-720624648
-1474819046
1763965802
-1991580503
264633665
-1998596394
1045814539
-320830788
1606302294
556422365
-237632985
692394343
2126514912
1785853837
-191556987
1204699858
113741176
-388761293
-1287453657
-2048429931
778971206
738554593
-1481253241
200419250
-114210837
-1625064572
-823988701
39421893
2016127136
880649269
792276027
-1610968711
649563551
1553688015
1121181401
-651829186
1156745921
313676737
719893777
966183736
-1501445016
-708040668
1850008458
688333178
947898782
-1304888049
1340147004
-792332941
1684761726
735790890
751551610
875244456
-243188526
-593468031
-1238921165
-450314077
-2141222659
-61744486
-1258823308
1557527082
-1066464997
622363336
-2042702544
618657716
-108488602
1942772673
-558621117
495867416
150118619
1640018286
577409972
-1413358969
-178840292
1080411138
-1236672710
373184700
1543328920
1125530446
-342487039
-521123727
815838696
1106770770
1226249645
1257356820
988836732
1866280470
235825055
-266749254
-279329162
-1081370949
1766415478
-602142892
1584987093
-1004699188
1451423192
2062487328
229355478
-1164908839
-1104141199
-745509535
1308679062
143560518
-335689669
1721246289
-1419142917
-1313057184
-688393984
479568726
249020629
1644877488
-272227556
-1741604236
1227212607
-962586476
501261447
1623156995
-1267369397
1504056842
1885279762
177947041
342460125
-1034082353
2051071217
1316482409
-1518868521
406826920
-787210119
-416755612
-1898863754
-419064834
669540393
-1050476225
2067692283
-953458512
-1010440722
837945406
-1307479923
-729145052
-894199646
1610946928
2084915037
-1345697889
921236182
702103076
824074763
156054998
224534992
-2057821797
-744381624
-909231419
635998422
-1282771714
2097558715
-1347085890
721577133
-1204281710
-767403992
-450793788
241150812
100640809
-1036933425
2069333017
-1702607819
-2049859365
-1193975022
-2119406315
-388381675
1448338934
689291353
1368947256
-1270556182
1333528370
-1015724743
-1267443069
-401737867
1877948969
1133882323
1524006403
-1851440560
2141819141
1920984186
785092013
-305786574
-44734342
-1231610216
-495055759
-1761707662
-1529397002
1446575057
-1718717048
-1729908535
-987662569
-578072216
496921617
277104475
614895453
-182838302
-72953893
204832248
1173883168
1542359272
-1998992508
183057566
-1802834748
-1091421327
-800116798
302935362
-344291030
1325411872
264941568
416661199
1219826793
1630984170
-959392724
215028847
-1920654403
406157051
-1724337201
109323528
1428565695
992519642
-491401635
954273544
172069334
-2027381046
-457796402
-1793858459
269796333
581816691
-659982227
548172511
-1831292058
-2147045694
-545025297
929418376
537755213
621006604
293682118
-943762299
-1311966768
431871609
-1211490633
1922257942
1132051694
1890237343
-1306024023
-32285741
692560495
-1787931539
-23734336
-195889865
1249244691
539774282
1684264874
-2129827742
-2031959794
2128604797
437967672
-1445225958
790751666
799036366
1639393840
198919698
-1313203602
-1140983187
589849185
572070255
-741039114
-2129606381
1858815734
1025732999
-959656253
1335621223
165720335
1313063659
-1310830658
1981772194
187331981
1144581287
1324995639
436515189
-2028973011
1143798727
-1363027684
1334775081
373048280
-1673190627
958480742
-266992632
-255938504
-36508862
1628463062
898766587
-1883210610
-1206264103
171206625
-135587724
-2116952126
839726874
1230010856
-2046749043
-415076933
1704807566
1681833643
1482113905
98558448
1248120855
-426031617
-941981701
-2093056193
-603844557
1555143871
-290231140
596056317
711511681
433671680
1840129153
-973858483
-599955069
427606919
-322959628
-1326966603
-183345500
-37144193
1658204929
-618800402
124610685
-742540954
-157443747
-1759853318
1024048467
893014088
966772867
118104188
-1826541084
-1374686160
-1759652064
-893861821
350110819
-1272656678
-1295707983
80599591
-810200129
-1010314323
-1494267799
-925423080
1149470507
864681703
1088091735
1049342579
-1992939046
1973578778
-1855618360
-653677161
-2119860470
-750371370
479486953
1342801080
662327876
1068769447
937423281
239656946
-391788575
-398546111
2029851645
1359881121
-1771621936
1402998265
-1827590404
-1579815185
475262101
-1735080585
1762521548
-633245779
1804699796
-916306774
396946277
-864706713
1655882639
-1295398405
305990070
-1802977870
1923880556
2016859076
1377986317
-1281582137
-849552581
536602627
-638907973
1746505045
-965324936
1885840202
599357943
1499927186
-61213044
1822900986
1439715842
230461330
-534962023
-1643438416
-2000147316
-1082809124
1383569782
647283966
-372533930
-637862598
-1824537608
1409134429
-686890985
-1777752880
-2106153613
971030882
666110371
389037424
-1056266880
1570768688
-257358006
-503667668
882902527
172189486
940648574
683269164
-1457891489
-1121699080
-21991752
-44084544
613575964
-1056636006
-858128485
-20983624
588813961
1802743035
-456059560
939764979
2136678351
726144151
1637749076
391058485
-1203413195
1173866352
-984640248
637958718
2049692321
-1886180538
-692468439
1723893783
-2007101090
-707819771
-1690035448
1547180974
306157086
348429950
-948410310
111553701
563389763
-1019488935
655093883
-216749466
-1497312423
-1344664246
1430633935
2008590202
-142020633
-1756580989
657691370
-1435277797
-1513990041
288731497
-2075058223
-1736500729
-243927151
-451332983
509304000
-247106666
-711101217
-1253342771
-1337708722
799754254
-1677371315
319571946
-1260864050
1711139638
-599316895
266347804
300881144
241438248
-411387798
-1005562859
454427593
-1652738197
-2039589620
-1002195918
-921939545
1542989889
-14070533
1336123632
-1343049017
530170684
-126541819
3296413
1602100947
-1850521577
-1285198250
-820014510
-1801032250
-1851787070
1670855159
1514435360
1168596762
181369790
593771671
96252552
-974622939
-127692885
298800526
135874096
1505894080
-776149986
-793029602
-803369772
-933392087
-725865544
-1689411077
-609976198
643146794
-2126922893
175280653
-680896535
-191961478
-1635300545
-527345805
977947483
640553058
-1527469107
-1445336885
-79204239
-185933149
-880179799
-193506384
733143398
108498838
45315470
1872053379
1160815495
378737301
550050293
2043659886
-1317011230
-1847649895
-1707612690
-342851674
1057179965
-1544002268
-2042901197
407694831
-733073846
-1445281183
-144892550
-1093834907
901852951
-1635253367
-169731829
-1797463176
900449995
1971034759
-1490606447
842911799
1222005391
-756368930
1755949620
-910133294
-2114985271
-1217716278
1035918310
-1843676583
627796879
1905848229
-726585604
854663114
-803534758
251018636
1620320001
2037483081
-191936775
197472322
1774679495
61337777
-651448887
-1035477677
-1256169794
1036269899
1379987747
316621692
977263496
-1038635812
-208630764
-1842018486
1778609612
-149827100
447000659
-1087252992
1735789129
917233701
-358432401
37524157
1299491118
882224225
2045628232
-1872973346
-1164245079
341773416
491897791
1906075296
155348670
1258616657
-221825103
1890420490
1269142361
536471047
-898948320
1553877513
702145445
1295333383
-29041485
-493272100
2038420894
-1001545625
338173024
528368818
185666277
744415001
2141713767
-2049442416
-3383854
-239383951
267058049
-1634955400
-1565709361
829287652
-2055207079
-1343919929
1742500067
-543540463
710299195
1231885534
1709148301
-49109499
-1192050422
-907550203
1806804947
-967864902
1126688375
160858507
875717785
-2138810399
1798612079
-1539307983
589618742
-248992031
662809813
-831331129
1201691460
-316134114
1752990065
-163390697
-57904969
-1756694402
2089435943
-1815879422
-1496316368
1838027304
-1761886101
-824145943
-1820603501
-1018536306
-1081116940
-248746930
2074997718
-1770673747
-274367313
-784753222
1903577372
825830291
-1139506186
2080514272
-35721726
-489860831
-1915851007
-1234898942
-1515233225
1933757714
-1149884772
-2033705581
1438945361
970798395
1777313818
-1276642019
-365813025
-584863724
-1123123575
334853732
-99733830
1930458742
-753525978
346285772
-1106637664
-1357894234
956481811
602486007
-1894773758
118381969
-506922937
-2009531726
1967595804
-1193506983
1260698565
-533862127
1012588614
-1575641072
-294594800
1797442263
-1057531254
913830850
-1500371235
-2006005476
-1035096203
399226040
-1937133302
-1878075863
-1703974862
-150160645
1576781774
1874879142
1453060052
1290942486
-1423332302
-516964106
-830685966
-128490720
1606312896
-887170334
1946288248
129261817
1118221689
-2037441164
-1638208068
-2147029805
-2143845877
-1941717211
1453453263
998147316
1717889859
480232506
226910229
1698176953
268435136
104162666
-742223336
1368501469
-1458055191
-325927740
2093369496
-1403132165
1190554912
-1557013297
-1729435674
600127825
-2130674633
103855602
604502385
-802636346
1078151714
-2049479146
-1550592863
-618096851
-1057871378
-1858466167
-706379549
306129867
-557777167
-1985172443
-269867772
-1468595178
1244147267
-1433440847
955357122
-153529921
-1267616916
-1184230266
-228924000
1485791987
-768193442
-1482364043
1277353978
-1634630180
-219352923
-72925209
1826883928
459415661
-140638244
-1459500730
-1661439226
167510111
2112820067
1758306972
-1771872285
1879517046
-422396082
-87115144
254918777
1926731784
1953795743
2004016408
1465769038
216917439
-2135517512
-525026108
1999879289
-823554403
-401932790
-293823369
-1795609737
-950443968
1255813650
277774533
-1854579137
1087794535
88213638
1454377720
539073171
-241543244
1896431563
1303274107
311258776
-1282805325
-1553591639
2005848187
-468300376
1673100570
-957492415
1287320011
-1531206041
486541650
216973629
1168352007
1557513748
1719907893
131370825
1180961532
-1459151583
-310321383
-716485693
-1969199289
858044676
86667789
-1982095186
1702002491
2068580175
10614626
-1141465365
2045763847
422131198
-571863700
957778090
-1963700968
-908933873
-39953271
-268611811
1453126588
-1479271080
1718110050
-160385170
-1182308089
1246380180
1960303473
-2107680013
1236366074
177399486
-1128479294
1700329120
-687532576
-1220567902
814960637
2029501884
-1972468997
-1140607056
-1974097501
-897604648
1510985056
-1972554990
524419478
-1093414405
67143967
1940244993
841626591
-583943390
-414861146
1501225812
-169209941
572818407
-1232032666
-1447026087
2146269591
1411035519
-669402954
336179432
696249901
-1422699543
735438328
-1007118668
1379084461
-2055790749
596967161
-1557876252
641921551
-620418784
2038931869
307569889
1169710152
-1442694344
662910395
-1821291151
-1133580852
-879430688
1985211974
1101109509
1010991444
824714202
1590376620
-2068264370
-1848320544
-1093656530
-130335102
-848067563
-1245295873
474413850
670457184
312814924
137143630
1690228806
762558729
1229357663
1455994685
-2046242757
1562921935
-875862065
1882315289
75634454
1664489781
225104386
-1557388475
1377852024
-1526110507
-1789077932
-1847746101
-1089369408
-669638780
-239060623
-388272109
-2131590276
308659379
-1961226523
-1974493711
1440958236
-1983344104
1165442548
-1845152028
-906575384
-561858676
73465766
-1070077796
988235827
1215876406
542288422
-1697051204
-287816752
-932387351
-395289268
936648929
847299781
-1139809333
2133025912
-1292313629
-1331566274
-373230794
-449158751
-539916454
2070368452
1913606114
1517852077
-1492107677
1870597806
-1615808445
1835063810
-2002376028
1134153687
2095133487
197009244
189004940
1155213201
2101808067
-1691056671
406004703
751646680
-1480579193
-498900366
-1016361871
-689297206
439098064
936494403
868344625
-973003946
-996630683
-1092332115
-230250647
1004782387
-143896219
783587138
179211331
723792916
595973735
-363926495
220262030
41643545
-1576807709
-1487017844
609313474
1861371272
-708030001
522111927
1301651265
-597737028
-1322220915
-672910878
335103711
242642781
-126619388
-297184343
2137348004
1992794577
1020042251
1686726298
-1106689584
1893390321
-454849010
965997320
881847070
-1000228865
-298591253
-911199458
1770725965
1634752216
-803197411
2098122550
-1104918821
1528741477
-596297701
-557151381
835266835
-2062031017
328319490
97368684
-461871542
-1884153325
-86824847
-98858605
-1950300828
125299433
342849203
22641205
1035687837
-1480047220
-19628253
-1637442501
2072011142
531053502
-2127194676
-2037162511
773017676
-750744758
1231540559
-454687459
-977125568
-1757933769
1724315145
1443177811
280613266
-1678536646
-1931776140
119711624
-497654688
835496044
1897659342
349648612
-976757521
584101436
-1616122377
-2054740261
-1272080585
-1365255514
-2053035617
854009470
-458999644
-799269212
711671200
1757959437
337079066
548101093
-945340249
-2118612015
524665914
366474428
-1522379750
92074280
193289443
-2057967782
25620789
-1086707487
-155460357
2074208320
1741644918
2055124425
887422831
-724357138
1599740731
-57057146
-1112616329
-2138050592
1684187048
-605112414
392378398
1117758138
1651285710
-694289174
164260609
-1118458943
-2049198839
-1644751879
2083162966
130152845
-154747735
-364362225
558135344
1446813692
-1918276909
1537470246
-1418823424
-608395926
-1636628823
-844404665
-1510900897
79249182
-1112643928
-2022849767
936765705
878237958
-1201545134
440281786
-1147577812
-374946649
-1878258164
-330367535
2132191203
2142624590
51154760
-1021577757
729686780
-399253621
1024861926
662630374
1322513153
-817526305
-1657152553
116402707
-1824071306
-2134233932
-705626109
1814825728
756159838
-710859891
-242859667
-897202707
-2118089980
41582973
1218193811
-204509091
-1680796681
-1403014435
730967834
238378216
-2144941227
1891108408
-1200898646
1995689807
1335913036
-1839705974
267704343
2108382673
1793546462
-1435754326
875706560
-343305284
-1187129629
-1241893373
1382028348
-826234554
688961876
917319306
-107158990
-1893571428
1922119621
715431915
-813313913
-1050707909
-975204813
-1700655099
595903679
-189926785
395802368
1529381016
1655869340
397316729
740016442
1130136125
-684312821
1720849925
-737245405
-1495399786
1765046848
-889400038
1194838253
-575387195
-1024396257
1865956963
1995730885
1509415713
1744076765
388434191
442760466
1835871527
102941671
-1016451100
757819902
-587305810
-1310521598
-1284372070
1913125684
-1808679074
1780396979
454562406
483724523
-895698590
1612328416
-1257030956
810818339
1076689500
676519607
-1100886055
-80311761
-1775688295
1725405902
618745896
-639831182
1766631813
1497286282
-1375878460
1597504109
-1869346207
347069637
1189569238
-210571784
-1686723534
-1918092373
1465300160
47233487
1688606716
-744662044
-271296399
-156767152
-885336016
32298487
-1241830150
1576195202
-1766291358
-1781736979
159422817
515177561
1506550846
1360919860
-1657270603
96961335
793846204
-230063418
-1794893982
330439862
1011483282
-1934261878
-1510438970
55490468
2068580586
-1746236166
236364803
-2041441970
-240843947
584631301
-431665386
-457983743
-1216519170
1730439734
280270632
580143053
1369970466
205549332
687682340
-1528246132
-1863004993
899647436
-2025732727
-601961438
1190177163
1353367309
-710870911
-1520695803
-1639148761
-122249421
1956955953
2066894079
887065492
253647527
424446033
-573117390
1504628710
-700541308
-1558934017
2104111197
567062070
-578831490
725053136
383483228
-1367718180
1698296063
496127016
-776292363
-1123570466
-2126829934
-1202279989
2064648145
-525264478
978964356
1598663347
-1285605945
-9492501
-1190841144
-1694906589
210512480
1872448002
-1234271973
-1856942084
-341159785
1957228339
234089320
75322190
-1827086112
-1740174213
-282483860
75871793
250239083
843381886
1752327325
678205398
1756733609
1204873918
1960039240
1383616984
-590107890
559234570
1943078904
1236052439
569672985
-1600276941
-1445466850
900532295
-920442735
-2042351355
-1317776658
-1014314875
1879018512
-1326429579
1531305350
916452907
-714426428
-1577825258
2061775189
1237846948
-1034362252
-1668997166
1269760442
-1068661246
1362746049
-562939435
406709739
603742734
514343086
1176350156
1811814424
204920480
-904637598
952361807
2127200975
-1712660431
1562859307
2032508314
-1876115295
-1692634706
1894307782
-2137109885
1102836230
530669198
2021608157
-1361326936
-2013753987
-1662430682
2130302672
-1777584921
-1118663177
293431355
-399949384
-844554478
-1510366347
-1081591079
-1335210840
72328675
-1964160529
-110069406
212074293
-1399905747
-373495176
1503485161
-1092573384
948447572
-624530786
1746767296
-1928294190
-1210548481
868470294
-883012017
-487474513
434630155
1717489305
1705639719
638061199
-814400318
613125640
1023561814
-951728638
-125718452
1289340630
1599845372
-776187022
1521275749
-1979834714
-1752898018
78219110
-1627818928
1355513650
1079942585
1639318020
-1743778294
-1997629073
-1313555686
847077592
-761130813
-1657014546
357271404
-1698608941
1674886537
42155397
818469266
-751530859
-1261336250
1843431726
860501047
-1545866514
168114924
263127086
-1997131486
-388603486
1198930158
-1261566599
1558760910
557215852
1026406897
-820204204
-541102791
-910972859
-835269437
505763900
-939351300
-1533414683
-177116276
741185542
1324948379
-507380087
-458813886
-1602436281
961558046
885365239
-818843550
-1209148683
750527200
1766804671
-379879972
520595022
-1552245850
-1919635518
2075106126
656419064
-1983870733
-1107342856
-857358987
-2134976663
-657708903
1660941677
-111737889
-1966920312
215648659
-146468725
1795410661
101419924
-405245678
1632370591
-1802213160
-491619003
-1349255979
-2083863915
1401686650
-1799958736
-1397385539
-587816186
627598000
1011160687
-1524888160
427376244
1340088692
673156736
-106895524
624259283
-1726126576
688615789
-502841297
101835595
15769736
-1845940691
2066271046
873939772
-1697933737
-66117302
1352255635
-91462270
-1457815970
1041544131
624296931
127588857
412379161
-432667597
-1164562129
-1079332029
-1804639725
-1175028174
-2020722127
1196197576
1992299420
-1129643014
-691384006
-562763522
-1726104136
1463455309
-508961470
-96671254
2099697497
-294754666
-1244359872
730813925
-651839279
1577672526
787959996
-110969181
1854933633
-261116255
-19166303
1352437873
1166142166
-350269616
-1377473705
2058991549
1156644726
835914712
171040529
-484599077
1650648501
-1020749868
-1789967005
-1984926714
-1061833139
2084854687
-316638954
1417811876
1933611086
460576317
-987539649
-2118692147
-729981101
2121906555
-145681778
190483982
-2066984714
-1774377900
1080027107
-1476210583
-101405307
558342037
-141359066
1105116832
-1039267851
1997783236
666815319
-774745422
666368278
837326654
-621510429
-633731163
557177352
1646020510
-1112903366
-1664189050
1936142829
-564496027
-563485539
894425518
-1142109473
-818840873
-1252637892
525363014
-430595548
2062761763
-1736596865
1021983756
372123552
-1205495098
-1340845149
514057558
-1367375734
177168944
-1782429815
1048863063
770949474
-274313562
1430412234
-912856928
-1599122654
217828714
536929550
-400339991
1832843187
-58385126
-496498018
-1377310190
-201514590
696081749
224249654
-1259437468
2135462675
1265005732
1784718111
526739227
974223349
1704456342
569211773
1534776360
-1730056329
119096364
1000991461
-1882165710
-623494983
-1166604169
-1552668878
1543056862
-78776634
-300342401
254961817
1725184847
-981516350
93976935
1011428857
-1598325264
1478912863
167578574
-1304366473
-1046158224
-1676356459
-2086294665
798566474
1069656334
1141244562
1138008107
-682652461
571938326
1508502766
1048439517
780151280
-801075542
353554210
1857422863
-1695311728
2101534661
1487421242
436750453
-759801718
1934957949
1638431690
-2013377065
321737130
1241747591
-1562630882
1966770747
-523709939
-1554679808
-760228428
-1694078142
-256336466
669426538
-1238741522
-1487492142
-115809472
426911988
611133187
-330383883
-751228355
2002500605
848904502
-76124416
1276874302
-1650890790
-3186357
-832361993
1918622605
-1002982697
2006495541
784890927
999514360
1624141180
-846587885
-923156427
659000039
870101520
-625959587
-534703378
-1883333711
-1771644830
-1014740134
-1995573505
-1292430038
1083793862
-150846251
-775927186
213100416
1558192478
879100431
1727689353
1465301319
-334420838
-1878726409
1483727366
-1050288943
-1421926399
-1739672424
768826731
2050934467
985621552
-1524080686
-715480656
1594661348
-466903261
-587298996
897798434
312843320
988278195
-1622706519
-1572910455
1155967309
-465960609
1258050809
-814952819
295892435
294018638
-200006543
1776359253
-1315702670
-585828972
-1266513569
2073183856
-769750056
-2012307532
921144407
-2133340936
-1199596016
326712165
-1304638542
1518776820
1531183386
1578136729
1369428024
1965120254
789852343
-1573554246
1763735836
-693585115
-350871165
839914806
-1955220696
-1256780780
-1028362935
-1197467331
-1276514504
-1922402957
-809799534
757455817
385092588
-525842804
-843960961
1731546334
-1844926824
396863025
257820632
-1120468718
461047679
301784285
1321053796
-246480304
1828986177
1850514713
-1078409862
-1848022824
-1845937263
752938529
-1685641512
-953614199
480481578
1322228935
934005426
-1070301598
-674985725
245126806
76328462
-1079834042
-1855812927
826200889
1987201614
1785798911
-1917006228
1243066398
-1521585650
-445443452
-1275316379
400876118
894674735
-2020958082
891447959
-160374082
157498932
800686344
1477940205
-1094322077
434758348
1888668086
-20279549
-127843038
606556591
-903248167
392062751
2004318351
1750555565
-1464139008
1822122594
420957464
1442809347
624394944
-1987507142
1276392297
1711660016
-306939720
-1199967462
795201552
-546650745
-486574641
-1792471699
-632344732
1456011206
-29795905
1863580103
-1704275037
794546664
-640317481
-2076406179
-1243152038
-1619149833
-1395579908
1345285047
1326444041
-275424604
-776823824
517244579
133936390
578923610
-987627306
1365892460
-1006225759
-1895668848
1441723637
1297599564
-1895217784
1536889438
39924156
-1819167458
438290029
1329920851
-251860475
-1423118761
428385765
439131013
-709587811
906177846
-114767725
-2013969944
1813359364
30727994
326719877
-103921693
60229744
917710548
-1147004195
-414531808
956962071
-608145570
-984245069
-492459869
798120366
-120468405
-1375764934
-181794530
11114284
1030395806
1899175201
-334008702
1172283091
-1624308832
1481332539
47233753
1819354736
444699596
-1861074335
-173258670
1388387552
583708942
55705239
-23479651
-1502330154
1277742380
396232301
725815673
-1079571492
-247805564
-323575385
1486082186
-1229845609
-1533176585
-1159832033
1927958639
510751566
-372165339
-409750806
1105497364
-649567316
1003007706
-23121478
1945830723
-1553918267
-1012170297
2039016066
372342657
624371286
931572596
-359799457
-2142320617
780759632
1108764021
-564603210
-1417036690
1604676503
565252827
374305177
699086752
1305855750
535761133
-1099432850
-1702251446
-1545937738
1429364504
-65991726
-1229146201
-252496000
1173115427
-818968646
1303599578
-1671489345
716097190
1347772123
-63275126
-1598950310
-1292269892
87395404
-868968268
1710303489
1418450679
1946178408
1477310651
-340821834
2030919316
2094847480
-1047127101
-649525874
1231085295
-203200366
-1382585024
1650185912
1411804729
-1119991493
957113289
-455792194
-1290131097
1867291731
1265239602
-324266997
-1403547283
-2046962766
-530240040
-739886932
-1738995797
760865805
-1810294210
2081134170
1192107431
-376640354
1808476632
-587550281
1557834749
521352452
485542951
475963352
-2030312301
269264231
-522583803
354202883
-990915568
177020127
-1229719231
791141305
-582023538
-1590605290
616344686
-226240522
-548453491
563472939
2109306872
740489910
-98462421
2110362073
642784119
-588445253
399314577
1420780760
-1610439097
-1696178291
1565197744
600530818
1652828760
-430274622
-1128221651
1230444218
19220546
425581439
603812761
-771223031
1316284571
-1423056322
-266073883
-119593975
1159902860
724597457
1389933332
1122657542
1744187298
-2066870106
1421144370
-1554402335
344349921
1046700363
1734161284
-1612717769
1250658590
-1370778060
-962335744
-262608701
-1654290290
-909396292
-1360481793
558882048
738616729
-1229670807
379153712
-846894830
1847232244
-1440636045
-1129923632
-1455289114
-1857772818
-1593067129
219940887
-649234537
-942337015
-356098872
1528758517
-1995004909
-523672885
1578189077
-207525378
-298935298
1884952790
-141606511
-2125760863
-1930296106
-1238748874
-531321761
2144609440
-1319380137
-611534342
-853014867
643844539
1505624352
2123004677
-415462156
1155025070
-574455659
1050326565
501085053
1253024094
618834695
-207661980
-1040635098
-1114058674
1655665938
-1075440482
-1998180763
793981271
-820464314
2146799443
-1215096179
-1704470120
1402415369
-2147081282
-227468976
-2121950038
1979147195
1953767974
1971838596
997962008
348261403
-1451636877
-1021526486
836085774
-1574958103
1012194819
-492396885
689089615
652187083
233117630
1436044131
-895665044
1378428276
1779266919
-132191389
-381168590
1908530690
418664245
562733170
1550203236
1152051879
-1931291998
-822898091
-891134039
-188496501
171837825
1124985424
-2111367225
235899121
1008778838
-465337620
464125457
1369157272
2025771489
-699248647
-1837016034
-1190600349
-1439705604
-1290091818
-938872389
-1130576581
466092454
1060744943
-831792862
-355608268
1594085982
649949831
-1861420437
2074662894
-1233391947
-587307081
1089651266
-964609475
1855725086
345956789
-587460647
1129627660
-869176824
-633914791
251104800
358884222
-1651459026
-512314403
-1507201997
1879136853
1968737837
-1043713308
689613076
-1951004265
1793424982
-1322904387
850749081
1324027758
1169874373
1101047272
-1388775513
1550075728
-476214350
90111192
256679328
1769073759
-1238322682
204356858
-936957671
-1343537647
2043230001
2067760629
1044050384
186403603
-316278470
438113075
-1818961443
-49609110
-704109033
1817399200
-1421094874
152439515
310920510
-1515134543
1061258776
-1271811955
-1078344069
-1817381976
-1135850349
674126060
-1795675644
431176725
-806532059
683480271
-984214070
2081000095
1161137274
1553336540
-413668335
-704979708
-508592365
628503595
1135130434
1747992669
1045037366
-2065662679
1192328960
467665574
647825701
602417342
-941073800
-1694500738
1504670354
805904306
212718589
-1389372630
-840393135
-1334532532
-1914408493
1625096927
-45098673
1954507323
-510166966
-1468989120
-1696153918
524815034
147011854
7397413
889915809
-595886354
-148732995
-175437667
916425047
1485766290
-100004934
-991029706
-394056270
-232959787
70506304
639834747
836263457
747611522
-1746269255
-1471540035
-15855586
68705377
1612819280
88056342
1086279913
1384668893
-1458890811
-1071699542
596981366
1374547942
178744959
839190832
1956801447
-277473768
1229918695
1948812720
-1989227587
-319290340
-771296269
161318029
-1688420084
1143219022
1078425088
-1316335418
1786338030
1103537312
296808932
-727846792
2002996985
-332940355
1867989059
-1034432857
-167487116
1804724337
-1257320415
-1535525571
916173062
-374803897
-491052103
755602258
256868784
700611187
1128777356
-1915229267
1768334076
-1810151438
2113015996
64341898
-1985282698
-1915571729
-1172616295
-186967651
-1098362021
1648872552
289409916
1478262102
-2021498736
1040857873
-416623917
1890492006
-203913771
1917505144
-481996163
442111106
1088189242
2010533737
-1068704936
1676326759
-1092319791
-1536746349
1591989527
-1957581027
-1122382684
-759136661
-188527016
-945699713
-336795415
399562063
-1561527819
-2023639559
-84132492
591791599
-1838207591
-819424109
-1796660884
-623786008
642889110
1630825775
-1723790783
-1022248271
593203702
-85212658
494592221
-1444322118
-2133921585
-1254188904
1364719129
-228949806
423229915
-387702948
-1812247950
-1412809272
-1387249849
-1682034604
2097224955
-60271531
-1247156277
-1317260434
856421781
844568377
-930945542
-483711673
1859886686
1199694243
-546975525
-403126727
39174247
-1425963051
1666396599
-1991494249
-1657858135
2126818823
2108644148
1706458422
6255160
321661324
-28435038
2103562544
2105142968
-1834364877
76868756
-540112924
-760861168
2003982831
673270194
-770109888
1989045342
1664694458
-706049842
-420193214
-1268665046
1056410293
112410932
-365384261
2118690525
-2060612973
-66060219
1503560533
1067350387
1176511032
-946990778
-684052520
-819512209
-1182104676
-1931579787
-2134084184
-1214808049
374729717
-1852428451
356579473
-1588535871
1567094037
-1269364629
133924807
-1367731243
-625338096
390574016
203523111
-103765901
1307790369
-1230009
-1055070525
1006454734
199676109
-705442806
1097509789
1913868697
2062133833
75897537
-1382112079
2104969658
790778136
1673050540
-207423176
1357848637
-1475572232
-494461022
366597419
-1017478006
1873125118
-349319064
-349434619
1841346522
-1403843841
2089694790
-1871201843
-1555787033
1255720754
419299543
-1451355821
493269730
-740715757
1856838945
-1147142471
554238378
44478089
1290443492
-1012056268
-668594886
-405647798
-180219082
302122772
1147265634
189428350
-722443185
560689921
1589731001
-973601886
-70789471
-1240774266
-1137693231
876108207
1451818796
234344659
-464722516
1598394746
2100753167
1172094142
-1552550289
-570141602
1329766497
-2068940533
696869205
1811150359
953311297
-892251156
393505510
694684912
-1020783061
-416658230
-2049983385
553707553
2138665101
-1616409787
295151764
-1379235726
-994894183
1462420089
-1864923252
-1178599645
-2032595107
-1197472637
-484811252
-269789425
2135100944
1118816835
2145534943
-1237816306
1091981229
287519586
-1014284907
-2087496549
-766392891
1291698838
1343585650
1162953142
818694801
583014948
513687465
2104293643
1491139142
-1552188250
-2029144630
1879985492
309808557
831919630
-1326205577
-1671022341
-304494094
-107196182
-1443619234
1096777474
2108119483
-360989719
247409506
1547564583
1532535676
-616021091
-1969151205
1413800514
-778833655
1198834818
-495445119
-182517774
-400589716
-1049347778
831898851
-397859208
-638896648
-280426198
218001437
644522978
-475506786
1490828048
2060829705
-627787925
-1711908482
1296994358
-740501963
-1928016351
647109569
-1223570533
1928108758
-1474599480
-1787995739
1857595776
1972559869
808696318
-1168000552
-833598679
547833864
-341401697
-1080815606
1258167012
-820971686
-526044566
-2133744707
1288268874
-1353914034
-1598146332
-226848674
2099797188
953163880
48980604
-1071017319
945535057
-597678643
-760101905
1903875817
-1675762043
1697614837
1554200045
-279405203
65348564
590571678
1162115580
-2092054782
1345948432
-721290749
-1992930915
-104095859
-1885097169
1608117069
314422188
-1588495976
-54467246
1786047561
-878023668
2017062688
-2108281086
-1975545764
828371331
316332972
1410061500
-1111775053
229682657
149054369
-1391531857
-1183740482
1351119976
212638932
1970211267
438832094
-27917721
116567137
-1209364771
-698226852
-2080807385
-1779601990
1144758881
1973103517
1828155403
1578301186
706548216
1152366995
-1039101454
-2059956581
2137380498
1199032695
794546399
474998269
-66676562
1329484724
1340910812
-509891127
-1046170408
-545221338
471147290
-1310927075
1178764403
1436885635
-725406115
-726591958
-98767176
-1068744935
-460625514
-2090305022
1289913854
-1899861319
-202852143
604843446
501790011
-1942398221
-464315311
-1862420832
440910282
-1275407486
-78769671
-641973252
-888232594
1191973385
1303455980
2024465341
424412310
267370752
1785965432
1553313950
1438237922
161457640
1970176815
157896054
-1565718555
985038534
-736773290
-1165671984
1086623276
-933903666
1650279811
-268497990
1038861951
1155152477
-485301119
1344535261
1927875942
2016256556
791765366
-992663347
1779556590
833801666
424636232
1245323938
-1842869076
-1314063062
1066328123
-419686457
521081346
1759140326
899092958
-1224433135
-818327391
-335229149
-1016089817
500726547
-593448114
902541613
197085405
-27807056
320267495
-1910773724
-2042424266
-265143567
133517736
-2081189392
9191360
-1594303209
-252348246
1583959921
-1855424893
-56628236
-1921101395
-994135813
1226459495
281692022
-147076330
1304983041
-1142421805
1686668676
950117434
1416533007
-2083657577
1285641228
-95737892
884029693
-611664885
-2009765796
-146961676
-1044431775
1057777784
-1411215439
-1138035790
-578964411
-306972747
-407980787
1261464769
329752857
-2009135851
-281218995
-462862128
-1582832405
949925504
-111414662
-2141799859
-2017527340
-1411210273
1025401694
-1815960717
-215409739
400576701
748880986
-642719098
1259395363
-442098646
700165239
-10314147
1717911455
-514667805
469725626
-861710559
1584011018
-572977233
1271239611
1741668179
877387863
298366475
659291000
-1920818925
778603394
2007847689
673539174
1876186014
-1214703424
-1154703244
1278771913
-1528986344
1725405431
-1576212936
1884994372
1341545611
459293039
-1174016
405159859
20396079
807634634
-1828291295
-1470847688
-1555002389
1279947569
1105080502
-68925548
-47995877
1424862160
336762891
1239420343
-1830924141
1093851523
-1931626178
520512409
502774756
-989108015
1270033443
1694858570
-192089379
-620047080
-1342253208
231749448
-478158764
-1971719414
-1087382535
-1913640944
-1952202458
-282071465
1778143909
1106163447
-579971973
-1945047381
493928449
-1573368775
-128627634
-1969383461
136864396
-1820725678
1601421868
1761466714
-1036402925
-1867849588
210482235
530890993
-650834089
351868633
-1724658051
1330791599
-951552276
-672623902
742523990
454244381
-545775005
-1167917473
-1954038197
-282140490
-417942357
-512354648
402432012
1358224789
1082959540
1884601740
1354836660
-1823123856
1799585108
-1206402207
3325774
-866605628
175372654
-168247716
1910424986
-148180399
-555440560
-644709598
146471697
-792499255
144206429
-514321762
-1897583065
-1451876669
1128463851
220991765
1938614735
1195021301
-1923912594
-1290790281
1959646532
-1436504414
331547605
964986870
-2106995707
1678802513
1188648500
-1012499748
-675417568
2055796671
2080125346
765673625
-1086437197
232573206
1890366052
569730075
1282901679
2866526
-1052716214
844169314
-1018218017
1900700466
-184868775
795486291
-935955416
2125523639
119041961
35223499
-981235438
950365898
1535493264
-468704778
-496263290
1545936248
1148109056
2005799138
811408345
290649010
-1242085075
698477134
1342711305
-1754660799
1970879858
-626782776
1081266245
-2070126089
331968117
-1441079306
-1807048270
-1591249626
-728420472
927463219
880642412
-1401363370
1780230994
-1014825635
-1354727990
-1060663247
715153070
-1870636308
-397784091
-130121022
1176526290
267321159
-1502782629
1309106654
361646004
347724370
-870094256
140842210
318245800
367975243
541754805
-823750242
2050745677
-1323923242
176341452
-1547369328
908997290
1122272853
-275745045
2030028884
885262483
-2099602819
1444873855
-335814565
-936892079
1174211366
1467771987
-1399592229
-2133442175
-1353686431
1252401170
1105247750
942837564
1069936847
109316874
-1093524355
-2116921480
465412400
-2101963214
-1103991545
-1106522707
-6753990
1093211246
-802766467
-928362053
1480860587
-2048258800
-1108772599
353249290
-1252524127
2061445794
2056968591
-1278406670
-775442135
2047005154
-992478102
-1621402531
322150165
-1489656563
-611399077
194736811
137579025
311326560
-461290819
-1179921451
-663385864
-508070693
-614891011
1277826004
397915747
-1836088760
-397198518
-1163697341
596222851
-1489823365
-1667851896
-1554935997
1558012976
-738187814
-1012155511
-758277218
-1228978111
-1084447457
-1406320770
-934323410
1552127518
826282076
559124907
-995906945
-1870865774
570151231
-497421735
2021208243
1646715365
-591444073
2136565521
910019238
-723538391
-1760025834
-465237242
-1832582063
2013855444
-1418193576
-176786734
814892147
201473423
-1915412445
-588245147
-2111336851
1981015116
-1760951312
-1620640710
979631725
627224734
-1443851606
1401160906
-452238385
-443402172
1149758133
-1478447803
1598201279
-2044480762
-736829903
-62252417
643997218
1628900804
-1387591041
470857000
1564358326
-1524524341
762405891
14271552
185930871
-382798998
-1621280213
46906057
640716100
1561714372
592115632
-2092618563
214770626
1605652968
726410012
-1378246846
-608311936
709025054
58090379
256813083
-1184561316
-52356477
1031245237
-553185182
1869571108
-27135528
-554762965
1139863156
880198015
444056982
-1859338784
635890475
445185806
852352325
1006324202
1053042258
1724945358
580755725
-467607670
-831689131
-209912385
1713601165
361870185
973717304
1573914570
-918524181
-786660572
-741393206
18811359
-1076705749
-370193398
1567169561
-622491811
-132033596
15346212
-1907478488
1308151735
693777520
647144309
-123269665
432178515
-18934461
1893327746
1037957954
-1469960523
-1977198593
336374548
1055006181
1643394524
-1449547611
1718351931
650812575
-297862676
-128985009
-2141607274
538814590
250402572
-636939971
1207216082
-1328897798
-41662319
498186284
-894155665
237356908
1472039260
539070190
-95750966
-601410112
-1528342913
-971903945
-1609266601
1360399465
1174583334
-1734402892
-1814789843
1810107285
978842804
-1470742175
-1412619833
252513185
-104525268
152190747
763394824
1460734159
-819426862
33526644
-1141344129
1373025846
-1907289583
-901242170
1518573804
1857014777
1409655455
-1989848182
1571293443
613909691
-1303963938
-1826092310
1474766447
-1462305198
1629426309
-1872011628
-1056461031
1522692538
1264979071
-1621094448
1430069417
754808395
-1054563309
-290708524
-907604916
-1327250386
1288873028
-25481898
1342923448
278342157
1341675897
1867586403
-1923416980
-1089820151
1021123937
289055087
-608181700
-1368526351
943209744
202607788
560536076
-1545887056
-980968083
1548524190
-666895397
-1503651067
486654416
874489071
-1880141053
1721088378
290396391
-524667265
-1989881922
-563164786
1200665561
-1160520257
-231109396
-845901772
-1543976020
463917119
-1175015918
1363553152
-2103723797
-812207228
922180005
-837207649
-714718846
-1472553185
-1795583095
296319752
-409968403
-1925403654
-662455340
-916200463
313650833
1070769396
-1470319146
-1385377533
-2079275415
1152953520
-709821603
-2107092144
-1877583899
2110778538
341778484
99010436
1750384398
-1542413942
-1819637267
380054618
610388973
1570773180
1127964640
-956044206
1632672813
1070625600
-356583565
1274416800
-1661424897
-489078338
-1528020838
-513408153
1539537725
-764064291
-2019297631
876642086
-139968558
-1132256044
-753100503
-818341518
797910616
-1165281472
-268013201
2139857637
-1781782526
-35151304
831793108
-156735914
1559987387
-579406434
-164057703
-741947062
-1433908081
948210616
-1749844247
807206825
398957386
438715902
487620892
691193524
-602314146
1543029557
-808386247
1370512182
-701883127
-467639620
1959237309
2036997881
1316891319
-1039750875
-1047990630
-1535336069
2082704292
1957747206
-990920062
106168290
335203269
-1241130223
-330137500
1404358700
633595880
1025946722
1810720310
495717290
1312381209
-1738653160
1877743093
950971566
-2059013560
-362681562
950658537
-2079788157
554202152
2011591018
1081110829
-498563427
-1004405927
1462316799
-1485820818
-1525947887
-168121144
-1673571121
1277625074
1498729030
-663075754
1073872491
1462058972
916633068
1986554295
92745502
1231112110
-285908179
1250095004
1753549886
1078912526
1162284067
261513492
1459480774
-1695075380
1427173001
2009563439
661190177
865753379
2137266868
-889020188
-76239288
976531518
1548467651
2087710516
-71480562
1775569918
684546837
-1021696114
-1818042694
-582342918
-164714245
216482421
-485498410
2072608454
1433404590
-2099704737
-407221690
-1584259208
-2056932989
-1266301216
-1518960741
-357424280
-372680868
756496392
-1496006487
1497230134
423654498
539020296
834063958
-2060168688
1726723568
1585687835
940896180
1010524724
-320967470
1436677538
1896260434
1259687348
-1222864722
1536188561
-1030450738
610643832
1706100418
-66577398
-1356950097
798709897
123019215
1104192070
1517939825
-1387057780
-667057836
561233084
-795286304
13424779
959442431
-1567877765
-221339991
-2007870725
-1924619936
1059125979
383168301
-50361350
-1609747745
579352916
1290911640
359116503
-589941776
-1787744339
501577778
577359319
-1955070588
2034925912
-1614852876
-631311050
-1213833022
1550191388
371130206
283634284
-1743376650
1884618228
432466311
-1052697680
-1558524727
-1355791305
-125999499
1785168833
-542292814
1361024248
-1288967250
532776419
-22180692
-1951147601
-1713526769
-89455065
-402263255
-2033202664
-49759269
1769226736
1701046086
-1188830630
246046230
-1823003471
-1615294401
384898924
-1116765420
383735035
552003620
-350753356
-978790324
1971099062
-819180084
-89139728
811739505
-1145497682
-282344950
12383321
501383875
1443850065
592659486
1347991045
-1218730847
2128978614
-824835730
-771499892
14982243
-2030107679
1592609910
-752957458
-1706781082
654658373
566071035
-1762691404
936394087
-1830826359
1314630534
90838100
1038957332
-1230622833
943882768
-1755036199
-957043232
-1520894031
-783315975
3196099
-580474858
594203469
1129890623
2082179115
-1729229775
1858636163
-1394784021
-400761813
1691703914
196594749
-1099596082
1268517756
662848401
-842068881
-541161363
-1618968737
-2053696224
1857715871
-1647810759
-665159231
-1648995700
1840634791
-506649085
1784335769
2094403550
1390078393
-261437522
660814228
601219458
-1260318300
-1895764699
-537966348
1323529567
-152402859
829318799
556785333
-1553520345
-759188321
2105156545
-1280192783
1794322927
-1566430914
905328628
-1333122428
1447373057
2028727065
627238071
-1786175245
-1005383183
1799427014
-2117935066
1302240393
-514183698
-814923693
-1867429284
-1482031933
1836527705
1230957635
-824375771
-710896915
-1867208549
-2142308138
1075079416
-829635316
-1317685965
-1388125042
-1069058524
2040658686
-2014292979
1258059501
-1852434104
1841281503
1808524314
1464984706
182653959
-2122280529
1596828700
1813360422
1018925820
-90717903
688290497
-1704606077
-621896212
-1710574571
-1307462669
1252895957
1731123002
738312025
774332270
1444914164
-540262753
1740488683
-1685582702
1210394257
1815800601
1962311570
350396282
-410570305
855044132
566232079
-163488948
1142104757
-1331371481
-447533953
437042642
109653202
1112649265
184041731
2133327945
1642965984
-1012156188
-2095556446
-1793830535
119985820
20609201
-1184581267
-1538974459
-496724618
-1657209019
-1403939101
1352725508
1030259092
-418699710
1041486487
-540022065
1856000028
9196338
405250831
-1515093988
1399139762
-1393424712
1784693999
-60726965
131518015
-370431225
-1679877545
1272160256
955331828
1347179928
-1588405112
-2071581455
-370640754
1965191191
-289029171
-900813824
-188348453
-1712554851
-565458536
-316082805
334967420
-640063196
1179674858
1465637123
120912363
1307977271
-598376200
-1081150277
-701927745
-233736983
-907330037
-1144670462
1052188207
859447303
-1815925593
618716275
-1207217196
1045107856
-1942037777
-2104950902
-689163342
1413221733
-1778602937
-1166406277
1195372664
-2111519172
-303316165
1431352382
2061148679
927721946
697968030
-2089280018
-495681488
-478531711
201228022
-404255405
1266845121
1314741158
1798382871
558149565
1623703490
-313649177
580797197
1039710227
1544932604
-1970874821
561335871
974362410
-1978183238
-150391958
-1699206704
1740236122
761750483
-766341952
1703844936
428822863
-1327156506
936885501
-811009165
190359580
-1838976793
357250191
-1161350519
623757973
1657224923
1026547970
2015856270
843391965
262316511
-630286409
-1292714757
-1293454019
278053998
-1832192045
66160798
-625734857
946505698
1919940474
-953065282
776646618
-1011471813
698060861
771565186
-1091441064
-1012071394
1777614544
-1628423022
1025866709
1920115489
1921665536
2033251582
-1654531711
332973125
1932657891
-1723238049
-1036024856
1223160515
822313040
1273270587
222380936
-1265840373
-1046519919
254143149
836661924
1227112969
-1063271337
-458503867
-1786033065
-511631191
-1114143251
1858223916
-1458661141
-123075683
-395237456
1898861708
1284852587
-2110367907
153240255
58310958
-1645616010
1847453807
1572820718
638458979
-1069633963
641626088
172439295
-151476440
-866703792
-166796239
-952335341
1428034692
1204692796
1982894606
-1835602851
-617089995
939239768
-1307950628
1761419545
627811211
701901658
1033497882
-959203396
-689641326
-1185343292
158189610
-1598264723
-1092838538
834322811
-1434606505
484731827
1612055075
-1856915815
2141842969
20431214
1902363180
1773314177
-1623864424
561699595
1265601773
-343088588
-2014961810
715839219
-1643255310
-1352819230
-70814799
-1172821180
-669400166
225832644
976818479
1974904258
-295069193
-1035310040
-1812216069
-1017579761
1261076472
751782349
1659315752
624770330
-1257552182
1023781232
533738964
1051934933
-1620804742
-1911295578
1079567208
452746026
674241246
-1567867412
-737168611
-1106234065
-932307019
-1742652420
1757115585
-101656681
-2050928883
1262160481
2032599226
1592507755
182576868
-1905587
-1132641973
952950266
372904722
-2053773654
-964293611
1910759950
-187020187
201038446
-15167519
-435488672
1915880973
-1333792717
-2128586084
-555614899
-1797567174
899901702
-1411499102
-966268472
1687043843
1841244286
1541310015
1900526994
-1489274743
423037968
-525174671
97343657
1100670300
1290101665
-518862350
2060056573
-1804693475
-1104076963
-991058058
-369669783
-1852876445
2012776134
-1136484815
-1495053600
1154726114
-1148728049
-1496106085
-715233050
2067721418
-59500885
-1814600329
1812500546
15285100
-1565998048
642821648
1882269425
1912089379
1149113888
1116219590
1124671581
-821570447
1754103513
670466760
-60448561
1205121640
896087179
-1467063262
-1337662431
34051402
966908251
-144876294
-1322361929
-335832205
836652135
2096620309
899823535
-160410505
1115093017
-194436192
2036059990
-895978873
-280546880
2141695277
2003672286
1310174744
2088533596
1662793211
-1753956275
-91701307
-1487613768
752353914
965557689
1414435956
2067403966
2045554701
-2121307470
587341752
-1346724858
-1691391983
1571962622
-1761578890
-1950138449
-1764901091
-1103790965
1236462538
-344372366
2109392011
-1234050399
728093227
895452660
-1755380169
-1428365226
-2011204916
-632100262
1532923014
1450211911
-2027114171
1335944994
-1393290582
-608217212
-46284430
1145189937
-309264605
-33019444
1362640283
1868735015
-1452941176
874177785
781318869
-1609609990
1081045638
1830123965
257572775
1634356162
-1377800407
-316340338
1917665519
1566288849
-1635733414
-1445742114
547883270
-962251514
1495164328
-2126855024
-365875934
733969762
-1967758774
-1057803354
105706748
-1422122533
247777124
-669547970
221894834
835860592
192908937
508767422
-1761838867
519524221
-1244612479
538751566
-1135577786
-398946736
1375609931
1628027270
1533396197
1789709051
1481200229
2012499048
1686664555
-166614677
1488033866
2023972752
-62196719
2075334585
1655146555
-350742359
-1079425775
-44188736
1831375170
-322664413
1562234180
-2087574033
-576316557
1258801698
1510380044
-1086857889
-1198807948
1805042361
-1203498125
-1754490585
-513040320
506980695
585704596
1627208431
-1022156249
514578305
-731552199
1339776707
-1388277224
889425601
-217430075
-457468887
-1631981022
-784291362
879014484
120951924
1128495160
1948970316
585351712
411109978
-574652364
-1509299482
-169397722
1501478596
600644126
195603674
14048776
1499938533
-1177896787
-168518685
-326435275
-160084083
-931740659
-1612180291
896074310
-2005679681
-658500382
-192651050
1781476779
-1417970560
-889939060
-492435903
-366847354
2024263665
-325273684
-507927825
250578646
-933993056
943064039
-1207515360
-708898856
-287743462
65575401
-458652906
-306856023
-1494250556
1820201645
1269472268
650547503
87001834
-1064188166
624008294
1283608122
733779736
-110750672
1758147368
-1547670555
1700537768
-750606012
1584502444
1238288706
-1992200804
-2097405944
-5513585
1049375797
1441584301
159737519
-285964052
-1163143008
1860999588
896515472
31891148
-962724416
139284455
-179942102
1588866012
-1484999210
274595926
1895733352
-1503658656
1545692169
-296418473
-1266200795
1851776104
-411943798
530573359
-1911339791
-1259620544
-1002102023
528088467
-1470722027
110194220
2099743495
-368423042
667423956
-1326696620
-986628261
-16568763
-94764813
-925250051
-2130562375
1154126568
792722299
-1720262407
1047117665
1708389546
-1467872067
-1748011935
-1741162315
-615947294
646414999
2093427328
-929041635
-1951728109
1857377524
646490129
832316974
-1092022470
1173343896
1275758509
1177832713
-856787865
1317502493
-2094296962
60188929
-858385521
-82463944
869213240
-202716544
861895840
-1521677248
-1686235062
-1864022998
-1679554604
621205489
1017081424
932441154
1498350921
-1189195924
-308305974
-871493555
699453905
-1388909438
513044755
-1599324428
-668080889
1704681521
-229212277
1268550702
1804086434
-1590235794
32046870
1295283102
-191739635
428026916
1369135818
-476840647
1019313974
-1117751172
1574415587
725878827
-1559465050
-1502637473
-1655946758
-491528197
-510524719
1827090744
1179491190
1578663916
1382337199
2085130238
556901698
-1536022362
2056075658
-1610467983
1077678784
1671638038
555562521
-901743453
1388254973
-1563618415
1380824270
2099225017
596831269
1977058367
1162858092
-1486137614
-1908810184
-1252620874
-469750821
-564910616
-1456616195
154930917
2001001279
-717020906
439310647
-1256522445
-691346874
-1065834087
37630230
947902951
542777793
-424981190
-580571152
1329992137
-280273290
1168638124
1039942960
1662419722
-384466125
-1773848047
-827500914
1789298016
631533606
-1324437566
1370001792
1125961845
41741164
-551043249
-381165585
645129345
-1546221849
-834748220
1311274030
1158142261
806195028
-78919122
1539088423
586659546
1834768539
-1971738787
-1379439658
-102711878
686586729
-1019213334
-1168728325
1996242878
-700065797
581055867
-1410911733
319746136
1613394493
183872581
967531111
1864552099
-1119126765
751345618
1202234832
1962085831
-1523246347
2142775812
1490540825
-159146078
-1315712575
-259878311
-371751395
-1814805084
1456439244
1000481647
-295858957
1379486714
-903517127
-176073526
-1516045216
2095207150
338418830
-1155445547
1036584332
-1413887348
-96530045
1813511974
-1293093127
-1555168119
-251609827
559639302
-1752403280
-1071710112
454051323
396607023
272257980
-944089666
850619376
-1064935465
129496796
-322903776
-1198775855
-1358419987
831380083
378017465
-2047758193
-1417328990
-1015428669
-1144840296
-330270841
1001496618
1085802330
-406969078
1834278424
-1369661245
1485843147
91778620
920341110
-607138570
-1159354975
1636840485
1659384253
1800376860
488055697
-1245884510
1418237257
1891244835
645347822
-1664735774
-944996028
-2101858926
22813281
1185707779
-2129502081
783307465
862665944
-796527875
1165179269
-1678978675
-1331612482
206485695
2039294189
-1217840188
-672848531
2034377623
-1196774160
-574319492
-520451616
2133363414
-770009542
1696682545
-509918291
1691277235
284537348
-443760305
-844159695
-842590865
-506691230
-1340372235
70609676
199188410
-660041255
-1820236805
449304783
531551061
-1670231244
616966198
-1545179916
-1485937417
1015367319
337307130
-877273074
508412532
793412308
888511967
2060084033
-19750372
2119240189
1707260616
-1975823885
-1965874079
450026553
1256687137
-1093416253
25308092
-1239600165
985734247
905929657
-502346032
-785353040
-385899027
-1655607873
-574207794
-1487050600
2138429404
-1736934576
1371147291
-1779797161
1299251578
-1202250130
1809963824
941954988
-47306321
605426137
-1932784702
2029050787
88408261
-778878595
1936480290
-903460313
-1976980881
-657168853
1589371621
-869672997
376611852
-178575220
-2031923001
1313587497
-140489940
-1012662446
936516812
1610560922
-319305646
1207450799
-273380696
1829266536
1994088955
290389770
1324079968
681983569
52853727
243267824
1799530544
-2034892627
2125710966
1489388616
1599178671
-1424237118
1368941245
-1413434166
1202086192
-1600301481
1392967225
-1811915342
2072187499
-1240524666
-277206212
286080688
-986821795
-1937672234
804616550
970214433
-400833428
2016662152
-266268050
-1846458748
2145333965
-1178044367
-1023680734
242881830
1949277994
-88611448
1998354604
555259936
175571582
681273729
205089302
-1952766589
1321487683
1674872730
808814095
-1141692975
-759939889
-392713356
-92973842
874283950
-347626757
716571044
-720445705
836756182
-589036539
1709935051
347428573
-1022569903
556117687
-1825327645
777414792
-2098696731
-487017784
-1997002021
1282879512
-396352820
1423989121
1561491046
180034856
-917009497
-374668125
1439878672
-1545648554
828610482
592091015
-1882510446
-99028733
11825464
1818742407
1245665894
-1418833577
-837626040
-1177999204
-1324365156
931972743
65855144
-687061176
838745326
-82831526
532237833
-1061492554
-2121753582
291664616
-877131396
582148127
-1970825393
-1298843227
1619607844
2137698414
-1870409133
1242485405
1299994413
286436646
-661799358
-1108733696
1058189564
-1423129213
-1802407918
1638395361
1514268583
-1338810913
-2099181547
295475770
-71038041
629791575
2084929239
1938631987
-2072252468
-2038970962
-544281815
1417900707
1910419312
-946232464
-1751476867
1479646678
1655890927
88142938
559311989
1939334288
2022260054
988737017
263106229
121259602
2086236761
-1498685808
-1127490048
1834288091
870955914
-893953474
534007682
-899511567
-849982008
1764464224
-1379537558
976083552
1097959413
166762292
674364860
-1378311613
336381931
838996926
-1091698076
401384577
633674415
634729454
-1083570547
-1090250342
216939495
-36074238
-1769083597
-1509089885
99195017
-1109196759
1577358582
384330127
1440630997
-1392484504
-722148047
828628143
-2136853116
622656705
462821451
1637194363
-218899391
-1492547695
34461516
1168425106
1881630552
40557625
987495091
-1873217281
1432423597
-2016171519
1627456646
463105213
2007099374
1614287672
-280385623
-1465918851
1418445836
-2043106401
33222771
-1021258331
-2095872026
1572108551
-608181634
767455644
-1063175609
1256708663
-1821204546
-130753212
-879242990
-564627436
1198025940
2014098119
355352508
2083300603
-2054609244
1789591446
-2061076231
-963719567
-353370844
1745569967
1501976505
1503913214
190613367
-530641122
373400405
-1901732267
-2053601991
1216518341
1812177669
1629599160
1734861084
32440670
-1657146219
929730202
517851315
1590548417
-865494440
474602885
-1186271859
-766325918
-1846381476
-166806723
-156875898
-1664864738
2029295839
-459487706
882036825
-907850186
-2041692160
1060976098
-1422237576
603057307
-1730136391
-1577384642
1096693023
1302483819
1655835916
863852110
159121318
-837562181
2121167740
1172403413
-1997095402
-1009411689
-12354626
-783803669
1360547071
-1157211834
28946608
199220185
1505346184
-683216687
-1513080438
-1150232249
1940776647
-124048698
1423670354
1443636889
518675795
-1833212103
-611912811
-725385579
-81701866
-1257864181
959589203
1383345992
-498676889
-562854546
-856942278
1811570730
-795227305
282509991
-321960937
1959794304
-293922230
-1849255146
-642486647
896375809
316688585
-1851263117
1046001911
905391036
-1295309161
-1154802854
158297795
-635565768
-2011499263
1795525384
-186191169
2027513308
-108139910
-113374874
-1523876129
1979562129
-65086618
1328280135
547990320
1795124133
1549016118
-1080331026
-847384567
-107477774
164753588
1033663186
-128084097
-1261228993
-1579934561
714737316
-1483156963
91960293
1666673018
-776669296
-1629691180
1412630453
1526019488
-1791255357
-1487366608
-2147113447
-1442815844
-406981331
-1957398323
-1978562696
-1517016905
2095380359
-1888255736
-663185441
1278922193
186670743
1441275896
-635197731
1960512884
1588491698
-63640161
-1536003667
-1392980954
79014274
1506763868
970959770
541491198
576708873
-1334943836
120760479
222965881
207872741
-181054991
844009037
1135746957
1466518229
1736992249
474558193
1310879742
-1787309189
778370851
-428739851
738614513
7010403
-1562555082
1905489030
-1518020930
1768895556
755820371
-1505709705
627153162
-367108220
-1010327003
1990784868
-812577261
-920325375
1168315734
-193204710
14062413
-1833815282
-955349948
-1441176522
422179630
-1735293253
1278483956
-1411464693
286926918
1995145049
563726406
924731080
-550453871
764499004
-2094601622
1047163866
-1363517424
849204930
-1852314990
-1465759089
-1030851179
912466580
-1044426007
-539934725
230214879
1112313387
847237570
1354763039
-561661210
1355849622
1567197460
-901664442
-811452042
1543965049
-979869402
102397106
-1006183678
1462957144
-132623738
-1290499720
1182640049
1171396629
-336602305
-491735896
-637519939
482699703
-1790962870
-216057424
-835936515
-936353428
32314436
-1039156735
132447679
1324883152
1043900513
-592647438
-82392357
-610541201
1743025312
1459832293
1021586180
1974780808
235934272
929044136
-1640306335
2013426964
1180355441
-752317412
2072634715
-1731755770
-1273499825
-528568549
-939587144
2107078355
1205858571
1157915543
-1899683608
-455226829
1538770539
476764158
73013919
109865769
1437284724
58656485
1921750691
-959620543
1867391332
1011494628
70306022
293780760
526628581
-1209572162
-946468137
1477785377
-617973888
-652368955
-922767884
-590837083
431901775
-639631236
1592714147
-1546992117
1290397686
197910909
825019970
2058518873
-1428451373
-1160289635
122490748
1063579642
1791018100
-1210038707
1956276190
530893505
1854897481
-1863444157
1265974185
-283683283
628812698
889220184
-1168830231
1788676334
-671287110
1265387700
-1105503546
-1850763608
389870461
1633305127
1903633945
1901028086
-114351898
1562954714
-989955262
1546035377
1481647141
1837937446
-2137290440
-1456955023
-459640385
327410883
-1841762847
-2124932781
1384333838
-2134056923
-1334202461
-557360388
-273697044
-2099806942
536788026
-1097740322
-487970645
-1437997097
-276496181
1304309945
418041415
-1954613556
-1874563271
-370326939
-1996081954
1930510166
766084279
-1833887026
-150521248
-52917188
1191716255
-1952107970
2040627074
-906650979
-1736449407
-1574976287
-498825993
1709326609
1932982909
-1076279162
719775714
-247831283
-242045227
644807331
2078568837
-1252760949
2137570237
443665051
1451290174
-1945777687
-1852896651
-1476189118
1397555124
1700501521
283898009
185949856
2110348877
-405058343
1819971767
-1434594572
729300451
-1856732243
-790876126
1264771068
-1286354506
614527595
340301317
2054184307
1318841251
-30739826
943507386
903955419
-866332010
-336529267
1214821980
-1089106820
1899162684
-801202811
-44977766
-2141745749
602424829
-21356779
438875086
65296207
-523073239
1676638601
-1917789363
-1199647839
-929560976
-26181575
251897088
1443737650
511018135
-2144102349
902151219
239096626
1166394985
2102458647
-214404180
-1036558098
-1893270550
-455567294
868301823
1794217370
900305618
-1887886801
1078045472
-150603952
-1590224327
139634201
-114300614
-1858034600
2023173518
-858400797
336107198
-1857568343
-1620862259
-1287975876
1269858237
96619952
781989873
-232107266
-1225936774
-1630348465
1855855526
165696471
-897269957
-866879192
-1719063230
363974954
-1744806049
-1251456742
-1638252554
2122970423
-1678339659
-1698264053
-1632686784
-1306669704
2013267466
-1825692184
-2037538141
424777806
-1429503485
-42344983
-304310630
-1594701604
889217325
-1634541799
-1446274871
2092164403
-381648302
250363157
-1067290250
2072355503
1238054414
-1012170477
891733046
272295072
-2075655519
-815889627
-1167283733
-1071939285
-1655090939
492770239
1120040429
-991694734
-821799101
-569820810
-1204348282
-2031203853
-1342385151
-1863252214
2000543908
-115133395
-206016673
1368477094
938043081
-1994937720
-1927883516
45920101
-1386013883
480689526
615046003
-1313941992
-1608276569
-1180389164
695356578
322163270
-1497107599
-700769130
480715725
-1606949261
-628761590
-1219234909
-6400889
1668432549
590254072
-1737255682
1010921233
-1811844061
-1732491442
-339719387
-857623058
955813248
1411638114
-1007166019
1976596662
608717527
567965635
1123686766
1252116522
-127945129
1555689065
-1332121076
-2015504504
-946597631
-1257293010
80814839
-1588158687
1461191600
1905513085
949121475
-1164143576
-1790550951
1710970696
2136012570
459704779
1417993108
937014335
-1416621599
1919815559
-1924671909
-701164482
-533600103
1333977272
50835472
895118854
1634376967
1856846191
629502148
1455593263
-784296425
-1822415737
-372507723
2134970973
2125267965
2033850106
1630513689
-879424335
704512669
149122160
1348881945
1476935298
-548536787
-1602250472
-2115116513
575578957
1325022743
18818235
362309716
412433641
-2042840541
-756169970
2004336228
1289573886
-1515479595
-1044832953
-892573308
-1817905224
1654857235
-668851982
-1907974475
2008319670
-641432309
-225187836
-1374090423
502577992
-1241540525
825790000
-2108612186
-1565562662
-1890992815
450201465
-991891895
-1999583062
-394756132
1593723912
117618958
-622445631
-2098503901
-1650102977
-916523347
-1477265376
587924685
1778477069
165760647
318788920
140659297
-1740912509
-709773149
1859759007
-1720209176
1303802535
1905457138
-20120575
1288974033
-602135416
-1221069606
1292259668
135165971
355370386
-550126607
1714229839
-1048566632
26564387
-1655692023
868529692
-1950590759
219650653
71001708
446140491
-1724525371
937475901
1724717160
-1687295990
-1526952729
1812017388
1933274381
432197267
1364799942
159044437
699506740
-246716187
-393262705
924796407
1852629955
1866244278
-713768975
-997261317
-1325052880
310800551
-1692921784
-150627959
448430403
368787385
-358846979
-1735338410
-1798031585
-607322113
923111211
85280129
-1432177790
1915815061
908262790
-1017345377
1085006667
1620493008
-1503325832
-677993452
-2007645124
-85134666
1633942412
1501086372
-1255725311
271827632
-863797233
-1212578231
1120144753
1381110397
-1834727180
1314108486
291186963
-368121494
-713166344
-1175078277
93208034
1517263807
-1320471802
1653969915
-113808044
-439463044
-1541157669
-1501175077
-1341543016
-872157115
-1309271059
-2015210676
-1104482017
-549752167
-1597213303
-1124688916
868926046
1941202506
1965601594
447000408
-945793071
-1457717207
503484529
-486280443
-1083743166
-2122063104
-1717846430
196906832
421734218
1701625796
-2111385045
-599839533
1583579672
1167213835
23884091
-1255492871
-62909327
-460123717
1735155697
-1657349164
595174903
1282318084
-1347529085
-1642876627
-999137363
-1735240305
-305086431
-1441052964
-1498310214
210125303
304203865
-474724774
1538277740
-1672733576
-1930339651
-1239867500
-1661527168
1031444453
-1055852350
1444999937
-966236513
1783245791
-840922646
1709476086
-1826446804
-2123903421
1033210405
-1729435080
369261884
565530596
2002532980
758017491
1655058917
1063669881
1019787215
-1056681943
1362415803
-1553728039
-519562167
-1140971699
-900710249
1842418277
-1667232143
-92419951
-1312754022
1680524996
1418552058
1445557085
-1311331727
-1843746091
897103005
-1174973118
929663706
-1931961887
-1648224707
-1134249138
52147813
1799044624
1502823244
-555842399
-130876289
-477571298
758772333
61188672
-1335940436
-1828636594
-100520358
-187437016
-968791533
87372190
2061687048
-724429914
1926066495
-506537925
382516488
1943145189
-1142583773
-1447992777
-1467035344
334834120
153013343
-2020701832
1447596666
2012168186
-22365247
125479411
-1098016725
-613088190
1111005965
-1679290598
1575732791
-355114725
-1837634816
-268098413
1052230115
218265219
-335368814
1593867817
-853963604
-2109184749
1712706940
-395252985
881682791
2000500303
-756897287
-2091972574
-2002030679
1213625919
-626253105
1439761911
1531605352
-1270459842
1519354000
-1605331594
1547245282
-1693757167
-402152163
-814862275
1829917885
1924855866
-584126357
1562652681
-731864977
-1295977842
-1480874615
-860919447
815105759
-808350715
-370205727
-111526476
-1684960948
-949512495
-2123349827
798119996
1691509870
-963441231
-1332859635
-1719629117
-1860426278
-564197498
1794102119
-1612874451
1020507050
2104152102
1669466702
607462519
1216850524
599472751
-1362790730
1182151911
-1215384326
1753644959
514988743
-1949695099
-1653554309
1930313699
1954450657
998542025
-1035811991
-859801555
-319481120
398689941
-1905082685
1561428298
-706650720
-447816860
-1107524316
739142707
-624623421
-1598309180
-1612889308
-2000138334
-1532312911
-1728624895
-1289835523
-1985062168
-1596264224
-1200324574
-1657235087
-940195331
614786132
159708185
940721643
1099683544
1436893801
1730306101
-1361410844
-1744837631
-433519152
1961042394
-763323000
1670880355
-1060531242
2117753972
1594731416
295318630
-1654758932
163580585
1689823889
554399805
1613033315
-2142474547
1485672206
2060546939
1254627190
-1267362149
186782314
-556499476
-369361011
-994777568
1582896297
-934100574
1240737216
1550179834
-1478510440
-308441523
474829721
-852586302
991796786
1544031696
-480413410
-1636467770
1023663940
-1120653808
-176704499
-1164986629
750563924
946066446
-825030807
1015918641
536336319
-1639863241
111576885
1832641928
-1632750303
-1326044166
-1409942401
-850373854
49890040
-896362341
1823884703
622102553
-599707509
1512384327
-694094144
-1301834061
-875634168
2036763239
545455775
1676825556
-1040372500
-1692237768
625628050
-14968397
823588519
981612187
-1143804724
1827766737
1537612158
-830957527
263424991
-1005073883
567358387
-1342318966
-2075190655
-98903653
-895171356
1321780742
1953996946
680138687
218512816
67755612
-1975773603
-1456239691
-959060576
647296210
-1270180066
-737806740
967752515
623117197
-320555069
800971795
-1979600230
1529778722
570164726
1876242635
-2126776906
-394882196
-488049829
-1653302115
-58848353
-198914913
-695291626
1906346669
-379319944
-1352918627
-119357553
-741640272
-2017644064
-238280056
-789105031
-191220837
-871127398
306271896
353569039
-532804964
164302959
1589198893
-380384608
563349837
1990680914
1616872999
856209230
376950823
50009285
-1991692683
-2018573038
-1985238476
1808700028
2030630380
1987297538
-1633756408
1028167487
999346521
1050655958
-495560719
-1111898092
-1602098215
680939688
-1421123475
-617884772
2035136103
1649931514
-975787557
1215743421
2006965429
1879439613
-1309273483
-236621439
-458083520
1962203408
1927679870
-291760835
715715230
380565894
-806925641
-1853711115
1814483994
-920532564
278668055
1554392830
1093526402
2118882057
-51313478
1662758629
1281038910
207648999
-1642214375
1101529743
903354276
-138318830
-864180102
-737188447
-1019245941
-2105010465
-1881263702
1580304161
577118238
236389743
1153279210
456961373
163777521
-1672638924
335248678
1150106635
1498447193
-101499212
-1023550868
1132263601
1265473015
988205197
461466779
666349895
-1143949930
1591274168
-76491430
-857659110
1546792758
1662726929
-1854163636
-1598918670
-129713304
-1483705322
-504047487
1685260151
-569230372
1515379439
-1677576657
-468419888
-1574394824
-747531859
-1331644511
-1468183412
1634475050
678902230
1588132463
2080005829
1109438144
1249839905
1344373230
-308528766
-871425290
1102486141
2029915114
1018680157
298686864
1518767448
489880722
2132328549
-59855830
-1417888484
1727993267
-722670779
342182285
1404473085
1706880297
-481280859
797899587
1211270129
-55519599
199283919
-1572224915
-681818880
-10537917
1126874006
696568275
362196925
1900176255
2068064882
1259889468
-809785581
141998053
836883695
-2120049153
297905220
-781829590
1404883784
652972249
-1271692241
1004871176
-1197862065
-1129496319
723938513
1003168630
-2049084529
1288210553
824157965
1059411737
-1215238989
280071591
404904111
-35723783
2070572329
695443492
120261294
-109643656
1692486402
-950694190
854476721
-2109421441
1728999451
-551236813
-100393260
1378510585
-283073407
884927993
2130874027
95020164
316709649
-1412009768
-224060282
-1420308123
274113631
577286563
-851436554
836847805
6171609
-1859612010
228747920
227212026
-1408146645
1585597424
-1938775056
309455759
-1631993884
504513221
707858944
1076745703
1771581272
-642647791
871357818
1358982550
1453466824
1205562128
-1294515542
-105124399
-1719736896
1582591436
1586482808
1262398496
753055936
-1256660234
-990320731
-368532911
-1675896290
1972622841
-1677055915
1598759856
-947954902
-1163602356
-1867363379
-1608371852
1822576530
2146444039
-1215253380
-1096146309
-1288835832
-1882358855
-961360321
882610745
-354189023
1611836023
-1303457568
860015342
-514891392
-332129480
772384479
809967383
-67618253
1476858976
-118621067
-2062948826
2026528348
1461085338
135707349
1588334708
-1605042413
-499934742
1802466228
-1706785162
1047096459
-319023615
-1122926325
448841519
-1408580237
1621791699
-1494426341
-7570971
194951326
1174598247
1742206641
733210391
-466207515
1991203053
-1592654421
1073777837
80700236
1950550037
1006085050
1993228657
-488659101
-1048023907
224505192
1498061757
-2104991250
-955955412
1830989660
-1565028490
1221411271
1861811550
882336733
-1570408648
-348197117
482764831
864224404
1202191570
1930050644
-520375492
-558336875
-1353935628
226396845
322970167
-996309344
1867547175
539247403
664325722
-1331305565
385848060
-458847437
1374859790
-1665706621
-159117432
794924759
-1695443604
-431916517
-2071754225
345587069
-2132234220
1089413764
-638875906
-361646910
1222317118
-1569201514
650915870
-755067493
984561422
-1233349457
-1773238522
408588221
983706155
650237362
1723255506
1727819583
1841060497
1204272466
-1942289135
1856264316
-791484250
602822288
-981405181
-494510530
784199051
-733307774
-971655165
-737815016
-1810021963
-28836011
-379248062
984026898
-225797957
-730942060
-1763880267
1309888139
-474937744
1332174249
692526928
1852127067
-2085666508
1859695524
1193971316
1639055159
-626313849
675569467
1536829093
-31058343
-858603810
2027167249
1832322431
609363296
-1620141638
-1772564934
1206579690
-1884322444
-1100356875
-3072770
-1678451316
976328365
285325406
-1226449443
-575174273
1026267317
729140872
103173587
-863944125
-2077693525
1875644383
867092189
1048504054
-1211117750
1984338171
1904781243
1148956610
1304768074
810329656
1555723254
-1137547370
420074502
1266435717
-974426076
-1022620393
1655715422
-1616648324
854474346
678629081
-145502754
1992298163
733626177
1839306441
-1867944417
1661654097
-1617708419
876910830
370294893
300937955
1822364811
1286904144
-1047444311
613515376
-988048390
723541303
-769819535
-323574582
105282364
672463768
122233981
-255925977
-844137812
127008972
1054384203
264879343
785628883
965712259
-1452672002
-504632362
-597352730
-1161299721
-1040701309
-1404550867
-1426641005
2079616612
-2095884811
-1217133451
-836485636
-2084446794
-564522942
-1661764811
-1579649277
1405587332
-984284658
-535512051
1200733896
1577487421
-929988137
-600039670
793181295
-299436384
-2131407527
1343676218
630316582
-485746319
1376261939
-144850557
1357011301
-105964439
815123145
890950832
-969708681
1958450285
-1311331732
-1811767604
-282272198
1281909507
-629625928
983714739
-938076894
716871937
-1263028675
-1825984283
800728707
-1593356154
1198041185
-1682883939
-828521201
-949702098
-407550331
961091106
-236208740
-720791168
981825637
-1356845732
-1853551318
-325153621
1668577476
149342121
1408095012
-126223502
-1946756281
-176561167
-23026714
-471008925
-129987423
-1440636937
1642463103
258271054
-2033700624
-260161294
2095444151
-1871069195
-1657306010
1323610459
-1652156333
-1673004032
-261184981
899975176
1879484567
-1930411725
792352130
-2134971270
-529197813
-368684830
-1363420886
1043786866
-197952894
173795747
-1098733306
714675913
943719255
-1825861563
390023679
1893822337
1775750137
-1066241023
-469750743
-37482218
-1094382678
-209198609
-1856500956
-1043460326
-782203517
586415035
-639668028
119107072
508200379
141469080
1517895156
262685751
660598568
453697395
1557945815
1713920122
1689525508
-1021182612
-362608849
354537830
-375350028
-1227525247
-1371394046
-1649882548
92800326
-130733940
-1420683398
1607655752
-1376162950
-1669102481
1757088269
-508620142
1857437443
-437277300
2020066269
1049589011
1005882446
-1850627717
1011946848
492416059
1616112643
-1023716105
-1697862077
42738449
-358899062
317482776
272839307
653485195
1270658000
-437849145
-867172867
1072440607
469430090
-897244819
2072984000
-1094463079
1523333177
-582482451
478488640
-208488657
-1876062672
-1323114796
-11285676
-2113398574
1679923667
1065687247
1940015266
-1789803066
-234569248
-977741220
-261377982
-254933644
-39908237
278070724
-727643743
651160702
1872515205
-1781733816
-2015049049
44789524
311917493
1529805978
1852054812
1086309509
1768812619
1110941326
607426119
-1953763303
-547602567
39804433
31671512
-113081571
1119208419
1204317017
1598830855
-552670146
-132325280
-549099938
564128508
1066395674
641328898
376918920
1072571249
-1238374636
223013971
-158750807
1424247445
-230851481
583469793
1829674797
1994866995
1479748221
1945361149
-269658993
932128787
-2034294655
1525949118
-2106177010
1259190688
1829813554
348324428
30038688
1164843466
-1845826822
603922522
1091257895
-1859698643
-1395152577
1218288372
831278306
510156914
-485861641
-673922950
1001164325
-820448011
-725380478
1443550443
560733772
-1224978520
713212595
-829069465
-1889007635
1946342710
-402744017
-1227228178
-1560761268
382813803
1507802618
1814629741
-1745799405
-517424174
-951475122
163097595
-315221694
-44025953
-1726289
1857305439
944488291
-641011249
-1744519109
-1750395435
-1537345790
49595021
-400481978
-1291839727
2085861212
-766488873
1213340966
-1583852668
-662027946
-1836524703
751551306
1948745693
-2096248144
-2124158535
-1152573039
1046269138
-1076549510
1732051883
-1144932904
-1541719265
-186045242
132667622
-846207787
1846848462
934783902
242160351
139954723
1523527865
-1000514760
-18709771
1870722461
730882381
145818472
1303482069
1160636910
-2111654000
-1701990315
-1128399073
-2010943384
-1322960540
2122374255
841323593
173839893
-724176372
484230560
764216771
811820555
-632553489
645816769
-50770084
-1114721020
-14796132
731489871
-1406799645
471372333
-2017479410
1825970014
386728977
1793749310
799776816
1429262797
1681935526
-1288085046
806244771
1622705338
-1275025711
-19011625
-1338936643
-57995720
-403474476
1928874417
1389206485
516140863
-752089881
-97818885
751034301
478415587
-851913635
-1413124858
1491471247
1076978889
-616334075
-892404635
698130092
631427798
1515423698
-1771138112
-2002403583
882136616
598427582
-308849688
-954684020
780013385
-2109748246
131559724
411926302
-1691483743
1555779593
-578034198
1543576930
-1837753811
-1265905921
-1073464728
403297309
-2010682002
-294282300
-1619364380
-1636766025
632217763
1312564366
1852869865
-645256711
557232697
326190127
1766187235
199884311
1483969922
-878852677
183280886
-978844431
612062629
-1409548691
2110798858
23789717
-9554987
891789770
259712042
55592456
-1147439931
-2085342201
-677756146
2090373190
-111357605
-1546797401
1961338870
757104518
1953218211
169716584
-1519249736
-817149759
-1775320826
594012511
286617628
1617582453
1470906043
1290977377
-305443993
-1491799131
1991476604
-1408371035
456611125
1317996069
-576456835
1496591527
-426096757
-1433484013
-1757047911
1703646030
661901100
-1650145624
-274379570
104423504
-1328745941
-1769822160
1528489195
-364010283
-525743167
-778535082
1019559559
-1807521190
800764256
893492133
-1188734411
-915719720
609359112
725441611
-414223627
1985245477
-1507477288
-1028055521
514649580
430705305
-373880857
1727825380
-138342057
357415667
-1683511212
1343859407
923645629
-1985050242
-1963156837
152495430
290745444
1486243439
1319336490
-2111814166
-1958495739
-74480751
-1682787533
-240453417
-1687716670
1187771171
-1609121341
-1789585110
-684814761
1689604352
1978387987
1190181059
-230216816
524368384
-136037858
-338616245
95866362
1554027934
202503283
1616743288
959016157
-481724966
426878028
-2007177841
4151656
2145685856
1525940958
1101154858
375401006
1687534570
1102247410
-1023783365
-519280175
-1901526814
214253492
1622496592
-99681028
-1809562550
821876682
858486552
-1551207530
-128479776
2064204200
-430261979
-1897023181
-75210116
-197626846
1149804786
547281102
1482084285
1118185026
1423729192
-1679702091
7409124
1515361627
712453404
7105476
1106566143
177674333
-2065407588
-327659307
-788268471
67114091
-267146773
1312145782
-1679595824
-218552662
883638793
-846514467
-1660731304
-449734820
832630582
-2042145768
-1243122817
1600940588
-101946439
1251664008
252417569
-523198517
-1525789987
1226012047
899585277
1963162811
1129486652
-1616456824
-828827752
-526390935
-144261825
1508512247
-243548575
-1321517183
978213860
1116675841
842047253
1817778301
-1388624446
854999582
-748838044
1958015359
-1031229366
2118686220
791391701
1281472609
-1537589426
1131130374
-429872922
967611913
-2006736185
-647112139
48817270
900827649
-1922708270
-535969945
-976329369
1936042822
205194235
1761031678
123931519
-708566433
874206654
159032362
-1119047282
-1056427855
-598266550
-1088207014
-1552897066
-693118703
-1252126072
1860444399
212748454
866647451
-1144793766
1574599218
1294874439
-1665399103
-766072537
2132816776
-335087332
-462395482
1216148631
1930908388
592756996
-1877961812
1748621723
-314866308
518350083
-47302325
-811353681
756910271
-1199618528
-1101474268
-1266140573
-923292027
534008464
-1565394859
1655541271
596242568
1235256851
-2123120370
1977156869
786384658
797281437
-440107932
-323016061
696596215
-1087673543
-1584700827
696382089
-1629893946
-582462678
-56109716
-73024655
1554213691
-2035285165
439202229
-1632753666
996756215
-257074216
-1939963341
740300192
1798986098
-1997600764
1128312480
-675925260
-1896091344
-159751572
-1238173994
-1385563503
-600263374
1051064149
-1611935907
-1161095679
-134524497
357517650
-214338748
473656589
-1714940925
748010545
-19873996
1665557821
-2021421593
949930519
-2067387967
162403742
524531683
-578427158
-399676157
-47091003
-236173568
316454382
1712436581
-558188780
1917725120
-951683662
-1883149892
-187331781
730685522
-234633683
948297883
1900065537
2114954241
1710370083
-1584359707
-328777148
1869189614
-472580915
-1720927326
-1949721026
2129087742
1056145592
1239229718
1511968521
-1196897515
829592812
-1392770289
-579148444
-333889149
1804471121
-906829186
-380667721
722232510
-868711602
1878447689
1139245396
-1270649007
-1058105421
-996288161
-1185934593
-2117655532
-537622824
-1906328052
615758768
-1331478627
-1442596602
778452622
1564904086
1600326902
1625278741
318046951
-1724054689
-361361008
