798375576
-1543823327
-503641248
1188515572
-1091274387
-856949048
1128319838
1752050059
-1102973741
-359572221
-148566453
-2023123888
1888718261
-1302800677
1257575832
-395940771
-482278660
555200282
-1567047043
-1887403888
727936816
-1503792607
-1884102081
1682449025
-1903216539
1733849592
247691957
197874352
1851955796
734916518
-746333432
-1886848002
1282420423
867501507
-2098432839
-627576226
43980858
631613515
-506412824
-189617972
-1047481665
-2025697868
-889342510
-126627203
355856162
501355841
1670090907
-836803753
96255052
545685144
-1210321075
706126755
-90168596
297567890
734639904
-1798485248
-986974381
1102200146
-182476037
-184494438
-1049672289
-1949881960
-188721606
1129483932
1319558171
-1603334825
2034294705
2071457506
-1663330330
-1448878204
-782984975
1111254771
2064013265
-23261392
-1517769271
-70605522
432388493
-397450280
733091855
-1839013566
-1462762234
-1130754309
-1017572448
101112291
51243529
926597869
93933220
284916154
-588188628
1860952811
-325166570
-158640228
-731719442
-542302098
1398283907
-1602976258
2010711068
577247684
-1787078383
-417372760
-1662384522
1126682075
-1231133502
-1738313815
-730281326
-2093811360
-578628614
326773386
1029944321
1355198728
-1834967490
504348358
-1796993873
-1943024340
-2029001154
-1587290504
-5479281
-690554213
1866112020
-295373738
1452984183
-1111718741
-208699442
-673526307
-1614942904
-2095174511
-452704215
-1319815986
112904273
466788850
-875761249
333851608
9573876
2039181497
-662013532
636928662
345757066
1558673450
194218539
889238715
-242693757
-431145161
-1625433745
1441155211
1335387858
-1004160494
3621359
-834330484
-1691101561
-712682237
-1008085319
-2051541891
1392831933
450517115
1775663083
616981895
1688879029
-401278360
-2008700042
-947822158
26717763
506376394
1466351141
-423769446
1690639464
842766725
-428773155
-339324063
-1211947200
2139753337
-2049001946
-1837577753
-1125644002
-1375623985
-768523287
206716728
-1966798091
1194617493
51314043
-1221541050
-1925765127
816434573
-1359447591
331917271
543934341
34908225
-1795413451
-1791590720
-1940082370
-1079866789
2006377649
1945519955
1775542137
-1532762829
-288630935
639336213
-1354755111
1991372200
-543545417
-1272116812
-777760196
1987069746
211206577
1086530615
-1219451432
-296367049
-892003338
-1607149706
1014781088
-1429665890
665973674
1619369421
-263854868
915551138
-742439746
-1483001844
-1867605672
-2073177624
-1790901644
-1848726095
-529053973
128463058
1033786402
1818989656
1483860348
56324629
-1994171851
702691954
825072208
-1083251064
-1683243144
-1751465675
2014891272
621794111
663657110
984658387
-1634732359
524874712
-1431804963
-928073234
-536018084
-1327542764
-2014837948
652557130
1359887720
-2081412439
1452292783
-580017469
-1735291971
1664436053
1269756016
1436007042
-1670698556
2106693174
-1436541423
-576885909
-2087895597
198843992
881485648
-934501927
-1027083819
1140052367
1948228970
-1910617715
-1226837463
-593990777
-1261718884
1093440739
72578763
2141302297
-1147084314
233440070
1610889905
-1227125025
-839381231
-1164059931
-159447689
1179855370
-962026765
-423491162
-1207981251
-1071542670
-1322555406
749314394
-673536305
-166807826
1232087750
-1432984782
-1394363897
-430291739
2103845762
-2683278
1476067439
-809709531
-1900844332
-1913690524
-1939800022
1183703027
672661387
409346958
353027347
-819469982
-692248487
1860453414
690979366
-1721454872
343539162
403992517
-488000226
1134722349
-383579948
1600676443
-1421023136
-496352986
512319680
1339396707
-906285289
432923490
-651942263
419006039
2035531679
-1608133469
-424298605
-567702172
-1912188890
-1673865296
1222317310
-1225207967
1869420944
-1537076119
-74187989
-1577392131
2009703579
-1377908708
196504958
-1271365320
-425802428
-1925306602
388545125
-47275756
237267048
647447419
-454476903
1871224459
-445114451
-1864233639
94066339
-581963325
1710708642
120963067
1120240034
1783387008
828326948
-286240645
-211529653
604102617
-1306587388
-1345474150
1144180016
190984238
-570342170
-468778797
-783768764
1411424344
-953549717
540995757
162716573
-269929694
1722176402
1830945873
884224892
1539099128
1487658843
-1875480485
1336299146
-1163090978
1399648685
-2129611532
-1689958044
1851414435
-800007816
1495221536
-1815908263
-499073707
-357727970
-1456418988
1083907698
639466231
-1055781106
1102969675
-1812920142
890906737
1963486386
162574617
-977700450
-1915797817
590206859
-1200603777
-923320066
-1440070002
685826201
-56957055
-1047307291
1222900122
-1211793921
1850395446
-1682401041
-1681241092
-398060825
1531776478
-225526582
-907177941
759337379
311410489
2011491062
-1174459776
-1702028268
1937505302
823350992
1797490663
-538589617
-1556666839
-1957134132
-664777773
287137660
1847543074
1937146881
1206577522
1545692417
-461118214
-174508054
992680994
355566560
-1612839537
735455850
-376966366
446778461
383709042
1730393616
776823948
1921973220
-740883968
146061468
878943106
1210220840
-277688657
-1267028542
-2140113497
-1854529905
584979881
-1452789203
-2037455919
-847491380
759265182
-1389743418
-212917764
2018299853
1384706262
665734197
-1553073535
914159576
-508661371
-1691279705
-773814138
-607799056
145041250
1878497745
-608883272
-2005141891
-1464382342
729974069
-1541296329
981864747
1492225856
1111214244
-601772590
-1815884526
-1705744407
613497091
1736961396
-544475626
1412755190
1567157585
-1332207651
-852138352
-1279522543
1008164840
-899275116
215438381
1225522205
-943726590
-728563685
1204225814
-729693816
-1853089921
-1479617436
2115460945
1476962786
1588570340
-1660234620
-138359706
818685363
-822531674
1757208998
-379675835
-704854136
-654181207
-482201791
64536166
1192940367
-1239232254
-24292211
572486706
-1198919964
778750212
-1692434126
-1970245727
-44644373
-332165766
-502019774
150169379
-229588256
-406007504
-352404375
-327799356
-2044262549
710805688
-506217373
-2131838326
895057400
868571754
1847903917
1579926049
348361351
-1775826260
-1859607169
964871865
193974464
-1152325518
-2042709000
1062519343
851488073
-397836792
-647568997
976277098
-1771302820
446368271
60227833
1976463367
-1064536685
895911108
-2059440720
-1014012104
-1876708090
-1840564856
-152427117
-690803991
1184418199
-1611424613
-1645186774
1197765156
1509632139
-35605205
856004444
2045472693
1114340957
-149367923
420255850
-271211504
-57482034
1542431689
-543546337
-1412535949
-2012289472
1248922716
-1528611003
1810996807
4842052
1028716856
-2115220389
429134283
-1516460175
-958508273
1490250628
2115213043
-317761929
1083680464
189556161
-1227169395
1943855731
-991673999
-1374447774
384012710
306037380
1465697263
-796881479
-742190805
-1540118371
-851807342
1824017425
-1644877870
-262581860
-214644107
-930452514
-773756614
693551771
2089356357
671321141
1732698449
1070303110
1616896840
343065725
-376724747
-846870802
-1686025823
2085031527
992222429
418791195
-2071510319
-1660626149
2065717434
641630311
1959012737
2145601459
1143703705
859306185
-266758786
-2036095764
2049738378
1520936112
1850285572
-1070774758
-1384371578
-1984202479
-1323795394
1453509468
-1701799283
-550774077
808899085
-1304077551
-1186268913
-164841718
-1637279480
-389185910
168236428
1576997232
794820035
-1222076928
509805438
2058164955
-486954156
-1090185272
-1431389322
-2121783844
1171671826
-1316548923
156379780
94440516
1749957792
-937325539
-176532517
988338685
541411881
-1289158610
876898485
1932579094
1615224044
1987948227
-441976204
1813912351
-1425574405
1995223682
651143945
1905703862
-1775374530
-505855063
-1868431463
-1837983647
1445415102
866596345
-718128803
-1231771234
1600849440
-1149574671
1475041481
725461305
-71409554
-747508417
-2067419408
-1515531812
-61157347
247178867
-184966874
304645100
1885647691
-1037113355
296256230
535421842
-97545145
593933881
-115430922
91472919
1235342422
1431178544
1876959433
-1216711564
-1360937292
1519816961
-1109157085
-772325079
848447448
1176311288
-2005561086
-365707443
948305148
-1980091458
746038204
1708537062
993191900
-684959798
1632547172
1474015866
-2120586563
749472535
890518130
773960165
-352036688
76701463
-725221982
569003629
-1407398377
-1140541977
1232662044
-1327273453
-2080862872
-1911006781
-62724140
-1008053205
-310647759
-1508665413
-1344223693
1246414127
-824419237
-1046916697
-682311433
-1127136305
1437973938
-1566098601
236139351
1358317387
-22076508
-1424083185
-1491979927
1390979845
875899720
-1693481678
510824392
-1433188527
-1264943710
-1216300228
-339787407
-1792883825
-851428827
-201083403
455749613
122549628
-226753160
-442565917
-251924043
2113167812
-620117892
-866763521
232653521
-1882476069
-701289586
1500117164
1526555585
-988925172
-440927735
-1369416988
-595737951
-827739439
1277499918
-2091325516
898863751
2123320421
-705547129
1162843113
-1642220241
62520216
-2086098584
369837579
-1677878566
529205473
1170705463
-490802550
2096561266
-596073799
-733190962
-1289500873
785290226
-520341466
-67061665
71703029
754022148
-1032623979
-282550599
-1884942673
862255083
-1015046932
-1372657719
-1813501812
-933678942
-1919050273
-1414556318
1331772001
1723243589
-1485849725
-1643532992
1368156775
-1230937424
1841977888
2074978121
-30327507
1131625061
104593482
-420611050
-1360340016
458687666
1271333426
-1771333710
1562446184
-1178630125
-619379143
1485845665
1788246981
765783252
-1211097402
925164323
-1330148518
487251962
843621720
-1942798151
1645178489
-1022656412
-1202027810
-549182488
-587631680
1522629164
-1478053562
2046214204
1711730643
1244525650
1902821971
1763149455
-487992758
1658664091
-678854733
873350539
1463752173
1826037174
-1443563440
-605073812
-1030520802
160885665
1616613094
-1779195382
1974494102
-1835543990
-1442914859
1591241238
1541757524
-1883610503
-1447787465
-1511636317
-1763759407
-2019501844
-914477003
1533351912
669731959
1834924995
99056278
524917828
-343228588
-1648727522
1294821272
-566912383
-1959908598
-251297276
706519299
481601628
404781322
-1216659322
-607076998
-2026701499
289693185
-1016971228
860891411
549744994
-1499691375
-803128978
-341474518
-408033063
417160004
1716300270
-1714387598
-855396530
1136824253
-1129478843
83216460
13862826
1456599344
1402950803
-2049574821
1853453342
-858249197
354838556
-1677045417
-1322616217
503537941
1996816167
-250777054
665905235
-297070257
1864403497
-1846223336
1141496963
-1995224647
1542875939
-500121686
-397666447
-152220194
1425135687
552386606
37509300
2050908627
-1888828191
-653915921
-1837904765
-1901001883
-1355811723
372752779
-1757328009
-454819183
1660722211
845193086
-1497989484
856567096
-1470351789
-1059497223
1524498825
-75202030
1971678349
-453174024
-1893184202
-1233379613
1826569128
-377341293
317778031
-1405067795
594654758
2035470739
718671103
-2086087003
-1951004450
2105154119
-1917258001
1294087593
1196402139
-2018213224
-1965202424
274210800
645052804
1400759899
-1996290155
2025690435
-2124788228
1499101414
-356780435
-1089174037
-1854750517
-1765002267
-1225830609
-487813205
-1828491587
-2110791826
-844651825
1780225520
2137831946
-237369518
1430315345
1555441990
968740535
1786606005
-754856235
-181210610
1438107963
-2023101728
-1201060654
1437045357
1519002468
-926188971
1144505254
-1891257465
-789673093
637490467
1606555725
-399887891
1040746918
-40558212
-1767761296
-1073373869
-1278240883
-420978812
-1532574046
-442466426
319852096
463932267
473250021
-118972772
-729969064
-1755853635
-631223438
1716760172
-334379428
692274936
-434840135
607593792
2122365797
-548839586
-1055586394
410789833
-239142909
-815494132
1818017061
-1743667117
-903068318
388661324
-2110872088
-387001031
-1815752024
1035651622
-424661657
-426208614
1011412641
578893116
149425960
-1489421492
378877854
-2093283625
1633870656
1067357456
-1155045991
1930127164
1844801304
-164207609
-76279139
-61043644
-2092122508
2073209189
-1468258972
-1928300245
1501055153
828807523
1718272577
-1050843225
-1466259891
1921547386
-1180244416
48180796
-1296983380
-292294707
-742322037
807942094
1865315865
-175425306
-95969777
-491659145
-1323035638
1787666597
621984606
-961197157
291502504
-1683748492
1061359830
-9238728
1729648781
2130982079
1279036675
-2080305022
-198116914
-1757516893
848884033
1377570222
699749692
-1227850012
-1599863643
-286142194
-1639556889
-204189148
179147038
-290948771
-820075293
-1255184814
966495958
-1278819492
-449298610
-284420256
-236379683
-1395171171
-1756691312
1807515960
2128956937
-2115344482
2131449828
-1682817040
500073751
-1305136872
-1199253480
-1976205509
2123789077
1967273625
1306860688
-1606873821
-1762939644
-2144876976
-188301680
709911540
2111645112
-548036569
-1404226887
-1381507205
-1119515389
100061207
1365653204
-114388624
-1469383406
-1243194954
-1198663730
1059350832
-1490970090
2081065236
113136643
121021102
-1199175642
1171520712
503668158
1300213931
-1840325789
2061155653
30179840
-161540571
-268278180
174388593
595244928
-445586676
-1034909004
-716693384
-571385357
1983105083
-1062834174
-1303461668
-708373107
-93849947
1342981368
995751120
289900230
-601866801
280719046
1830255558
-26832287
1663180157
-1579300160
-1885732538
574798249
768130736
516744766
-1800748799
901902077
-1469446193
2100449475
646502438
562605711
578568227
-1512543136
-1472473101
-918331544
833484424
-452108198
-589009522
1328955567
2013863777
158339594
1456419604
1569220393
1716886988
1125730308
247135730
-956133629
1988013078
-7251077
151338612
759350735
-1912481935
-1423631389
-24886117
1257386188
-1515879708
1681049816
-218071502
-2053475478
-1793055358
1664239166
683344419
-930317812
-2043103266
-1597378904
947977478
-1457345265
1585185981
1014212605
1437651706
12898314
-1742089971
1481383512
378473144
-1833692841
-172486890
-1277146832
-124365340
-821424686
377065711
-697590087
1464814246
700304608
-908530126
1127979401
-1879989639
-399640398
-1737518862
387150973
-1915088318
1507841739
306978285
-977977124
1224544164
-1911110465
926591998
425966269
-1188030574
669007164
-1542160684
1434615718
480791077
-1586714290
-297518872
-1750037642
-156864593
1313702366
-939083604
-1844240508
-97142001
-1363835525
-1413475072
742750215
-580657850
610272860
373255401
-792464457
1487814218
277910693
-297566588
1626313140
-171348198
-1846769431
-163759816
1412491687
-1247467246
84161264
-613630166
630194726
-2132775296
-1686523719
642288117
1216915805
486973558
-1609584190
1927653018
-1338428439
1831312865
-1580553594
-1743569739
-310131193
-756400166
-638370746
-531966734
-677868819
-413546693
-932129524
62526142
148995703
-1650192523
-1814049812
-171846336
-1901155066
1862769313
389447052
-846072950
1988890021
-74593580
1375808743
-2008545269
1192778348
-1205936970
-764105651
1047199560
1841728297
-985499819
-1777069395
-1107010101
-1519790532
-340204234
916848918
-1724681893
-586785855
1514556077
972700795
1579540844
559865588
197815662
1003003830
1277448921
274346449
2069160291
-436295217
-652668208
-505334021
1452191423
1163996285
1457650957
-1333748258
1657783634
-1027875092
253628746
1663548695
-2016947937
-1406084928
37383157
185610002
-2130230229
-757712551
-762735069
997201140
-1087460969
-554664104
829120708
2119377852
2136446448
-184789918
-1036337384
-1592467548
-1532245818
1872941347
-400927647
-709318195
-766225541
1793031574
1611639002
721585178
473160028
-1018195582
459815399
1576906587
813448437
-434751161
912447885
-1563654226
2086751904
1111089882
-2016734941
2054112033
-1204858785
-2011506931
1994095433
-1511688548
-1004182805
-689724653
278350105
-1897364227
1826697228
-153610685
-1139120484
1102797956
-1121294805
1114626076
560132736
611198578
-121513691
-1552557432
2131623175
-1397043988
1371626593
1295395941
-1532181951
1216969508
1297525284
-1520963520
1610011516
-1132823623
-1636504541
580483939
1718674427
1237653854
-759318183
394322193
-1704514329
-1080990278
1889246491
930311695
613784706
502073999
1385528168
-1161111450
-624474974
-270956259
-192715131
-223926425
576306268
-252408888
-1329415735
-1146578961
858286334
-937349640
1326484917
-273874708
-819011005
-1784455616
-779167417
-564102113
477160897
646758081
-1075194737
455694115
-190214747
-747853872
-1042780030
15962285
1210760867
1261121750
-1299449843
434136596
-361692889
-686726280
1397763693
-702368492
-2038482480
1887370487
-706838851
1654207950
-2108099298
1576034776
-470019888
-112996078
724122217
-235034681
-349972672
868325089
-1173415404
-1910122056
-176493881
-19326675
728263427
-1295525298
2120140493
367341282
-1022989495
-807630720
-1916650687
-233020631
-1505806298
-1122235783
596060075
-330722070
-1668656848
1718772416
407917442
-1007646061
-1484416305
-515525735
623376314
-1388216808
1327731693
-95234902
-1542664799
-1947540166
-1113935122
1896554208
-901728533
-1140262390
-742842914
-1096248685
-414100725
543606704
1757360617
316390375
2055476675
-2042839192
-736719345
1615395190
1758769918
1993677261
-2107468521
239143211
290321373
2000586842
-1111319868
1970995056
-1988998897
1908013868
2045587526
1632898187
-1595232667
-1944551668
323961843
-1199852475
-267930716
1040873389
-1412364234
1698257868
-1056325987
-760104399
-2087856697
-253603366
98753147
635194353
652967196
-974801643
1148561499
-412759683
290503454
306568377
-948288223
-895895071
-343816928
397223795
-613730167
340873770
-2119884788
-1060744048
711573884
220949800
241317599
1667156822
-1188424796
233159540
1504601174
509310130
-1091741118
-2033553484
838099945
-1745941742
-862415810
1754655517
-259170824
2114651284
5545343
1500261945
1984037700
-286098592
2098526589
-877784598
2096982944
1550366801
-47697133
1257933998
1480764391
-143965222
634250649
-1784117213
-1852745936
-956194521
-1661222094
-1832252723
-134979776
682301314
-1153684383
512866839
767166528
781528568
-819581726
2097150103
-469048401
-1790198468
530051511
88941718
1694566041
2050866122
1524239488
198884046
-650121464
-1803540401
-1402791921
-53649035
-1591685957
334149191
-564620741
185474938
-628219627
-29351705
1617100532
1586578446
-1360729512
-1865529282
-935810920
-1650081179
-1495216622
-451904362
-224161404
1610089917
419165911
-1969185760
-1157862676
723485087
-670918353
-1905662257
-1000495889
675185252
-819637294
953855107
-663819291
-1263533574
-439034094
-922732182
1289398011
758613223
-1151025256
1531618467
-410760190
132334478
-535170990
-1502845661
598711427
756097969
-1306150997
295948508
615915542
-133478857
-262398979
200993307
1055485939
-742838994
494447427
1307320113
-770299959
-1003569646
-1665431021
-2069831595
1409585102
-1699568561
-556532278
-1444335671
1234261015
325703684
1403840008
1012502586
-1949704919
-1167176439
637720927
-1980828308
1763515855
2113080883
-861882
326015766
-496309715
343427286
1730924883
-1582176758
-1379324907
1832258698
1130124713
1181528984
-1636333416
-703806670
756634798
570342196
938429152
968271162
2115088385
1036445270
1116121149
853913119
1076752555
276415137
1073459581
-777136845
-142964077
-1234537913
1051493759
5476002
2108580663
-1933066581
948410634
-544024401
1426493337
-1698352825
1880631258
687036739
-968131210
281171663
-138403076
1543655336
174259133
-1845456746
779235419
-376217967
-1642736066
194648113
-950825063
-1296731555
-1780025182
-2123163303
1071052835
-2011609188
1933921435
-1844967915
660522111
645617105
725665627
-91584232
-1920598297
-1116003719
75389513
1072740967
1712661275
-328843188
-441599246
-709854658
-593450637
1545436866
176109117
-769976780
-350441677
-1969287720
-1169751325
149658781
529682466
-735536621
475973405
1893499439
987268445
1670423749
707610014
524254695
