546872253
-1241019165
1874670589
1033110583
100125226
1084193191
752011962
1963247642
-1106263324
-490048757
1997650561
-47944171
-1829059946
-398042665
-1699149181
-1406433788
-1124850712
599802264
-551486022
-236847737
-1510041308
1871991659
-1314316502
1152348402
998366237
-131560933
-1916514711
-1012197496
356055116
1999543150
1629130849
-1488863511
-222784709
-1089822021
-1141856171
2021362120
-748234971
862019776
-1568555743
290612704
506782686
413803698
-1141403963
1780837672
2030299632
1573761684
460455971
-261839291
27153415
-1717781812
794228999
72603711
634364558
796767986
-13638552
-1367710345
-743711335
-1000652821
-924168467
1010917848
-1061043963
-1948700362
128281010
1302353996
352388829
1063792005
-1064405685
-1228115086
2127590399
1513379983
-1444259576
669318541
526748414
660953636
-309663110
-1126995009
-2094397110
1223884417
1053993270
-935040906
135893646
766707685
357692120
1895993637
1573138009
-629537436
-1271598262
408083255
-968328193
-311278854
1550439750
897438784
660783297
-1452726558
2145056537
229650805
-321113045
-2113630168
-275699800
-753900962
-59232579
1188498045
-112316488
-1718740279
758324941
-211621046
-344970391
-1093924863
-1568577621
-225858554
-202213373
-606919360
1182437126
2112230860
1097415156
-834509983
901733517
-1301999065
1864417049
-2103142439
-72364071
341456176
-665173700
-977148185
-680521591
-74820389
1983106269
-832496374
680115374
-1133002356
1885425717
1866509235
1994996073
887157744
-692513161
-380224196
332196307
-1894005750
-520735912
1407128600
-97095652
-670794356
657957585
565881162
-1412670218
920216936
552280355
-986956262
1025306931
-623868763
-1254162661
464999686
1880675756
-1061237642
673609367
-1634318857
-1750667931
1493493639
1437614920
1082745268
1772135918
1952926874
589792184
179329179
-543659509
716990034
-1099749745
-2029594483
-1195238761
833938511
-1599576047
-1556572630
577745316
833587578
84485098
823145790
-284003353
-2083845215
1508835117
1980220538
-1479322541
-1401038779
431009434
1085849702
-1596232189
841274035
-157360865
-732638826
646953052
-864592047
-1693813087
925874715
1485920626
-1713352647
-1256301829
1425417788
2022062762
530614027
712162630
649352294
1556333473
-2103877634
820032347
495634528
-2077237428
501889592
2105588117
1075740098
-2025148576
1936568672
-1742262565
1505054119
-2070572556
1306025072
-983692068
-876184671
-1028498077
-972806705
-2096406372
-1026384403
1390409335
34640030
-1461172432
-321563417
-1591237437
-693010607
1172599493
1037469119
-689911473
-1500819582
-87131162
-1522004883
-429466758
-1173070079
156861181
-533194526
1312280604
-245281233
-1994594790
1345301375
-865120534
-775777397
716377843
538436810
-1409983970
275723405
-538403541
788012127
1090341975
1927395250
1732079830
-1895173340
-321105731
441033688
-1660069571
-1245719360
1477228904
-1832574773
500067294
1110285388
-559556606
-1640264417
-13678667
-99987381
-1243202390
384507199
-2118137663
-176346665
-2098692325
742971334
-1368199231
106388253
-1049037299
-151813363
-219086274
192891147
-393936677
326064132
1503471310
-597087161
100845413
-664170939
-828243562
-976990878
280663095
1637881190
-1500703472
-1622978483
1229532394
763039630
-180819187
1977172747
927255754
1714086218
557992445
-1255382104
-2115721800
687270561
-247137682
-241512087
-1624962222
-1802093211
1222697170
-1321427644
123776080
187491531
609251204
1225911698
-671515088
-1424125378
-1771719411
2067998978
204619541
1686684527
-1638692190
-1757127471
1241756140
1833940400
1560061681
2081182263
-1345914672
-335365502
1289394460
-895285468
-1186942545
411550060
-1339363323
-1957528021
-1121011411
1891576589
-13561396
1828723134
1513404360
-180733580
272598933
-68946276
2032262460
1064808879
1428406670
-969475706
88895016
223380129
2042337072
1774683192
-1201272847
226985241
237766596
804259223
267763429
487368991
-1734017240
-580265690
-707560797
481633423
1461068498
338307518
1423062203
1227847404
1291119381
1847446398
92077457
-736930195
-1535865693
-613138177
-22746234
39508572
1637119570
-847683636
-256092072
2073261728
1618110242
50350097
-1143074615
-1024811880
1402560638
207201169
2099599998
555947305
852949186
-1376100387
451277866
29190170
1270141437
2039961538
513897451
-277945186
-229885705
1221435395
-242636813
-911728846
-133812107
-1313445049
456514923
1738864809
1580887227
1077983572
-601149037
-494042492
-926678191
-702921347
-1254731475
13653127
-1731538166
1637115993
328682011
1582573448
778889281
1770578101
1189499719
-1465398903
-119316122
873314251
312651458
-1456161015
-596469832
2131145907
-120911313
-2098584170
875401299
2140541721
-957283998
-233133145
-1081018003
-1084919505
-500193469
228700584
293222364
1062938853
1384593656
-586094507
1262700763
1218414679
295591746
-2115436470
-871072756
1922604423
-1240751577
-151699749
-32945728
-1826977461
827323089
-502592479
282446198
-1728737912
366309302
1324076629
-2140238686
1420446368
970180344
-1491556768
101507502
723509288
-1372726515
-280174158
-1895447739
-724638498
-344814174
1766667602
529135566
193948122
-177941316
-1392044491
-204856010
1097301250
-1794277856
802996948
-1738416910
-1097146685
-593804043
-374353416
798549060
1544806141
92020135
1308973783
1278885052
877172030
-1704666099
1908148836
414494977
1195305010
1655347149
-729957917
1378937297
293935194
-324832513
-1784980805
-1618653371
1360773628
133867280
-1482994801
732969561
-1314289062
1228798952
-105944434
520436395
1512041510
2074676559
1003059466
-1849527165
-1938041036
127206028
1582933063
445602579
-607905935
20552783
-752072811
-340374785
1209186067
651607248
-828818527
251578654
-1550462959
1294716471
-662157561
1109813634
-2126020394
-141251778
955483178
156410549
233044016
1685712404
-1664495544
297144645
1084214414
-1724069500
1939904456
155709315
-359656854
-1062940586
1304794070
-1189821049
618194435
-296202507
305548593
-761555594
1036934224
1733172049
1980528707
1578829830
-2021716176
1689386758
1078689393
-1276748478
-1109477147
-1029496899
-1225996108
236070282
1127912131
-1329198638
164470632
-163248418
1174956836
-1374011081
-1225084060
-1921445285
1320986270
1713208471
386049098
490630660
1986175096
1497689790
1891244063
-1009232187
309730905
678904375
-412010467
-627458379
1597229889
1488464694
641967815
-260633701
981593533
199275448
69813054
-1642677837
1710345558
2068686312
1073696211
-587012430
-915571894
-1675642684
1999028700
-180745978
-1993543042
-1069587712
1171126475
326981473
1539883698
-300910550
315157116
-2086689672
-940590346
417330190
-214130995
-1258310905
-542619812
265853019
-1181244301
948258329
-1201834514
1995522182
547004683
-282562171
2122503906
655495150
-472822161
-1971392837
1218030604
115072576
-603096757
910391744
454368147
-1907390948
360371439
-293111178
1010981351
1531509240
-1761888155
1518304801
-1875575054
1302086468
-722724666
1944012070
939981453
-1109340209
-1117170487
1187146004
-792798155
1540993384
-149772900
1785388776
338059773
-818957368
1713326326
-1209083508
604406470
823946415
-1008420755
1032048801
-1109563474
502508108
196641284
-2085834883
-42596154
1416291297
-1967221240
963473527
655384839
1683263655
1743658523
369535073
1497656709
-1182824210
-1146867312
-975190443
-1564906524
-1480010360
-1682113798
-1519449164
460196875
-177172121
2141266687
-1134919572
-1813673704
-1901543035
-935422863
1023240056
-1453793901
-1956690173
398519710
-449710164
-2075490587
-592293995
491729639
620190898
-640775158
-728700900
-10905969
1384662095
-1900037243
771724692
744188373
1643543531
1647727764
1368594480
-341669053
1151623759
-1994158171
-1238254398
-17897912
-79875665
456702472
-2075271072
1204934660
2136565227
-2139629339
-2979260
165580131
2030879505
-768145553
-853196812
-1170624915
2087698470
-381746087
1714321314
-1758991653
-1810998746
-532635000
663506132
-1809826836
-1287482552
1566839051
1244224327
-1444941959
1596007045
1785736775
212591632
-884223929
1107498843
-533243274
-791699195
-1328873572
1293907406
47873362
889121370
1098732564
-1588326737
1749693196
1353061006
-1787276876
1416435744
1551455363
1812339847
-1420619969
-1355855274
-567062862
1895444476
-688218936
442533024
-407110295
729116690
1565376392
1246183080
-695861953
1689589833
1754797809
-2133243399
2024253638
1031603097
-1561198846
-346642495
210121984
-1737293352
-32783395
680883927
-1968070382
940547934
155187862
638598654
174288183
-1579072790
1211241293
2065176171
1371360503
1028179399
855341182
-1080001916
2063878295
1017440810
1715130262
-1758282518
-1964506669
257184734
1652436682
351497145
1487736778
-1488197854
2025479204
193209358
-351492551
813281745
-502371874
-550463031
-1962214421
-1056259389
-717995021
-1568811117
472458352
2049741683
-655097102
18807586
-1905372916
-548870175
-772204524
-1547505221
1980738802
1346717882
-389699951
-329058056
1832732850
1883077557
-2089705938
-688789557
34457838
1472372287
598240026
1506313154
-1410741164
639551065
221335290
1143694988
-462209849
1656180161
-1988380862
-2079639621
-957087777
-1801049265
1516905670
652754634
-98387308
356843170
1059813520
-791768734
-1983669195
-521489925
714848755
-940547624
1402365086
-1580804504
547531232
-675794438
-731768407
1641291300
1620555640
-75174389
973217764
-594699971
588786145
64893963
1566550660
-710371209
1798673244
-787526853
-1770146150
-774940048
984605079
-1610903585
-1670576764
527886084
1884266303
-1712892091
-429864283
-89342734
464141017
-98791418
1366556760
1432303039
-1679595822
-855465333
1664784417
678282202
1016850132
1874154962
188283429
1190948608
-1771086246
1973337202
-1475377189
1062744801
-194513786
-1621856804
-1479600636
-1989139452
-1360535247
-885485597
-389639720
-457081113
1811298116
-1318882179
141116801
-2066545303
-1243774907
1231212490
-1007652916
1446923884
1625292084
-1515730346
424813341
-183768138
-525426536
508392346
-766337116
-1173255656
1670190548
-680175416
-569074482
-833654831
1289644478
252724168
1524643325
1530723635
1350248561
1992648317
1763667578
2076840839
-454359966
17462860
-49643350
1842710061
1101617841
-2002551843
-2056426369
-46728697
2034051265
803822371
-1231849167
712824600
442648330
497178522
1610391086
2120560743
-653591251
-1205331761
1699481423
1243792937
484328264
-783617243
-1373755317
-1578269154
-1740094325
-2045085483
-932703376
762326586
-1367869685
1370986294
-1528232049
-560269944
-117580587
-371932098
273836343
1165844299
-1938996666
-1563623352
-1789289690
-45638554
530746778
142782486
1059744252
-1514791171
946238402
214143770
669515570
-80722853
1397696121
603937265
-145387703
17643797
1363005336
703766831
27211590
1392540528
-1947734615
968905825
-657539747
-1226727425
-507419205
1410317647
335489259
-182895472
-107651468
-899300479
958227881
-29942455
1818835052
-984342524
-130849250
97789965
-2111424584
-1283356307
-719423147
-1339780573
-1606700348
507124766
2104018896
-825930727
1781848677
-446201145
386476988
-1399207962
811233069
-1530617041
21747813
775781710
-2127955967
1729680180
-1369864981
1457442954
1022447081
2122504720
1090129462
915357479
813076775
-1969471011
-2104835034
829355822
427940746
1522646362
267376143
-1663550332
-1080081405
1817552367
2093716068
856768659
29689720
2124273134
-910332495
223432746
-135075112
-668048613
1075184846
156269473
2073897583
-387515026
1653378641
2036800833
335972986
2007037462
-1437241532
515170786
-1177395970
1342714561
-1312757993
-98748460
-1873768236
-1141272294
-461109544
-446609406
1351818760
275086995
-247634016
-276964012
58549092
1348323428
-622177200
-1728717227
-235714233
-1109268526
1930975869
-1676133098
-1638449734
-9613644
837449384
1692041553
-1243390524
-276858830
1053314994
-1714466608
1415274493
-527580720
788608398
-1638753777
-1504045984
139153578
-1642866888
729498912
-145322651
1362331393
-1729698843
-1946382642
-441825713
889703925
-1588720773
-1658883579
-1046291774
-1229342828
1157239362
111068017
-901831784
-1840857838
1235872732
-1699290268
-471806732
1167793498
-480374414
425994748
-1204242026
1927651269
1471055664
-1546030716
-1404713104
320749352
-1636350734
-1444256998
1453508986
186515732
-1290406337
-2000983662
-958805310
-2033812136
1303332213
449015450
-79696186
1486608842
10561094
726255134
-415333627
-652460474
1319818082
-850596883
-853338669
-62126857
1101689717
-1788545124
-438720915
-1382143275
-1822713516
1644096170
730939980
-556481427
1216418674
-746832667
-75717699
-34768152
379043480
-1735111925
1541776817
-454404795
1675055061
-385119309
1340317905
2089243112
-1272886862
-1146179987
1584530901
-1393453991
-489844566
-1564604120
-2136618730
1302145860
1413960408
-1781008428
261452641
1268953799
-94095630
3609160
527494157
1960728301
1988822645
134437988
1736659023
1100872308
610158369
1841550458
1739221964
-1622899242
1777498024
2079327209
-1066097041
1881449094
1189012385
209155595
-1798341764
3499642
-319601982
-1760609968
-2009215515
-1486375959
-750020786
-713830742
1412345308
-779398827
-2111897652
-992990420
-1484627031
-2061566516
-1841467399
2069934061
-975907908
-1504246422
-2114222849
1769159730
906072069
-1101391327
25880805
-1957446197
1640442499
678196412
-709822135
-792271939
-927687397
-1682079200
11838797
1957353249
-538649942
151822549
1366800079
913317451
-1011229347
1671279300
121567964
-845476307
-234240449
-448886974
-655360667
-1751093763
-1622810093
-1448451764
1203915827
1618358550
961324899
-1633083884
-758287080
1482386203
-65732136
1818556
-239324314
1273553506
1618116300
838885472
-192905051
682484878
-1189662947
1385419098
996899967
-961330819
-1359916476
1683450560
432496639
7901285
-112189787
1193660209
-62853126
-442621127
-1189332184
-1192646703
-1353637171
2058374224
774225415
1580571793
1739517256
414112328
189973737
19729587
853306089
1396043304
-946406864
773933965
-413018804
-220491836
-816997489
-2126551668
1853619938
1286055013
555013598
65450363
724255969
901917608
1944226353
318812677
1609247867
1305339558
-1627926490
1714883448
1143611217
153341269
1356450174
-361983541
807140138
411432493
-1244947730
1957343970
133785823
-1138306034
430874167
-1643855601
979971737
-1773408672
-1041555084
-519642660
133165375
1822521212
-1286256718
-564222713
-434759383
1489397066
723967685
1288144845
532336153
1995370538
-1436533159
-668604309
409194
-1762288617
1299153991
694103521
-35871351
-1626263543
404668969
-1809438728
1440138660
-1578614885
79622192
-706811002
266061986
2048994030
1049540916
-919752976
-1899774894
-2045265716
-2017889268
-1728550159
-349626906
-1118851312
-2076451297
2077967256
-1576851294
1355681092
1908501307
1116470679
-1559634993
-1107767926
-1033486684
2024342457
-713036810
993480640
2054627696
-1271611212
2064520010
-1668558113
151652881
751194401
-484543131
-822042461
1574897971
1283772871
215878199
1246351216
362983368
-1567437281
-1107999686
-223953292
-441957792
887329556
1198024170
-669208568
-1161605699
1858890249
1948465780
-1378474405
-649236314
-566231008
-1531238995
1124656721
1608412923
734166457
-718422203
1618920616
-670440951
-1928785351
-1827574468
1090232668
-1848174049
-1205864436
-669994604
427636045
-992148127
-1323420436
1423974215
1727501854
1446326235
-820077982
929704571
-1275358113
2048274649
-357971315
-1964292109
1608669165
-1810425483
-1204468447
1567363017
1693179544
-282937232
152551602
850286426
-780910329
1866123077
-1131195342
-2072152448
1815994840
-661105541
93992120
580987910
-83039477
-491258054
-923071614
-457845416
-1347240544
263575585
-152164291
-182194822
275658621
1111882582
583865219
-509868229
527430549
-1143719970
1079133604
-501500247
-794826681
-1977198547
1599538600
1859329479
-424409085
1300357120
-907955052
1049235581
-545404877
-1894821013
-591984404
1302266831
-1790004649
-666739923
-456851847
950615121
-156081294
816798283
-739869108
1483403226
-1598120540
1026312411
-1712651518
-296268169
421548056
-1432098784
-1145193144
-860117341
-703153889
-438328361
-2042889055
718936244
-1845754211
16626896
486727782
1731693975
-1743972189
-2071045953
326669582
-263854913
-1357362595
1319908179
668311983
816745818
248866094
1796287624
-784922171
1880161989
-735632871
1835687993
1393182513
239846466
-1045897886
-1874660616
-307208061
1033768936
-1158586252
134668321
239443835
-2107963174
1813898757
1209799980
1380953036
1422346427
1925626999
-1457426877
401346084
-1907606431
1135684225
138962964
-1271570584
95706056
-139953650
-1044931865
1479911492
1373531464
1277316453
1345409778
-48188190
-159037430
133210761
-199566868
989421816
-694367816
-880400158
-256490017
-848224248
849081203
897043740
690610498
1644250595
1914135050
1764794190
2098036806
2083640174
-1366387353
226195295
384259952
838454184
1283570508
81263525
-1551423641
-429828885
-1089670849
-1731793458
-389557745
743320177
-459198013
-577510909
-1976783659
-1830346215
-1069391672
1675674698
-1420745652
1082378859
-583718045
848941099
276202745
753493209
-1837191487
-1254170986
-169542294
1072087111
-79488423
567881219
76688781
443856845
-1607483039
-1782380326
248567614
1721326011
-1028222
718859798
-269319135
27785949
-663350066
-704503772
1862087857
2102966783
-204235535
1719189008
472149145
1658206131
1759380902
1226296035
467021890
1871218257
-1930901395
913819462
-702429268
173053502
134736762
67682666
-951625087
1364697713
-1819292176
-370999509
-1013139097
13263155
1380516686
-1896503693
115665045
-1173357275
-1908280791
-1781725220
1392328617
-846652793
277817883
-1683984487
1016869559
115567798
-2031704837
737255574
-334817115
1372758006
1091659598
50748892
-58359115
-1832412302
1878143996
-1423530438
-1937901214
1095458688
1620526918
-2112846303
-726584720
808649768
-1967633161
532456399
-387050434
1060543462
-1033828903
-342038096
1560943198
969735855
865882218
204534528
-2166937
-188038863
-1141208881
1281498804
1588023305
1600314463
-1542884343
-1126994790
1239321441
151767340
159591014
-881882945
-1289276275
-323742571
-1923304135
-79582960
1458755971
-1092767771
372528077
-397663933
904778526
-1478000332
-349529194
-1864773385
-1227914631
574683184
-1003427927
368431129
-1033859200
-1917080801
243977069
159841674
2123234499
434847780
-437814126
-1740418050
-1015470963
-1580980544
-1353488318
847849767
-1679690955
1722672539
-628004969
-144000239
1246360243
-1052376956
-1016182964
-484790321
1795423093
-1772307786
-1499949386
1403939671
-95576461
-410699427
-139333132
-1223336022
-1311990655
874957400
1877883749
1634908983
1536949987
-1701489857
-387418022
-2047272575
934913318
210971814
2107393292
-599909889
1281252397
1207889315
-1494346800
-1963589310
-1344810359
798223245
-1189368952
-848967587
1545403918
818704902
-1626236580
1692155520
-1899313502
2002843452
926517674
426320102
-725611944
617599083
-970933190
1326664945
-1267904836
-1089656155
2106918838
1698525330
375239536
-1254929451
-1110826920
922410222
-2050754057
-1610129407
285218277
-1962123458
-1271941424
-1230547250
-1136706343
-1688779786
826015686
-2114349751
1481438947
-2077824983
1917463430
-473989148
809504403
1974172971
1550874226
79175869
106076753
-466689417
-588406604
810577446
1996135057
-945636909
1743772052
1345516897
221366084
-1078388303
-1282503666
-421466709
2087207057
-924089896
-893656929
-1566902405
-1809508668
518649411
-890501025
-109048821
-904733306
472278089
-998398636
-1993514729
-2006598066
-355551747
1523573764
127026404
1533787671
-473286697
-894952885
-1940441469
686762579
-1703594861
-447611025
2053619286
-1977720545
169864025
-1576873615
-1138570541
1546348727
-1023130595
112786341
-1028811385
-2012673493
-1850218936
190255748
1981895774
-1244503214
341218711
-2041431871
822885153
667231231
1308293443
1194934681
-230518465
-762975630
970600802
-237296529
478470095
669610769
-172433779
2049480087
-1605600299
368349016
-1917419583
-430581647
157282499
-797960180
467028618
662642362
602214211
-410169674
-1971658403
-362608354
1270785075
1961517647
1014795333
-1897128688
-916448271
1091439415
1842862018
1736131550
824284631
1500279404
-1217610259
-1250777345
-1581044727
-1049176073
-1926971936
-526287441
343307117
-1956991831
1113097556
1210490813
280066042
2116817671
1924403338
-26676829
-528565962
2055404418
409101423
1411513815
2066868985
2068926443
-113752326
1768443744
1822522998
-2111053275
-299394599
74211755
-226412677
195498523
1086012235
-1250674274
-797289993
486760180
2079691087
869202925
711064509
1467307909
-2031475970
-784657235
1119299207
840408583
1108141109
-1513176026
-962791876
-246615287
-1564993674
-2028198676
1477922677
-1002210393
85191183
658964272
262359613
-1364609284
563687036
-1655440045
2141031704
1354290900
1662703881
-1403120197
1787089990
-239112282
-891804997
215498218
1766271304
1418900416
-875334032
-1093748020
-2069066077
821800388
-1681355707
-1753439665
-1663425565
-996594094
417224503
884957753
1377762
-804888314
634890508
-1086627787
-425955510
-1113506651
-45109133
899811118
-1863918249
1296777874
-1782729366
-1044720161
1745239265
1462911366
-2050115617
131482282
-374119527
1582698367
-1856908134
-999651159
180443538
1297837817
-320170919
-16272893
-2017642749
-729050277
-2017294020
-825134208
-863528374
702740660
429645411
679652702
1828780596
185172646
104119765
-1981307548
-625846149
-1338435934
938586275
-438728
435165327
766977365
554392908
-57331731
-1131610471
-1831282847
-26261405
-1938635296
-1525704004
-523185840
140082031
-1498389053
-608394083
-469712187
1554462225
-1033960454
-1561523419
-1351076621
1816202604
1830119717
-1840333691
1189956691
-2114118208
-318198531
-1390712198
789803409
1816146520
-1028584861
-2042573102
-1577118266
1705969574
786391222
-1154862034
-192608788
1789856683
1536751204
-2104277240
-176750194
998785180
-581676861
751334135
1334216895
1139811778
-2138360543
775508017
95556940
-1965045087
-1706875111
1485170001
1068512052
387280988
-898697176
-109592229
-1156633512
-272343721
-1843315585
-1360776708
1039612782
66832158
-1498367718
1518672405
1961392699
-394791291
862789392
95038586
1152188161
18811407
-2037143507
-92500234
273341749
1939667603
152594621
1806379410
-146211467
833144348
80898730
-1007278570
240451768
-1380522735
518383049
-109812784
-360209722
-226792043
-1641469584
-589962349
426266603
249596208
2079722315
1871867906
-727195161
725360814
-761073809
1965295118
597014568
1675223623
-855917137
392217020
-590241990
1318913535
-1497081810
-50310357
2079341438
533689423
1288922933
1200963541
1475275545
-613797115
-2064806329
-1006472171
-2085661905
779959400
1467375217
570026216
8522833
505095327
1888328165
1016685047
525017651
9384274
-662397751
-1677293612
507665058
1760216977
1442905932
507241092
-1694730316
643912693
-203504389
-1471383491
562686272
-155709180
53849425
1769739376
2102043024
1870745561
-603293292
1659271944
-304217771
858859268
-26330146
-514847756
-1383002406
798206894
-950336647
2002688739
1847356540
822810881
29260400
-450789554
1738981977
-75593274
1511540834
-1833164613
337088328
-1387780017
1528516249
-1216969922
-1324247800
-335808362
-1457647270
-1733584829
-1800711237
483303590
-770186626
625301387
1735346324
888525625
766353729
2129847412
-2003508273
-405651294
-39181479
843400060
-1963038239
-1421004307
-1603560630
648242183
-1718144015
617755204
630231032
-422673824
460391302
-1527813485
-1228654211
1186735613
-1967760000
-617770129
-466397380
-1675935738
-1200414644
2035982643
724554550
-2144457192
-1181497005
328240748
-1088764260
737912133
982457778
-889984906
1309782948
-9123489
-1372247504
-1027866010
-715847521
961475702
-1537618324
-1412369878
-1708441525
-1540099426
-306165930
-378946577
-1805307035
1590932981
521170144
-1562947646
1826451330
-2087794973
-1946839308
441400697
496346911
1914762403
823287208
-1873591596
263360246
-1104672254
-428627793
-176089122
-1496859501
819628647
-2047470
1936203161
-1242932699
251575058
-1945280480
246993625
-1424309351
-1636664152
982375075
469513072
-301834012
748206318
-1849884844
574580107
822366624
285829333
1019623823
-419276453
1282719194
304969398
2113798474
1920876279
-994844631
1816133853
366855491
-1119684992
-1037624061
-1966948277
-2103982984
-1502028155
115063627
1359714231
1653246684
-1358519127
641995309
-462582058
-199031481
-2018444157
-650559442
434093532
1396138157
-1320918843
-126304386
-2044138175
-841733998
-1942535521
1131834256
1388244424
-870819651
859130725
1171311596
1056238780
-1756080597
803902574
608090179
-50050948
1198195526
2104490303
-408245821
-1993365190
833839959
-1104680983
-1549709907
1459118591
93094200
233657263
159264035
-1453695503
-407073459
1399631339
622493254
260251096
567240371
1855523121
-9473408
-2084795938
-1657273414
-1934767436
685676061
-963863658
1446735249
1448054248
-51899104
1083647039
534987583
-1872421271
624949588
2061448008
-1818167334
1047243802
665892256
1524228375
1814708210
-610820719
-498429281
245137925
380265037
-112876366
-649801616
-2121497171
787177433
-2091517543
1257148874
1536656998
1305814750
1078321085
-1654987694
-933343987
-321895054
1769593169
-128681424
1764084999
-1216557262
-1569903379
-1579489057
875653
-16422354
966893933
-181108412
892972298
-631130331
-1233873895
-641919742
-1281865687
73042161
-508769018
1481325836
718771347
-1638555836
-169429573
160101755
862693201
2098583700
-1623534058
1581621920
-801610419
-1778905261
819247984
1367135069
1274919190
117708387
-1443975681
-1665248080
1865081059
1034717385
470341756
-1905431920
-1047914280
378495136
-126302715
-1054457348
2055611784
-818640561
366500420
404615248
1860141754
417784062
-1666603057
263361497
1002388080
211246405
-537442095
-125539924
-244209628
-1568585946
-1190191638
2141842611
-470569900
1346486845
-1225812140
-1256304120
555816001
-1400630475
551414854
-475335035
1945844210
1132943742
-501357412
679580059
778772607
-354832324
1227495607
96878946
257069195
-672142718
-1856648287
-1213873166
636746001
-201302337
1353696117
8745456
904992868
-2097515144
-1617968131
1671417451
-996363920
1255927607
-1985048676
1731837928
291230021
1195382211
-1673358738
-708196677
-73963306
1511279760
530160557
19645592
2038906621
-920603528
1330268502
-1986975383
1076592321
399169195
681445900
-192505503
-1772460581
-2006742300
-981542597
-1536860080
-954476682
1471188189
-1321068161
1058555448
182769463
1534424325
-698601145
-511665887
400633980
-926480273
379506101
1145143337
1738132967
1949242380
-44175416
881126366
-131431139
995510044
1375086525
145668047
958552778
-1991458591
1408279217
1797771616
-1940552984
316753302
-1364726133
1840543710
1771610433
990006942
1931122712
593881555
-1378808270
-1222415872
-1043921034
1600721818
-767679568
1817484563
104742582
-520547531
-459549040
1851833973
1624334013
1909826909
-872472574
371391297
-493349270
-368390182
626064222
1251146624
-1018404867
-623354603
1163197475
202004959
-1990577994
-664994582
1903476795
-1170382174
-246939972
261234371
1683604099
1183600089
344408384
2036521186
-1141681781
-588158768
520769250
-1921421059
69119641
-1994136885
-1326498221
-1392223729
235764
-221368078
-1671058117
-2140357780
1821886814
-1506656886
-235957924
1879430422
1289757153
495244901
-1938065418
140367183
2091816398
904728219
2111362925
609088367
-1526198782
816547706
-1326622935
-630135817
508415339
1354290362
-870567491
1988360677
-201713206
2120839157
834606410
-626489015
1148726458
-1063719083
-257808859
-171942120
161198320
1690661774
1902839735
343499327
-474198077
681541903
-1175646300
-1890995717
2126385902
-551438221
-1427437777
702469479
1301782165
-729341379
-1175904547
-1516777386
-1569486971
-2035416635
1303902295
-372559518
395987392
1038115692
730589844
1729588548
338076471
1004198422
-905845705
1074600806
1063147225
-679665703
161845301
1583867830
2057673676
706186737
-979197766
436489661
-1935426311
1526964215
361063501
-217222929
-594301746
-161155502
-2138240719
750757444
1260622142
-1479308307
-28036338
-1227783417
2062715916
-1333325014
-2051356975
-1033992979
1441547081
1034333717
1413877968
-380917912
-1296699877
-1914735139
-1545950928
-707823043
374925759
-2137553537
1963309706
-1874031276
1452481232
-1942324285
-1891529012
-851032626
-1997168952
1064806508
687572573
-517640100
645829063
-635873110
2095046020
352527566
-1830622061
1755313875
995222538
2080755434
-2037793056
1229123922
2084408093
-1253740417
-225818160
1956945119
-254186122
669610169
1527955132
530941424
1421784510
-1081897803
-558520780
-778640018
-466712787
1389411671
-59231420
1372794028
817024116
406988379
-144963847
-2067866476
2009239773
-1757584726
-2000476125
-1851581406
1861240751
-1272659474
-2085276837
1274462742
-1062558250
-315798680
1979254599
-1564359195
-1979780669
-669935104
426144028
-1022211088
-2024411759
-99752547
738696548
372883703
571653992
1300417974
-1327869696
1962653904
-1114801114
677493033
-1719849360
-448822189
-581355461
-983638197
-619345070
1265676952
-1822440748
-854438337
712940072
1657401700
5992251
-722304373
1167780958
-2088173345
651792509
-1515691032
1169002634
-1564365173
1450609484
300268377
-114274059
678497137
-1532059097
1743025790
1995495001
-992915044
1085071287
-750367703
-929647892
419572939
-1842101380
-260991439
-1135568483
-2011145631
-2024696664
117535878
881280412
-937241440
-481525942
-609448571
-44509664
746781974
-649011281
1550253966
-1568169372
991459926
1898864645
-122071086
-1850488335
-320291605
-1172911040
-1114660239
610731299
1144348553
1629208640
341895107
-538019355
1309922950
-44657613
-1295996171
913742014
-1685314936
209201976
242302424
-1986443759
333675134
-701200316
-735642123
-892415072
1116938451
98061641
161074916
1312198225
-289744927
-309032812
-545036835
-1338776523
-1830704733
-386960266
-889308529
-894867771
-640747857
-376500954
1621242160
-479515282
1936785506
-1115905819
200888789
2132171854
-1301978532
1313783395
481829122
-1575759040
1930112814
-677829279
-1781895803
292047126
-951212974
-1495753321
-1711364225
643061540
-237917861
1242224599
2082936002
-1762969339
-14709140
1921039729
774469218
-890288999
386252270
830198233
-1326779514
-877699508
-1157081731
1779272327
-141599362
-141496930
192731682
1505345822
2019565850
-2103044642
-886015033
1305191376
102791481
-1654114504
-731210777
6211584
-86395232
1168833522
-1593537660
-1810611416
-1031556852
1012692466
896185438
-1031410180
1301984649
283840643
1793761633
-33016369
1391822340
1634884184
871668318
359473206
-767345121
1364978640
-332478722
1317102826
1455567172
1328672123
832769266
69648882
-1187113476
-768277796
-1288692369
494726657
-764079487
153066864
368666073
1320996124
-924287343
295500783
-954673218
142592895
-1877512572
1268406737
-1416578043
1902609089
1215191969
-1996680429
95094118
1320684854
-2011660884
296796218
668390941
-1933988972
311732675
-777220457
820784345
1037869272
548981353
717183181
-808915718
-1578866582
1642874083
853951376
465155580
-1290950017
856874946
166322863
-816562643
410292926
-584646975
305801811
2073044134
1496804645
-837072944
1774301320
-1538888072
220966190
-947321488
-202571011
-1525734620
1018807085
-1590568383
-1767172857
-252199855
2077647867
-21980711
888670699
-536585032
-1034541352
-786539818
852746076
639173218
-264069747
-1674701258
1822080066
252127253
229001937
-1148033051
248309692
911182347
213326573
-1499052905
1873849448
502202853
1771913890
-695551785
1108913121
1904782815
-561076150
997786976
1144874633
162453315
1406483260
1781116075
121699207
-1188082654
-1411850891
-14268983
-270506733
1532960834
1638646643
1558521970
-12208912
2041383250
-1625133468
1877689949
-266136262
-1618949532
1416537216
-1423850031
1752600929
954294939
2026310578
-346934917
1473440629
-1178406109
1478183549
1821725058
-2062941789
343445601
930009885
-726793768
14256127
-187338133
-1770865428
2064292307
-436004221
1045182650
2073645063
1337768187
-29037737
1427256606
-26990799
-413102811
-1892118190
1614279153
1146620919
1877599680
2121382592
67594127
1578103059
1792977006
-242300827
-737438459
-2053460203
-1846838570
-1719036734
-1574146041
-1276811457
-331827784
-2001278058
-947560409
45002929
-760023743
482833831
-347358908
-375589947
14408352
-2113594175
-1216485056
-908814404
1005376216
1060383742
1634422005
34662041
207550167
841986120
682614888
-1475556531
1267226824
1355603228
-1589756353
557239827
1093685924
1208580496
667263600
-293735651
-251549169
-515532394
-1704401861
-1145348240
1322949985
-1702287486
-443114663
-317265909
-127390206
-1881538103
622978165
-1442648242
-75809798
682602763
-1212253989
-1739705190
542852807
-1310852526
1442450799
-795837900
1061414769
1646252444
-520606497
-366926482
-982034468
1107325078
2144665884
-1911210744
-1172202660
393778602
-941178875
-1330353709
585964686
376581947
190623589
631954839
-2065509275
-2117798097
-1372195809
-1489484746
-1522708861
811778733
712614055
-369482992
1886854857
-1466791385
-1925400908
-403551575
-1319986127
327511450
-174452685
72367753
-1088293670
243349780
2022400894
9353059
-1888227484
2022714742
-1345202483
1357161337
1153101181
-195161733
-904931604
874203454
-557251652
1508298488
-971168466
-271486916
-1537918291
-1290067867
1723420833
-1068649416
325799212
1306792603
-1655697790
-662673773
317224950
-1523163425
-1647958541
1308074482
104672892
1584587038
1769792235
-208767967
-1613444870
-664686982
-2145041299
248136244
-1962836024
300519429
417028604
-43529489
-2057549840
1216210379
278234189
1825270631
1450009856
626603541
-746943170
-1172403736
1819001888
-1254429460
1483524871
-1709290727
992900198
-1933373476
-1337474386
-784468642
-531836824
1005513209
1076952512
-1040079235
-367055598
-1444547545
120850237
-23314557
1746608570
-1082753643
107791315
371567336
-282870415
1318443145
931305807
594338033
-585679460
-802156702
1382685008
1975209557
-1721165374
198141403
-796253379
689275171
-1640990554
912534156
733786488
-169918494
-620731752
-2097570634
-898447917
-1786286343
845169927
2041375295
-1832507070
625109073
-250569893
-351827461
-474287406
656386360
-995045119
-1070696916
295569882
2133981832
-753356601
-1083438260
1200428911
-867207416
-1509362327
682790665
1611111196
610341905
-50606230
-1693342832
1479546578
-779120524
-1441303512
1392061198
543131165
-1709838949
617744938
-1782030477
-669215592
778032877
-973633860
567288440
-827635805
43817847
-759738178
383502819
-1283387566
1884659144
-798442313
-490476535
909406888
-64922085
-1642940880
-205328236
1530841860
-512064837
-1531696577
-277124730
626639579
357860003
152045409
-568559491
-106329177
763221604
848881293
-1928281032
-1568669922
-1854287029
-1874480763
-1737964967
-929816665
-142961470
920246894
1173969260
-1739805687
130390006
-1983842141
624172839
2004073061
-2007765574
1900469957
995014387
-896233882
1143547562
-604865002
681776299
-542892362
-68526701
777726727
-225794142
-391643725
-1309604846
1781864206
9613802
1008114018
430658938
-473230403
-184004653
-1125710173
-2099866629
1374221072
-1413549134
-1191851098
1396536319
1889212678
786192867
-859349603
-1217963561
-1201859982
1956722960
1997030834
978013590
1251624210
1523987122
934682939
669239613
-150926112
2029570007
232517932
481215768
-2074486104
-239315418
1182756045
-1359501722
1754867674
-1825611488
788810668
1551823935
536630177
51751848
-400180524
-1578240334
-143737549
-552868412
1274376510
-2017287123
-1804226710
370274981
1280513927
-733839071
-776539756
258280164
122025699
701060582
-1005121146
-1318895858
-422698159
2125651675
1453964023
247864930
-916351728
-831726895
-461393910
1897563608
1788667216
-2077156439
1677932332
-247997595
133603885
-1245872837
21828128
-1579599491
-1228968488
-1185290631
-1461104041
295653081
-1364697834
1155184851
-735797628
820639354
1101809902
89149917
-2005942928
1365560300
-1630533730
1459258159
-1510966774
1628585935
1274593486
1830888589
1664365761
-715853677
1800851720
803284038
-831932906
472861570
97972326
1561311712
-724756884
1189984771
1290965132
-146039051
810143522
-370155748
-564943400
-848399785
-1895544605
-1786140360
-900771880
1393469818
-1044546756
-1942143958
1719538940
853849107
35156334
1864038257
-1225808500
-336841220
-906835835
35986621
-1914480165
-2075886758
-293700952
745069233
-87171139
1734445825
-35877965
978763755
-2130195659
38894358
1373465346
-1191126464
201850483
-1494225931
260382351
243598923
499653884
-669266603
-566326465
323892009
589332010
-341716566
-1802867080
960470653
-993242409
483406794
1336663286
1569279162
-107089323
-758205741
1637702367
-669695584
1249280672
975169610
-2118721260
477183238
1377005526
-10527609
-1709284407
-1273954342
-319330586
1017249105
463580759
755064166
-1612986488
-1458251068
-1137596336
-85680940
-2139963028
500190843
119822292
781512436
-468610890
965996778
-488360670
1263664187
1969065384
-1451097845
-1425497231
-1691693298
1015940000
-1791548868
1362928384
-140140992
-125828283
990221415
269881452
-1950663719
-1325882371
-1410774429
441517376
693382169
793077921
809271961
-1408750126
852601020
-2127447180
1955251690
1673275468
554505342
2118366544
-1688571696
-1953939192
1809621729
-1751014367
-2086458685
1359749153
651442220
-618330985
1848242141
-110412730
1508230583
-919149801
73502912
537142993
-571169178
1717360626
335072439
-1902574312
-190595214
1008538328
-114464229
1590414081
-1730254481
-330094194
831385847
-881194277
-1894226551
-1518952993
1330244590
1852141164
-113155311
2028949199
214618972
-121492154
-684926664
228804886
2135819964
-1257892770
-1594410727
-609441076
-270895031
317190878
-1979859972
1910345312
712175335
-47677383
-124890664
-710725426
-1240464830
-256176256
482964505
-382154992
1660630327
2138416116
411558052
-1372735787
-1831415181
-1428866341
-424509161
-364239248
338980697
-19112297
-1298464171
370677779
223754537
-2032183565
-339222463
-301562820
1289056349
796035776
1888414152
-1803606162
497727062
1323624096
1174765861
-207685852
79368504
1509514529
-1635902368
869036546
1389808145
170906637
1295960598
1483095885
1430620480
-820047105
513064576
-931671651
-355642092
-2107209927
186985645
235471057
30955187
1188556981
-1801719790
-159854782
-801666756
-588886919
1021102660
2023935546
-1673611472
-1184329681
1877227779
227661223
-2082969075
-711718156
533801082
628753163
-2030653381
-1728348305
-94304828
-270584906
296738092
-711111898
-1950616142
443313719
-1784371266
-1814286580
-603507765
2035543823
1413434083
904105309
1745870227
-1252602712
305237123
816918702
-1849643504
1242457733
-225325408
2047602751
1597599113
-234810439
2069204667
-1487944301
797383056
1756284061
-1209403530
913123138
-832042685
1952025533
1737582714
1375911181
1702334926
-317111790
506927258
-1604992717
1422978867
-469190026
-1780992456
-195124478
670135629
-951175084
649341415
2103754416
295587089
-39314018
1533796177
-570605973
-1961737705
-1052638204
-430819237
1139701934
-1812175784
1025881442
1286475398
-1598398507
1512079929
232699769
2110809752
-1012410637
-1124679992
740187873
887601786
-1421082653
-1279801276
312057150
-1885110940
-1693329764
1461154530
775487153
793329206
-1706054199
2076687310
-1673098607
-1475408855
325017753
-201688977
483162971
-106626650
2066173395
-994560529
1527972326
1980897653
-1177587668
-1270412038
576358362
1738977818
-1925240868
1766092229
1423123811
638149499
850757998
-88004527
229195296
864619206
1201096151
-253807376
-133531295
-1456918383
1336573898
-1352335096
-1014658670
1200368962
-1985338806
-2135800810
-1655015695
925937584
1738509440
-1547788043
-1921490553
28215818
-401955122
193632096
-1874792876
-503781129
1288549667
-571504203
-1023880244
-513124097
-162301295
725867259
726677890
-1530839512
29065756
202664230
-1310400733
-2055626268
1229037779
243591065
793460389
-212108502
2077426981
637328875
-1169482305
-572336926
-1391171732
-1377874195
1070547611
1872328325
1463955406
1332169708
1221541833
-53480700
-1249073851
195295282
1534430071
362693097
1562343931
1630716115
-1171040801
-17676612
1579501786
-1711354715
949408511
-504042841
571267171
473491599
969927567
443853916
-362858817
53179398
-1424324304
-1366373834
-791477485
-322825771
1543827937
29256350
-1757775848
2010456348
-1694767434
-972331344
1773079530
1371882138
-1930593846
1837669149
-130631393
1475571246
-1636905099
1995170642
1548502298
1868979354
1793081018
-804773159
192223137
-2101982838
-36797181
-1030487809
1738831789
275010004
-880344817
-382846281
701841793
-632098303
-1027593941
507162302
406874622
1583966476
2039918751
843155455
-114826444
-1866202263
1999835243
506210872
311604796
-445672888
-1334679757
-581843748
1875928644
-1563520230
1680401526
-838881221
-1805192982
178965332
-96259322
1934096608
-898629682
2128501874
1936692916
1789050169
1033838434
-72641474
1548661066
-241876611
225709827
898301265
1387733693
760995273
1035566669
1051423706
-1399424861
-1497224564
1302449066
-1177009507
430776546
-651751643
2027460652
2033552446
-2096475222
-211773750
-2080815971
-1484553024
-2146948956
-972181589
340241363
-1231208633
2010598251
-2094909354
579448391
-1108339675
-1548942534
945553245
531981032
1945428755
1201504743
-2011850443
-116326099
-1098598978
2052566544
-338284447
-1113663384
-76118395
93772947
4961230
964749410
-1517539455
1299328323
-582023295
1118105379
630244805
-1158119721
342367087
-1782382576
1156244710
167980581
-2025714517
1086715963
1779019453
-1306979183
735950022
-2125044746
540771179
-1042384449
-128758926
1488300457
1206498717
858123407
1775894120
-1700753947
170180368
1988179786
1691788171
-120757064
1864415575
-1485774056
-467605171
554402882
1794776795
692321973
381725009
-431043448
-1021896669
-274654108
190529874
642472072
1224333654
936164131
-375187902
-1963807604
1100796925
944803615
1788454326
-630917693
582598924
1055546730
-761869952
-2046939379
367576866
-1075814678
437129629
-347062507
1821720847
423911060
1312118865
-312974428
-1550194537
-812775718
-12716912
1917812276
170813813
310907489
-251384160
5903812
569155746
-1592568841
992926459
1381376490
1834224598
318622148
-1057800327
-883821778
1939221839
156970942
-179329362
1008258196
467593168
1521468770
1892763024
1610023546
1140332268
-2011874656
136337245
-979324252
1045948291
1586296854
282563515
-733779563
379434125
-885901695
-220568800
612124960
-2122748906
2100402544
1236235636
779191357
-499793783
-862764742
-644112653
585581600
81635888
-1941993423
-1047322792
-1038792057
75103483
1869995799
1272297271
-645667501
1231820415
-1301250864
-580112470
1200359258
-659101631
-362359463
-16500689
-1870685573
307749429
-1647571976
-1441677616
607936241
-18513535
1506137268
-1444206972
-331551764
-205420666
-391415544
1544028117
-278878883
1837702431
-1910246445
-1293932606
853326609
-632461781
1802852497
2120446182
1012237569
-1128052408
-1996031536
1910520537
155242727
792817634
1278935772
-1682859051
413594900
-1253064085
568031420
1567883420
2137111680
1560012011
-660482462
-435591527
2035646499
307918779
-65030115
-1750821819
-1525546622
1607803020
-1715320239
631567308
135125644
-1855873106
1326542698
-159190033
696817318
-1078037105
-1662594802
-5827796
1582090499
-543826815
-26718063
-771491557
-1186155463
-953148737
-1621849427
2028880410
-1045866735
-1335201615
719807090
-1758273236
-413338978
205006702
-1501051013
1930902558
-507552368
1296532355
-1328600222
1593599467
1873524937
1757192178
-1852941707
-1005511839
-311142096
982545789
24816553
-1928043005
-1974797627
1329762851
1533656014
1927612721
-1836019466
577783019
1689331716
-910680698
-673101776
30163423
430111597
-1768718719
535203000
303956571
-176765917
2135879270
692202170
-1868536441
1031439212
1311315046
260234146
982209825
-1654264532
1663809789
88331434
-1358138753
1096657562
1265427611
-1281480013
-777056300
-388262858
1995490438
1496063832
1551104433
-1215555846
1942649342
-1639208128
1709036751
-847234865
1582839713
827251124
406787083
-1575555006
760828176
-1591883407
-253572431
1677181815
-614260525
-1330157890
-679878916
396616285
136571001
-281333057
1019896029
616706083
-1053749501
-1074287605
993462523
2073948138
-1777311358
27143293
-1198447621
1872169147
-1274922497
343298119
-1761120768
-71428934
1846325402
1517828684
-1356291467
63287196
-1691993355
1121339821
790152201
-1743407019
-1990173230
703861924
-276537093
-1755022826
-1076275974
-2007909231
-1244833897
-1241190282
1682298208
600829778
1486937855
-363291922
844254598
-668849705
2027870254
566662027
-1926412256
-1970663436
1756801850
-1988043554
880989430
-2091913863
-564251431
1836849974
-1739908082
-1843809153
-485783515
-175297263
407666441
-2105340668
-903706461
-807184690
-1085018931
-1049736774
-602693503
139261351
892095332
45045275
1148786462
2092511
-813163485
-416353856
-2831408
1115572279
1470021134
1454755059
1126717664
256029350
1785787003
-1955308926
-1296178471
594008136
1388218356
-648713514
-971499518
-344406891
133255009
-2055805885
-1050401752
-892877354
719306598
-1677382496
-1859085152
202146517
-1702106614
-2123687910
-1344755573
-320784428
-1507219304
-124686011
-1388123813
-1063104833
822157769
-804884877
1569187734
-1884109148
-294580702
1016506441
-2113140774
-1050993054
1923505819
-832150130
-1630188512
530560672
1440033153
-1355591610
-878353084
-389619967
1578697116
-1839994881
-1578837820
689308309
1038162836
579552618
-436977977
1943054226
1143924112
1276969772
1883561057
1811625539
-1758202593
469131254
-387310059
-1089553601
-1824100517
-58790446
-1553353062
216668382
1844531019
1593074368
-660052510
1008753641
-1453838711
-1302700415
1848486999
1602955152
2105308196
1346386354
-1126633881
1157852320
-1922298425
-2127810021
1908853826
613539829
-733997286
933005384
-892489246
-2037652436
592712552
-964402599
1894048587
489216669
646225281
-533493738
-298219244
-161017976
651080161
569723974
-672562907
-2066303603
-1919486191
2024027968
-460064831
-1403739039
-42817460
-1204468030
1030491334
1512427198
381814374
-585705727
-814085837
-2122341477
956723945
-143881984
1920723179
1570295453
-1277388415
-1494042076
-1700905800
203492300
1982155673
401170696
1985128594
1437991561
-714214843
1997497230
-770080224
1758878655
492026466
28621366
-1519889538
1983088473
883613435
-260377422
-1909504448
1180034291
1860548078
348189625
-937706826
-1081195565
432890574
-1020269541
-371814543
-747966950
743986187
-1901263083
962649350
-879381706
-1182208432
-145476634
295315985
-2107398758
604047916
-296354143
975657852
-1028227151
446506995
1658552389
1487004928
274392079
-566985242
-1028604918
-1435828756
621669609
1388922001
-727253507
-369697243
-502808889
-1387862668
-945418546
-853522579
-1450175881
-794693659
159142120
-1672159513
-1828918716
1812461620
283843266
1886329562
-1261771160
-703871728
-261234060
656066741
-2021528386
1218211624
1209011853
-806523054
-804251717
1029461781
495878179
1999376766
1819287711
332862838
-1338037718
-892595015
420460775
560187740
-1962259959
718622777
-742553851
-1351391000
-1218046614
-1809348555
-651314606
115406899
-234950319
1275451743
-2019595709
1607715437
1505986160
-672212815
1394357467
-1272827576
363677368
946891628
-1049702304
-131776874
-2112669645
1796381533
1552188497
-103515088
1423841552
1197796194
750304662
302693914
-573427457
32370732
-2000080391
1313043172
-1231789121
628437317
-2111551788
-1003350446
1381325044
337352276
-2127909108
1116449343
1885785405
238478495
-1860668355
-1787536963
1554800774
153686226
-1512513738
-2021545343
-1776650854
78932222
-1035209817
-1134305154
730527483
98163427
985363225
1850701775
995693813
-346105230
2024315677
359258329
800215280
904703116
838537928
-1895126352
-778278394
-460121584
959232862
-1680513094
882179797
982830868
496326732
-2050680687
-173475691
-1258034575
766788187
-1669441235
-802221204
2048491909
-259679710
-2066084798
825366528
-107275213
1775480252
1256022247
508336718
1766681902
-11762245
-780530056
1853968826
-492582281
1412353372
-608441668
1220042342
-1949291997
518031867
498548297
-46460986
-833640607
-1175104055
-891454682
1393361011
-733228101
-665775685
429144498
278567744
-1930864484
1567572677
2068094917
-31302261
1109437713
1722191432
-2099800556
-1866503468
1363534803
1136855496
-202018855
1548830099
372299141
-1681305119
1906698419
-236601019
1346841401
-1587569541
358063306
-586710585
-1128395464
-663143876
-1641783498
-2052809752
-629048830
129252158
1167725217
728116025
-1769240173
-90166527
-509220822
1670050086
1263935720
1646270371
1018833036
954487113
532011456
-2071373746
1143270271
-1749664003
-2129321305
1665386224
1259364702
842002482
-1896686801
1187471665
2097910537
-1086559872
-1309151104
1058964642
797228044
-372820099
-332677613
-2049754575
-326327552
-1685919405
1510422202
-241089307
1422693425
2030313612
-912057885
-340924474
-1190206848
1859996207
-1371686628
-593389796
391385739
1972655377
1058607577
-1794176804
-361950198
638384484
2038054773
995514463
-2018169476
513238419
-2103473802
820654421
319585794
1803314258
-2012048875
-993511944
-136431223
1373458416
2131781884
2018841732
1426850607
-1034983697
-820410799
-639631387
-2092299809
-285256234
341307891
1008238514
1477299005
-1331492284
1286216450
-956511398
-1393844023
-1957878968
1107633061
-462019428
308116286
-778661136
919184646
-197401284
531591227
-20429537
1490169761
-2031275021
510983717
1626857379
1857227710
1524405414
-1733023158
1604841350
1947663931
-1526216741
-1272849078
1940723620
1453135247
963226984
77406642
1998525566
-396901621
1048256108
1120741609
-1724536500
407749729
-879562109
-476038577
-1755395496
140616042
539272244
413659298
333224073
588038691
-1109374802
439445924
983613
-1633197832
1085132468
2025737210
779492700
667344197
816363732
1852688215
-1414033751
-1127206375
-1964980514
3338969
2009240155
578065724
1626817172
346566066
1976793580
262832754
-1393040482
1092969995
-724520144
269858561
2034728640
-675714524
109620392
-1175133839
1668412494
134522815
1828268823
-925628014
-1622928930
-1678377538
-700586922
-726731581
1026906943
-699366389
1800237924
371133040
250670762
904621495
-393676351
400850140
101447735
-1140102811
1922302459
-2066564576
-152344430
-800644119
-1825605752
-618370702
-608050450
-547434197
1781254102
-1547994966
-727050696
1720246097
-1020034912
-1860829694
1903228304
-1338755043
-76480637
1460204061
1122403316
744666258
-1222179119
501089866
734209854
-70998307
-1333965917
-1451091191
-2019903920
334012019
322916660
-330949939
-1875528052
-765408650
643638637
210517251
-1304658806
116498012
-1998400837
1909978451
-123263996
2012454098
773102376
1213666085
-970943723
-766743331
145445033
-429992602
-1682309982
1711381827
151871156
1975514763
1076860440
866761256
-1693034218
1333851349
-1042910121
-1138321157
650650626
1002314454
1112982509
-178389358
-1990325908
-1520235468
1842663559
1515455379
-353677417
845798061
-765554781
-2057512170
1966351597
-1048058021
-677731702
1179770760
201913614
-1108274120
-451869827
-15726126
1532590890
-44168733
-701181394
-331073863
213263763
-334850653
1641673585
837541511
1112252045
-500341844
-1103595469
1077355243
701337192
-558196319
-431292502
-924625123
-2088572208
274142554
1215596750
-990681531
-638097565
393892838
-735222009
1495120925
855300996
-1877392173
-868331993
43881428
-1546604178
-2045473364
537635225
-930098891
637448844
306774466
2011345627
98682888
-1588869881
-1765191121
1767701289
794465720
2138336927
1135884824
956718202
380498229
-2145111875
-1685411023
549225903
286364955
1965035977
975027845
-1241606646
-205740013
813688761
-731615881
-472482852
-1924479111
916010986
772101891
275581570
-2039310273
-1139294158
190911817
-1040909423
-249953776
2079128885
682485580
682118992
818968760
-243187208
813544182
-816398234
-447088702
1193686195
169059167
-1061470508
-1921280926
-1468807958
-1568741554
1220126244
1340393877
-784994626
1321489407
755311330
-1205935482
1696784256
-642191322
-1950155957
-534894797
1878413190
1238084403
935636804
-89739440
168305986
-98777896
1412408205
695271275
-2143177329
455452872
2081934390
169399376
414594382
1780236992
16124497
547537070
72888369
-2023158070
-1002819352
-737443590
-1148249898
-331912768
532931889
-887215725
-1274198505
-107223537
-435368448
1006408486
1937240480
-515594051
545375868
-241718957
-1317532735
1684279980
808454165
235634576
-840697724
1237727775
-574193739
-1314041779
-232814078
1812330621
-1187331531
-623392167
-120534030
-723611563
-1704700910
-597405564
-1310886782
1055076258
-908576672
1720061828
1670254185
-877276593
796523262
698748444
-235851716
-966047492
701934090
-751985798
-597011199
-261986302
1773236887
1797177312
469576193
1722852020
1332794525
-1255107705
-996186654
2007406312
-6905296
320839615
1575517428
1460882613
1331445237
-834621862
85444299
487927421
506449104
-1771656374
954132749
-1162609363
-211398942
1108507785
1743231884
-244366141
1145164722
1777202232
183048598
60888336
-1935000151
-1241431797
-611134324
-347274561
132794563
-1608220445
265763761
-672156523
-307640189
-215656004
-293950141
1919123705
1836667176
1932704969
1937237199
-1540169801
2010300445
1352611804
-2113111359
368686080
-1447733323
1546418443
-1806350022
1124250293
1329291799
1645799568
1317784102
1600022756
-2064478346
-1319994127
-2089631092
-1517967726
-1767931003
616574304
1368510247
963727802
396903978
667264611
583312950
892200341
216566641
725296311
-1432608112
-1232002532
1148061379
-11691406
22834170
-1155747894
-2067120810
391742055
-1169895236
377535398
646613991
286590413
964895858
-170012800
1983796135
109336610
-1845643233
-837457286
-1484881294
1954377036
574373767
-1435689526
1491659334
1949199874
-479643715
-88067651
-1858790414
-278098327
-1695898886
-373811458
-1917863667
2076650241
-1482019408
474228760
-1111199447
-239775806
353505502
2014150456
1561206345
1374817666
-1471855195
657187895
2028450959
1836990873
1164893723
-1070786856
-152045255
1124381638
-328362145
47184205
-1029884722
2026352212
-1830946579
2146000640
1880970388
-2096270216
-824797901
1308656527
-443404476
1181956861
-288407708
1754099223
1887494400
-1578858718
694504075
-710687564
-1085902204
-1351673918
-1069799966
1098437704
-1529659492
-2079736651
-1789203868
-2133077892
722587861
921092214
-279138912
-1214017532
225778807
1464911877
936553935
-1769649882
1014325937
781929743
-309023960
-386133380
-209577706
413013579
-206765453
673262583
1482856776
1657098790
-900506404
-422489048
-1536784654
-432654431
591530249
511421882
-933093125
2132955514
48189806
-558171838
327283191
-2006853751
762667999
-593352901
365204449
823114349
-1068982682
1437697611
681605895
1349010791
1661293910
-1376120373
1447492677
-455771515
-1543805280
-448224122
-782957963
-1407021822
-1842401692
1015747519
-1764415707
-561898004
413970635
926774904
-495050101
-1834410233
-1476195053
483269873
-1135360331
1492811761
1520143851
-1882522514
1988098564
1021184390
-2013205760
345215805
-2053348134
1209994117
257986519
326535415
-1141061998
1926611059
-69665827
584224517
-720034384
1428720575
1388679099
424035686
404115289
358643238
1047092207
1987258286
193878533
-1365341095
-1822440296
1184089681
377626482
1899365340
777195152
1919275041
156230107
1334397488
1994795455
-437473259
-520449943
1468424756
-1514124114
-1785085109
1568693994
1942041543
1132344666
-424449201
-556358464
-302992974
-835312822
-1650163555
1196439323
159250885
-126296349
930212196
-1395477910
-1507667137
-2004131333
-2094245748
1871865614
310849394
1446639019
-1190102790
-732701360
-744255321
710859113
-9959150
-1397939051
296254270
-1841051819
-580736387
-2001706544
-460761831
-475600430
574974507
-1240706761
-750037189
1503729240
532432027
944156472
1478456747
406086023
554248794
1736424622
441999774
287793280
-360691512
-294825392
750520788
-633164944
-310797535
405747561
-54379198
-129272467
685508539
1518710733
-1538763792
2087669124
1441172876
-1810991861
89915940
-259891950
-1205844497
-809791777
-314721856
-491604142
1721777831
2046476010
-2099429912
812158519
678064163
-1204063324
1947815143
-751542148
-2052107261
468481681
-969571246
388592888
-1064312869
-974534222
1602741102
152319798
1239410741
-2115606466
1955696590
-1444853435
-2055393316
-1578836335
-3358656
881024715
1584506711
-611521180
2075390442
32716128
427532467
-77878210
-937112657
1690713624
-587269242
2140069674
-1451011114
411946081
-1542550225
-1652329558
-1087874067
-1845895664
1735215458
-1823844117
1643136747
-388509515
-1755648285
-1548343495
829263252
498505782
-201835375
-1739109707
1888789793
-679523685
340456101
-100424380
-672322529
719983910
-1381358532
1759632330
2108588439
-1415254362
-488661742
398443159
-1846793618
-1635607796
-2083299441
-1627480799
1079552271
710792254
1885503239
1222059251
1215015750
1942334507
55761470
-27096091
572699247
-1824162786
157907497
-369824371
-1889429041
-798231209
-591292165
992535541
-1435852991
-774232361
-1847683745
-1295830131
524014100
-304313221
181622273
1670431331
-1306915789
882735948
1367204178
-1999614319
1332730246
2116124437
-461492852
1172084725
313061784
-533496524
125529332
1558376743
1360603002
-1401966411
-2034541986
1723689895
1032319974
33149852
1547913718
1137120086
115867046
979110273
-369950148
2146692391
-346799050
-86941854
-192569008
1390259478
-35467096
-2078804812
-1486548369
168908632
-596176697
1477714363
-587147331
-939966253
951861375
1733242651
-350147516
125969104
1997702524
1978757806
-1027882436
-1420741138
901751056
562095510
1331667340
575440985
-396469159
329942934
1872882320
1771438908
-711585118
1005462429
1716355357
825021299
1372978697
-144094813
1337189313
-613406331
-1889129886
-2072538696
-2019708081
1677296849
1960456795
-55870374
1463660185
-822870522
-1391449376
-469466106
259073663
-1434893096
1101553856
-1921240047
2126851624
1859405040
545836176
-1672652617
-1670902897
1679074851
-1463197489
-1812620172
765635649
-765617178
-510355893
404956818
49160804
168671233
274324162
1724190467
1484090875
-1736133501
-1452948021
42908528
-1676405145
1361537269
-657573898
279673233
-857319376
-1349427502
1340000306
-899618113
1317530373
853981493
1863590767
-1741417274
543859713
1378902996
75186820
286141440
813594671
1775746349
-2076992943
-1709479266
-67591344
-772395010
455191080
-990934712
-375392549
796946425
617712744
-1642025751
182490436
-23310920
727674219
-800924221
206151041
1978357230
-1791619935
188439497
-1489270071
-662458401
-825119748
1468294189
1974881438
1777594129
146280847
-2056307658
2057460493
-1002058685
1639743345
2063308119
1692420916
-960562786
-2052012569
-860316035
-1373722620
-1537309142
-955067455
1888835240
1613632328
1711834243
-1990694652
-372575043
-259525914
356051147
1467011017
-1805289319
842804835
-2077109790
1227800420
-1835288215
-1900101460
-2027376172
-792015417
-1083603656
1045832210
1647905171
-1043262680
905160137
360173206
421178341
1389552610
-848896346
762342502
1258601375
492815512
176175224
2022266535
-435824365
844561568
-1140970087
2092273781
-2069024058
1574267549
-752907289
-2014551001
-295211674
-1273397395
911089627
-956812585
1638766330
-1578007738
-949977895
-1897646048
-430728869
-1914271461
-1312852279
-1164163543
2032590818
-845630396
879829221
1442692578
-135977886
1659352157
2043962836
-1916188787
144611160
-657679507
-134902536
1691946880
-116009120
1316516426
706035971
1794607912
-1528599573
-1969410244
-343872560
1290734161
-1421232337
-151194912
510950256
-1070950237
-1425960098
-273305777
-1263868798
-87755921
1511460634
-1870815873
1405351366
-1821730901
1433468199
1852253416
855331060
-2025837509
-1776989342
-1391912598
185965770
-11613070
-186166031
-195923091
-232373149
-955517225
-675503173
-1222711734
1143035855
-1028971477
-1887972070
1544812777
-1672322593
-498906454
-1918855729
2024047786
-871741632
1588777361
334162230
-745357688
1701020362
-1831814944
2022649786
522661500
790450970
-1759381151
1652007050
-1110099682
-847008419
1144414440
1063201420
-999546990
1432553838
1212182235
-1488392047
1165859233
-429630685
867169524
-747186998
-1601081818
-216085276
1859092549
-428292229
-1756385877
2079461244
-606024068
-1772761874
-1321110702
1066750771
-298527896
610987689
-2040377351
510934556
1803555515
799771618
-809843815
-1783336022
427053585
1219607858
769550574
290685321
-1028331727
-1429946487
-441534627
-1149876821
1137387153
-1259955614
-26378479
-1895816800
1997846047
-1051101897
792232806
-1910927574
-1510094786
-1944039370
-2017863798
-1481446896
-1435139314
822481971
1047454049
-1165393102
-1247078416
-755946016
950150825
1040339165
352735048
-1745278916
-1018017698
-91303840
-1539928955
-485033399
1124257888
1233513695
2136968797
-1667236863
-249973422
144965478
454782813
692500106
-902383420
-1795015616
226339488
324797352
-1205861485
495395209
1941645534
-960614286
-2051955569
-1562985726
668441000
1821054792
-235678369
1407373092
-1728537359
2072339716
190196129
1067993463
-2080145200
-194216594
189533269
-1079478749
2033358723
831107829
124333947
-1870535993
-895784522
1437386140
-1377644039
1609955465
1869564165
-1677927118
-1035665470
384148333
-1672214849
1587704517
1786327093
1403034346
1389023981
-1583227560
1982719682
981999546
1148684178
1082488275
1770338771
-507559183
-344267725
-1276017094
569009128
1706035793
993426841
1596684322
-1219706108
-120715812
1694066133
-935266721
-1224676793
-1502336343
-1233071997
1326642690
-697390628
-1069218053
-181913773
1666439810
-1128451820
340894607
-329727291
-825808584
-501436717
-1178819020
1484782387
184844304
-1017179094
-288061023
1439827476
1608958845
-1350050491
-1208418686
-207883394
2095822765
1293223047
-2025010733
909041644
-1554548482
205620211
-1552501647
1656024641
1009944495
614729933
-1932959762
-439525876
-1016046886
1838333312
-1655499612
-2276851
1677176481
1944014274
1054072076
-455697672
103088552
588024053
-1834384816
1896864376
787674562
1313949392
1621507614
-2048781706
410748910
1691513406
-1145031234
-1620814694
1346392964
-826777978
-2083188122
352257553
-1009298261
1684130475
-744600883
-1862653039
209509901
1480144661
1722282493
-1143606886
-2065517106
-589860496
233119597
2137847037
-39875143
107510483
-1348844466
131338145
-350139716
2113285157
-234421723
753118596
-1892167786
-644989764
1153324697
-476910080
-1082835250
-210792634
1278554253
-368241329
-1946425370
-1228609300
-620969359
149819985
-1356770352
942765748
1436493269
-140829556
-1999559519
-438975194
510272575
1836625523
-1609450364
1538919986
249379133
-300982294
-1799888912
1358233936
36512188
-280664823
-495597795
-575378967
-2002744165
-1628785376
1480938163
1824479221
1538179195
-1808654854
720656324
1247784676
-2147333416
1922156390
-1164626180
1494957761
-368112547
36301554
-1610271977
-796734571
1158428275
-1636252679
886913682
2111809289
1343753754
1930361824
1278810277
535740494
1532266492
-1352132964
957104495
-1604170175
1411977663
1262396278
-159732365
-36603959
-1513677670
-873712110
1931442242
827301507
-288080598
-1511953491
-1198377350
-1571082335
938865798
-1019051867
941045486
1550720783
1311274640
-1636222402
-1418321114
561541334
411763086
1968515234
682996489
909079749
-119432456
-614496983
-1473091624
-693987251
1505052051
1620586715
-378437026
1026618028
-1443298114
-517630158
1802545253
168357710
-307543797
718895395
-733614740
1208859247
1380999697
50914399
1626026646
-879471612
-2036551297
-900343083
-1270148636
-500929317
-344925324
1491955323
-78329690
1317499393
-1565679602
-1935321778
-297806546
204630627
1805158977
-7325289
-998294585
-423785801
-1647001623
-1722791314
-194009371
1340515228
948977441
199479427
1087035037
650759679
1152851157
-1239430372
-2019683497
399374785
-335308651
113826137
1479055297
-2072427882
-321185364
58389439
300033542
1195061040
425027953
2056567283
909720639
1467563675
-2016624932
526604485
1536924713
537683946
170553179
404245616
2052266520
-64720877
-2146608922
-1646099681
-169089237
-1636812265
337926480
1025024947
528009921
1656255845
1877501664
234519747
-111345877
-1794355584
1065819680
845930468
-1148541534
1500906975
-343418636
-764711639
580912507
-30961389
1942135533
1277956845
-1807938919
1852680751
-1461608737
-304069169
-359811294
683274595
1142600112
850539773
-1885504396
1543177450
1230538355
-2108391755
-237850790
-1568427226
-1008255052
-11851511
892373882
-1859081464
-366319083
734323426
-68060654
42880693
2133263385
-2082942650
-873295901
-1917416346
1778757439
-1904382755
-1065060756
28893583
-782344622
147927985
549794907
1994189891
56628479
1771451188
216631616
-1590546730
1509723303
156085895
-1475096445
-2115638845
1953026678
1047618809
197238680
2030186448
985739956
-115589939
2092471152
-1916299153
1857029467
642537023
183370034
-1425722265
568078312
-318453047
896302634
-1930909517
1910337654
-1087005534
-1007324415
1627034538
-557726201
297048710
-1454625233
765042783
-2045736411
838482876
-33871444
780725322
1710034857
973191253
-2093254675
-2041797849
-2084316454
853270961
1538362382
710538526
-1257584967
1903722311
-214838965
1758317347
-1202869350
-2027801692
1257424308
330292639
-28943626
1818570163
-474379231
1711149391
-1084750721
165227071
1458121058
1679179372
-558671755
-489977418
-651435845
2043856396
1525283640
1649311280
-1863228529
-1089431096
688725533
1610519982
125028442
-845440611
-321105532
-1625283418
1604353252
-873960425
-79240151
-724937537
979478451
-53398357
-170695750
-1326588968
-963138368
670878821
1789268650
1180802894
-472266386
-823238462
-1491572923
1342162814
621804471
-902456098
258009091
1216481160
40347816
1729478866
636221728
812916054
2085074446
-495170729
503017323
-1921004068
-1711273103
-2138695250
-1741947810
-2000297568
-1975800255
-94625340
-1982019730
-1154751107
670821711
1830759056
1936115876
-692145245
1750486910
-567531840
-506021779
-540669727
-761906758
830018963
-793401171
2133174822
-385974233
-1604022776
882481945
1449975364
326522525
1213225016
-1191663419
1555906551
-1573890988
-620644096
1347325692
-1497486298
1141997275
1296585698
1984804175
-1822273432
1854509135
756467500
500302064
-275178039
-1041437496
222717530
-119731904
73278412
829684502
-722356552
-1387757147
-1187735628
1477104812
1088918091
1179970721
-1858237441
-698908452
829625585
-955782112
-1627677646
973877060
-2083342393
-1129397488
-222359332
-704764536
-411353398
2031017014
501333972
617698369
-236364608
-1441306049
1235889348
143902516
1653551448
646214933
-132010517
665019590
832112016
1561651316
-1214146275
770420911
1779886678
335181756
194493711
808486382
-1731256974
1497590536
1044556497
1626733564
-1898489694
1215015294
740987803
-1293620413
-2007929082
-834431768
-618414389
-1634810671
1183440062
-533689724
-1879843794
-1335185080
259861713
-944497385
1468249726
-1559155943
-1514972848
-1671144377
-1625617877
-396720143
1756268986
-833569494
-1967356835
-1520949902
-904080478
-1904969703
-2053886406
1080503590
-455941745
-611291190
-557135772
-518577232
848274466
1020523933
-1187718459
1183692612
1793552766
-1839399114
-1099137906
1974763864
1924609763
-2096258741
-1026484100
1007988635
-966352740
-1463950402
890810716
-636499930
-330671077
-1129430290
-44930351
1180957937
-1645881246
1334866505
1871862357
148750983
2027825315
2143368229
-1443175299
973053437
291892522
782719696
-6804864
-1803264480
973366906
1222199013
-1387901959
-215010323
-1374153034
1022064353
-1189904149
77618757
395810115
-2098187
-2078584826
1461476577
-1684440918
1431824413
-1024957144
983490178
-833193278
707070320
-2059482075
-411967891
-1528349939
-353663303
-66546741
504669462
-751746206
-211275449
1329274144
1237688347
93139660
-1494638591
640391917
2092778867
-1175833934
-187209795
1462601087
1129805287
-1311696329
235144401
1606289068
-582217024
1072423907
-969192983
-383016428
1894693569
651975042
-2109183974
1457102248
-8854953
-1770579380
-221518793
-1892487568
1910553358
-1373216955
418057571
1196993928
-420307385
160047591
-530069273
-1076602517
1418325800
1705085181
-1001863355
1180067699
-1709070381
-1423720495
-1792575859
-368186976
-775682599
1282186121
1136281070
-1783739240
820251120
1019458253
210177679
1879339502
1277345508
168479661
605205919
-1169380698
1789754315
726320066
-90154070
-426813960
-1761503876
610555538
-589058770
-664655788
-961203391
329016888
1898915950
-70754650
1085029067
-552490428
-1075811195
1758224858
68912998
-257693472
-681974339
-1156473182
2049695853
213065267
16411425
-1287285386
53568255
-979421687
175677776
-2126289188
-1098689806
-1319683149
-1760479596
-1725079575
1011582727
1372660779
1263815730
-671855865
174318687
1932629628
374317315
620529911
1674288430
486364768
-795324093
-1693632999
-861591891
2099524906
-292536408
45473771
1581849173
-162550554
1953528758
1075547855
-1224116663
-1528985154
-1453115055
2112235536
1526984979
-779008610
-124965485
-753701850
1041847443
1552742939
-594582305
-502983367
-972352461
-926086000
-922229194
1081334243
-434138529
913307786
-2027374648
575232058
-960444108
-356131739
-69068594
-788583155
1922058871
-2034652106
2023097494
2118237036
715573960
1759522539
-2011671841
1333356653
-1402688490
-23647823
840960358
1891979053
-274973867
-1453236843
1417917120
756986133
-1154116242
-246269075
1826868842
-1760778658
469198711
-1121553927
-872174050
499372758
-65077725
1389673028
256005223
1711678179
908417148
-1170962864
430581879
282252488
-659148337
1695446513
-433614024
1949782567
2025404134
-2033928711
216258976
546676166
1604115068
2013244821
-406665143
-692233835
-753566483
-1297244682
-355007424
226535663
1199233837
376051763
512365852
-1874955488
-501679878
390884717
527596626
527419943
-1805059499
2003467571
-1667011128
1490975164
1333370925
407864872
-706282073
-754515309
1326865501
326950115
17618805
378045922
1907831001
-1979405034
-41627038
-1918278367
-1674392029
-911398671
689829601
891263504
-1714445054
1946995400
624413050
-1363670274
166190966
402033906
-1573064994
-1368891577
924808422
563559412
-451183301
-1190455267
409652635
-2012002593
1356893905
-104992373
-585651855
847688182
1122101701
-69808201
-638501429
-1740697709
-1959145163
1273216103
1102298823
-1423858870
-1694084212
376355013
93505458
363729742
-1759598058
-2021234842
2128172734
1378896915
503741910
-291974520
-2011150
347765301
336602519
-12725605
1007401825
128597656
-568577728
895670530
725758622
1896513743
1534449260
-1306385638
-383962770
542475201
-1087303110
1655413114
1230126527
103882889
1248367712
-62529668
-574088487
1022970782
1476839302
600987388
-706839597
-1618261965
967215825
-861463457
89778503
-2046415392
-120753987
-1774305577
188468808
-195320702
562730799
1382660324
-1193680748
-1361708450
-1734185782
1253043485
-1358473210
-479790964
153155457
-1150506192
-1923765939
-1511712366
1622241388
-91291354
-577128478
-2020407730
-390903585
244079851
658354999
1638366489
-386798408
212189709
-910748884
-1387657431
426104313
1680086980
-1761908794
-874831817
-4536938
-2097360079
-851054558
-1499155359
1153447310
-1080000022
1579887783
1736054865
44455999
-1345783626
924246138
2057101213
-2009384714
-1791677804
2373174
-273795728
1686163909
463268866
-116982820
-238380182
707668633
-1761139077
-340252152
-664259899
-113584757
1532051520
-1190712730
292418488
-826975114
-1117864869
-1621847709
1266448159
102396873
810833632
-825082073
734475867
-1804859747
-1649270410
602938305
-144218762
-509317111
844391445
1734075044
-889205877
-502041163
211502608
1584247121
-954516124
603445165
1836417878
1581403477
1646632548
-142505609
-1224035852
1113544054
1685687207
93710439
-729424931
1556927017
-570747545
-2056223952
-683052819
-1538074298
962210465
-1882175810
585225515
1967208702
-442656008
-1458953149
1788612430
1158831628
2101465816
-1353218928
-839230590
-1063655126
-649808418
-1454891867
1419290219
-1300060218
-1070974090
245626762
-223398807
2078729205
1671147973
-1115436704
-1383991010
-972472409
1291700937
-617422926
-1091607764
-1042051300
-1065887809
-170966256
288989251
-609982826
-1331112252
1037163998
-1269719718
1149980496
-1309854017
384941161
614156091
1478416302
-1394444931
1534245434
1150734149
1505161909
2063858717
-585027409
-1353516947
-1207346500
-535896659
692157126
-1253527419
1158474595
496000021
-1579982276
-1736410687
744761028
1977440051
1006029270
-337221515
-389129751
-2031154617
-767547139
-860243677
-1121840003
1183038353
-6247280
-1068416331
-297080891
1302872632
-43052811
-1807857402
82813136
-457603474
1918601585
-1217694810
101020141
540762064
-2115352390
678292702
-588791972
1020556818
-1850376503
-1810174735
382960457
194316251
208723955
1741960613
-1172275979
-1851212819
666241338
19022337
310484790
1307697288
708990432
1616588375
305754657
-703677168
-1983645123
-1300128636
-1379509244
-2127570451
719157202
125245557
-682228326
-1674550606
686014109
-1051606802
1754156409
-2049964416
1850511278
-530761594
-13795633
369097388
-2012744455
-1320475915
720027469
-1104477281
106488430
-2137541998
337307746
-327505922
1248744518
-2090137066
976043948
-677776886
1111457440
-611813723
39240363
93872968
-1857887669
1969800719
1895430583
-1785332125
1438735077
-38978222
-1362852301
-1425306799
-855410140
-1846742173
1952112643
-787449419
-844577677
1756795949
1744696890
-432929404
2086511296
29151193
387819288
612729322
-316793452
-1849427376
-309968077
1339682414
260093283
575381245
1007063027
-1953809836
1617292325
458689751
-1672544958
79419970
1277056037
-1033625954
1319240324
-1830841307
-354273256
1154466660
1257821893
-372464299
462631024
-1982067890
-641796047
-1808357642
-680445454
-1316766565
-2089142584
-305605471
-1577967227
2105783525
-639879599
-548693692
-75278003
432183975
320183183
2140898886
-638874888
-993811713
689068210
-1611261714
243432279
-1336315980
1556729104
58913285
-1228205264
1385843065
-918246380
-951688263
-261840558
124205682
1973804918
-1424721469
-83514904
-672412424
-526198612
1005182924
998496018
127169177
-710212192
-1232975348
-2028872015
1901451106
-205169502
475677748
655716738
486516063
1395012511
-809203058
-511408274
-688292766
1206834835
-342273695
1356504351
359735811
833327419
-494395751
514569942
1894591976
1597775887
393943463
2112109691
1269282374
1226685551
-1912277594
455213813
-1756839769
801978396
1707137470
-1014753605
-1546618131
-1402283031
270396365
840178603
1895661718
238091697
2072404291
-758819302
-1921273791
-1024884341
1399601741
892514603
1491883376
1117633084
-524022987
1376147044
-1214207346
2055167213
-1676118008
1904913022
1827403572
-406815715
-1746450824
1234027387
1669516967
335265240
698558980
-105010178
-290377051
19743016
-1614565803
-1456142378
1267310176
240117452
100590571
1129639387
1791704522
-1363545817
2086580984
-696120579
-480389869
-527487109
614332556
1646813849
774249583
21899350
827838961
63586318
1323144220
-2048854196
-430589352
-770429552
1858409635
1022480869
-286302540
-902233029
-843473059
1506699225
288967653
-864654997
-1331219656
1126470266
284023577
567496010
-2117228101
1721108337
1305346159
-1674625366
1544020039
2009596588
-185737252
1540532244
1720037790
309271447
1161514066
1075661344
778929065
-1306084983
-1681222370
888243974
132279669
199678848
-1906817647
-246393995
741882238
-1293801711
3455714
1854070947
133089328
1891725977
-1313295278
-814984284
-56453462
651247288
-1968160367
-1636884993
-910660156
1846072064
-1357139104
183946110
644250963
1981411816
293368439
259021126
-1457690709
53696518
-1730289496
1653107238
2004353381
2114943613
1630054467
-1675105229
-16725663
629946547
206642620
-1390607468
-24617714
-610306745
1624741771
1759989401
-776442648
1011337794
-2011439021
2029770514
1631778114
-1688744821
-2089605306
1095124190
2043002693
-789736800
-469626169
2079466945
108424760
-78679421
1565710672
669015675
-1288987391
1526868721
2008646805
-1361438443
2140917738
1786506201
-468270359
1473496189
-1946992984
1092284940
-794039583
1940388181
-647120231
406694448
347673910
-1864673273
1622291789
-2067427590
818442479
309834780
-8279224
908932763
