-426627702
-1611608754
-734281357
604734064
1403476220
-1609970354
-1923730421
1661330912
-558567509
1617043891
-889562379
1431064029
2044316646
1181550728
324294671
511644650
125565770
1705633190
-2078447920
237781216
-1141310105
1730561681
-1814563448
667510494
29935779
1560006528
668831468
-1004755331
1909569886
-1810405955
-1281140782
1393840968
1290391383
-1114100945
1889674552
1896868715
-1939612339
-152428748
-644125046
-1550559575
-867332375
1705605300
-1346068445
43032723
-588420902
-1214706317
-252276204
603431414
-262265023
-523806043
1402414885
-758755948
-15262128
-1079835961
1674532888
1742050327
-385384147
-914828116
234893108
760353602
-219892965
-958222379
-796035071
-1398602647
-693500197
-934290938
-1824708785
1965891107
-1521840048
2084870677
416726909
401956157
75230305
-1401410556
-2002897673
1005775089
-527752414
-371891630
-856025344
-1071741353
-711260106
-86800243
-1555234639
2118209306
1606270318
-387818709
-1559849408
57384815
877738933
436021402
661688965
1142452035
186713648
-1742311530
-1660901190
831556275
21851041
-221344071
-264225150
392453569
-1256523252
1262311768
-1108917716
-1307949245
919799964
1983882636
-371744456
505063198
168328134
1473718157
-1317330151
-1585308748
841099182
-88330681
1843244092
680895130
-952208182
2053510438
-1761989304
1467715726
-610653499
-867664076
1146143399
-1340631897
-1210153563
1228975974
859883589
1691826894
878246191
-1676701134
571073943
-1801477780
1751205513
1383222373
721638879
1660180069
643352609
-1254857934
1590227117
1685753668
-67627059
229888397
-1978550616
1518022838
1380873012
-33513799
1155262094
456743228
287867499
-1052325344
-925442439
-1608883428
-53844766
-708140958
-860664477
-1862823528
759376001
-710095441
-1249478421
-993993374
710807309
-785596071
-822764712
1176212558
-1197980208
-646629724
581606878
-1642151863
1892152185
795342560
-1209814240
-755332727
797687872
-1550112582
17012214
2071398405
23608397
-1525956402
-1893699473
101333031
-823474086
-1741822081
-1762939111
1376519872
-142613354
-1052940278
-1221770113
-1500862404
-1406858804
272465113
-609148686
196128534
50098372
-1002926827
539878028
-456026739
-599036951
1262858110
-1718091407
692629144
517093164
920847998
-909837224
-1130253802
116810279
496060794
-579450551
-1706993591
539441284
-192016533
1478233768
-248006523
-2072654689
-1001410899
1729882225
21847844
-1848604567
-1589721578
812137924
-705212740
-252942192
-447298742
1106832036
-1645387629
2112112092
-1206388146
159269371
-907954093
-264711972
-976543142
1773382625
-1181794567
2103583681
1992248306
491217949
658528531
-1194455415
807969847
1654725867
-967947222
-1540062881
-338192006
808028671
1814890364
-572671679
1466250513
-95348791
1419658222
-1509158173
1475001966
1941197563
-1948111040
-1149917230
1109916524
-123681721
-1536485758
-556262948
-514022932
-500874131
-1409498170
-646762321
-296825184
1711606900
-579370218
-1076023872
1430361382
278201911
203031208
-1804731794
1782316376
805249314
-368803249
-2136173466
1345454562
-1646284995
2038105653
1576819784
-1767480300
1626148458
-2046066489
-646042998
-1284151048
1419387370
2073569263
-269267299
551932839
-727162843
1419078024
-89203635
-1138839336
-827950934
1506685710
-528225427
-1963604039
1336202867
-1275559787
-345657934
1794360321
-382107026
898590460
525893343
-1012372154
578890296
-1727591070
-140422366
758808459
-1604104405
-1212003881
101918654
-423364324
272359834
-260516522
-600811031
-540741218
-110310310
993544947
-791672842
973360737
25048197
-451320240
-313139017
1456924665
2073850234
-244959915
-2054355684
1631253772
732889383
-259706593
-1961041889
-1900097940
1463024778
969437753
-1952900892
285696103
-1228943244
-880839671
-727973093
-1975788194
-1028047217
1201478540
1986867624
1021412756
-1729762653
707458373
-1314123898
-1391749049
1188821012
1021173362
-779050264
-630144508
1404140462
-1347449471
-120398176
305699895
-1450523227
346271169
225125828
-647425535
2050279382
-1407810980
-1385896562
-150684082
-385278893
308167813
119957892
-597125339
1814917150
107458797
270487000
-729253310
1075336755
-292980614
134296593
-1802539295
2120337099
743540794
-2101568022
727822556
2089144031
-1530241899
-2101996935
1590417656
-593218582
-1715262
222687635
1443608186
162533363
-1700908164
1205311854
-418075135
-835802678
-2093656588
-1440562552
-272977521
-254472815
-788188663
1682191816
587998696
-1454888578
1892954806
1546207458
2127841567
-1187286306
-153939509
1595116799
-356192659
-1352247460
126953951
2016492444
459252548
-2104951166
2089776004
379547057
-744255069
1060970368
250192316
2045483286
-1157188693
-338170068
1041240492
243945506
-1231672206
1181641290
-2130411121
838885269
-1518151145
1516077068
-248069396
-1696241993
2015130903
-1597251365
1446894603
431312320
1435422941
-88902313
1283280037
-153600390
1037701535
526172573
-1517458982
513737508
-1279792281
1746319559
-1019673241
-9703526
984432239
1167705272
-1403923433
1193195698
698918066
1026360856
-926922886
-44311065
-1618754369
1737560221
1464520404
648972604
-2050589233
-232544372
-958680232
-1559361190
208159002
-1209778561
-1781791851
926829051
138226789
1413038696
1462583856
638905995
310491615
13790933
393399251
-752684276
1003559213
-1828408459
-629725083
635238201
-184580669
935357914
334019451
-1185245202
1846750837
1477114752
1005357069
-479757626
-601128371
-688855027
1669135212
-1138298875
-1278216546
-1653195814
-1980370061
674582200
454859353
-312561999
2124313597
2017488667
1741949598
16761560
286506902
482535226
-37512042
552275022
-243218572
-1188827686
-77606785
543107156
-792189272
959973272
-766746104
1934764334
1886788752
2101142099
-1058764322
617642538
1974680207
1831666375
-2045950842
1989640161
13089024
1659775097
316977773
58947772
2135598951
-1784181798
998171965
-1042521670
-1726518295
-1514448217
-636375439
554034031
-623426051
1521555086
-1275706581
-472741041
865323108
-1189823978
-16725692
-168110804
144866902
-1742157889
1159405988
-1002649348
-1953943555
-58218648
-988707884
196161760
-746751450
-2018314767
1465171665
1647291233
-1491489483
-78271712
1700737826
661331452
-1106499750
-68666936
396810796
553929696
-584737279
666111527
-2116555067
-1016556299
-1937896817
522587792
481889030
1647255840
1051668042
137757257
835899237
84343749
-1130438248
1386414774
1006790402
-26418291
709010027
1545820854
2059369792
931648104
1365841403
-56068020
-1319929705
1291289045
1462596022
-776088447
13176488
1934651232
310640500
1326708105
137921937
-877320852
-712101649
-2018054364
-1668925822
-2118857678
1129838194
1367475527
-336714352
663963401
1468484815
-1185393413
1276166856
1033855463
-526240107
-993745021
534915207
1484772135
-1759603582
-1558129724
-1491178744
-1448602228
-1498246858
-947432991
1744489790
-1062052219
-745302998
-472390363
-1762332956
-1267977038
2109534175
2118287398
354306001
-1019778394
808894298
1549387558
-1806465904
741966318
1827186382
1658901692
1068800048
300923474
906718107
-694278989
380344151
-1285664422
-536373385
1253558577
1998434461
125154835
-658597142
-1967436261
826463767
-1632586477
-551607553
-1548357960
-766120912
-1113923399
649893432
-286785132
-1810329152
-2011252295
-768807742
-471286106
-616377002
896490455
997152745
498975668
1202219992
123319026
-1898877747
-1464075530
-1016972210
-771392445
569362006
-2076325895
-2082188038
1928239078
-1194700188
-1919639866
-1378509397
-1687982438
364101195
2002413891
-201335982
-1000509500
-244926850
1403608792
-1610360619
995421113
-167580279
-955829675
-1847146205
-1174286788
-312533436
-1891976686
-682936697
1779367237
-801342139
1662088791
91820865
434003972
1270566294
-1332962818
-679624878
-1932013020
473402535
-1404864170
484841367
-2002942124
-206575227
-381451445
-2094931431
-1658543358
-1521976500
445917379
-2067715165
-1067906967
-761402662
554128970
-206476652
182429390
565511109
2003133424
1604942581
318424581
245227662
-426926223
-1789868083
818419514
698426902
152229015
-1096862284
206081517
625017424
208500700
1052287653
505300286
-1782652361
-1286383790
1147146008
-1209207446
-109964542
1801385415
-1689533360
-317866603
1296745110
1043264547
1868893169
-2012265015
-2036329668
365440277
1116949717
-1719173826
840906388
-1416927506
526098719
424442075
-895695928
582598604
1167800719
1350448636
686341379
-1047447558
-332127721
421741941
2061039652
415039127
-806798418
2075566807
851762863
-1234475915
-836796571
1680161777
1156102403
-350906046
-1224221001
1654516889
752220370
941856493
1729516836
159314604
-1384565044
1851318082
2027945728
349707858
295032733
-509808681
-138196601
1101611654
472026138
595365931
911904821
2004396501
-2031017802
-1947247093
-1427457196
-1906994331
1170165818
985611319
-1392200746
-1172898760
460688820
-777681082
1806286948
703019186
-231474768
-1173605178
263200694
758194776
-736299355
-2019606362
-333024219
-1525948966
231739570
-994243368
-481700738
1871609171
-1820382070
-442853582
-611609064
289735374
296956331
484092309
-1302256601
747931404
1920246741
-1767544752
-1956022189
1601472643
299884474
406840006
2132347012
834643626
1500770033
-268858803
1842757119
-1447146125
719726384
1849668441
1484638646
1974605081
154405050
453346521
-421041701
-128919013
-1672474602
1957755360
1568208053
-947203705
1214082817
363059592
-446776137
-1327030917
-1741037404
-1652438766
-992108082
1098294760
458493193
163765330
-1750834182
1226127769
-1279250485
1211385929
927402784
1168980851
-1033636339
-1543562221
1533573149
62021630
-282212435
1155998723
-456953058
-1051967709
-1176834120
-1091413236
-1215968466
2045886007
-2146215905
-1194619294
1166367504
-1396533704
517524651
-281471136
-922745010
1895594581
-491587282
1848299436
1645545873
1170055859
-1428121862
980460440
221715763
85901166
996769175
-60987701
-725851886
1254791133
-277574993
-1984966880
-592837977
-2082874854
-1140878003
-1638549043
1931937366
-1793204544
-1706631098
909909703
987939079
1718445302
-1811103754
10507877
-1267673356
-919434580
1372153647
1702729027
-647638076
-1096186588
-287961233
-906247576
1964814297
2066996660
690352208
-948761685
1287575269
270284489
-1538082236
602528850
-1347583037
274914607
-1041659776
-1322706437
2080671108
-1332850
-1908376008
316459967
500941255
-622201289
-252935411
2062913427
1148061773
2112859424
-445525309
-1998350
2074151883
1775284781
591483959
-2139522120
601068546
165424561
-1497371761
1877592657
1385446668
-889095373
-818660429
514573842
2117359609
2140061812
-1035302149
-2028475674
-917520230
-1986826064
-190464216
-1838262484
-1147421540
1708212260
-1024482152
-1599220512
-270780457
-2033562672
256505013
-1469067016
218100200
321091966
-1356542034
-159259376
1733914876
1753109506
-459891350
-983836856
536071663
475916226
530352568
219886701
274705813
1004430200
1181355978
-342103978
1782971222
1765769526
-345945885
1540847760
-1596770049
398326698
984937039
170575165
-1607721
-80178269
1414553236
1924953144
-1625010447
-35558957
-139409946
238840445
380854976
-352014122
1377741279
-1311311928
1177899504
-151389326
-882032529
-407070597
1962023795
1642441504
1968249360
-2142670396
1113674201
1766081227
1421768510
-286921730
145862628
1536270807
-556596954
-747892904
224191067
-168137884
1792399773
-546077004
-816997602
-836362797
-200001965
-1063228207
-336903814
-1106469240
-1341129912
-332445781
96457662
1840397809
-891746178
-960834015
899796494
-892241977
331427567
1138660312
1402284662
-1591086188
-1020919615
1982011231
-1674326462
2074118516
1980428471
-1093685613
1134491788
1725189919
1760654570
554622277
-1660910059
1166602534
939794617
1384751641
-423879080
-695804804
-2105218562
1199023536
618503644
-963249097
-1044509310
1465956361
-296529463
-1472196712
599279282
-2068955100
-1286088514
710138952
-286241134
-1578008088
-447169311
-1510817564
-1183787535
-559030714
-136045770
562457531
-497717539
-255561315
1878584372
932493782
1141774681
2039526495
-121978475
994312760
-150837427
882639349
-1555886739
1220694374
1655598013
-607639072
1347896958
1105615145
1715661117
-936415456
-1754497590
-1618405231
1685418916
570071512
-204064408
1518567485
-1077643009
-1034682574
1351067803
1546360538
1346266568
-1146576000
1101759776
165732840
-2128979880
735500963
-87542330
-1041230140
-1234954343
-1946416464
-848624060
-300787742
-253476609
143226064
1085179974
-1723039143
730390968
-1805506457
2057138633
-264810588
-517869791
-784169865
850693288
1946242982
2122863228
-1596724410
-35943563
-301465874
595426272
852855871
-782903412
-604668612
385658992
-940742635
-928404379
1596237892
1234601935
-1539116242
-879946710
-35283279
1828867283
-214500802
-1177708151
1180233580
-1030212232
-1398624975
1830863562
-1321731811
908240406
239203405
-1458001373
-750436879
-2036075562
2139845527
156845899
-695750754
-1231988126
-310714250
182468172
1965045667
1205541083
-319255146
1744455581
-424083500
-1591416304
2010337551
1956545903
-1014874347
-1877914645
2146445509
-610706873
883461733
330648110
547701009
-1049258804
-1905456610
1232191583
225198496
-1314126622
-741883014
-2000009471
1232209051
-225522186
-1694415271
-274644988
-481813496
-1645802853
1312307008
180598397
-1252079249
-1399810730
244600228
237438361
1026837440
-1681323339
1429745257
-1880786225
-762271885
1621383333
1310190245
-1071225004
-1544336143
-2106953979
1592927912
703681748
1070219570
-993598090
604384576
-1665969826
1633725606
804039284
-1258196168
-1623685473
-1628638119
1012731818
1396920098
-632582062
1107607889
-1021130879
-818026154
374294007
2000656954
927377401
1504159802
2067721154
1932981061
-749910340
-157246270
-1194590506
-1533224884
1525269104
153334586
68161714
1796248889
-150778548
341027907
-1799592469
-1830092632
2112900333
-894426598
-1810346981
1840401611
883106666
1094655520
-1883612391
1333756558
481424805
-763624810
939005290
1906182907
669254372
581225639
-238380042
1280305886
-242982497
1225454251
-190945026
-618163028
-1050462821
1620927145
-378583475
-1961724768
-915688649
1899324702
1492185773
-985818330
-2042199035
-1953994756
1838688924
-927979139
-2098896740
524088821
1532954687
1410163863
525202347
-1782489608
224063127
732598851
1640454737
1768345339
-404130830
-599587699
-672213588
-1624511493
-1868759133
-363399324
-2006089296
1456348224
-899084556
2145920125
1733436729
812194789
-937863845
1477521783
1940877154
1969262743
-1877070868
1076059200
-28297705
734504604
-1905523697
-892859978
-866612760
-1405683177
-1831677582
1767512721
516141856
-1438560118
-955408576
-729470337
-1105433578
1404823195
-1625701229
-1384702576
835579074
-1290316262
459828262
1590861780
1229036434
-1722656702
-1904975026
911702849
736524158
1021306942
1366385706
1344268250
-1317236903
2020510191
-1117171943
2023766542
-825222550
790018284
1517225836
-2054646947
1102382651
525517770
2094393180
-1786873535
1120734640
729978780
-1546125506
362706507
430943578
1776435133
2097452020
-1475073653
-777221875
-1090380340
-948727642
51996725
-1613359441
960241143
-1202593870
1905481088
-2020892077
965831548
1931861728
-1064397615
2123825029
-753899155
-1838521638
1967782424
1583578087
-711265357
1142029786
680615034
-904337668
534850644
-1200915035
-1138725072
1656668995
115693816
1543230647
-673200978
137950343
-1818127192
-848239937
625762311
-248479883
-1045407271
-1424764851
696023183
1511009902
-932894551
374927817
1614435265
-983158882
1255329127
1133929895
1859672419
-210173875
1460734809
650764760
1777321448
351222133
-1444171848
-1880529789
1617796884
1649349011
1178685695
146914292
-1368928538
1494460354
653803108
-283043372
762218673
-463246332
2077516710
2000364954
-1129554805
-1135331101
1424041225
253182529
57253099
811528760
-103909474
-1951335621
-760350067
1500364106
181451208
1451084964
1627749017
-1559419366
1401360378
-1383417157
1679567619
-1694906884
1449413061
-728273779
154548532
-1211547799
-1269656815
-1447313934
633360106
335979283
-519408214
2004876477
-158443172
268931642
85585662
-1742781138
354229921
457224766
2065735204
-1121013333
1083000145
322258292
982666784
-1688514129
1783935596
1267137852
2141282405
-1365500926
2131583354
1567119698
-1710826598
-1756082134
1620515572
-838522779
-1955192159
-1212810463
-634147614
-929432091
-823748652
-1317301433
1201375684
-80957151
-1816285039
-636821606
-1618808394
-647677552
-7848712
-847077853
1592134094
1898413166
-1097209869
-883450445
-420182584
-1115431030
-1412025482
1077755599
-1847867419
933082462
-2108263161
-866086936
-1925670129
-679225761
81041024
-1581483825
1239935809
-370607210
1996136211
1740679527
-1971314651
141471344
-1741469553
-18071653
842202622
705618385
-157801247
-744990574
2003972295
-2057467794
-1621223460
-1438777055
-156310116
-803423141
552151356
1682323841
-466676135
204688355
-37948696
-1842741183
-1099338880
1656668055
386871158
1502845053
-8202144
-1208537687
-32101132
1402044240
1607947634
1730965114
1283794917
1392428166
-290890491
-1970698640
725930634
894155414
306843166
-3909363
-1701409694
-485674546
541464985
-22218435
884280818
-647515440
-1316889197
569453294
1542294728
214920252
-680439029
-1700927003
-1420256323
-1209219154
2049880518
1697778127
906644347
-234825238
637333108
-2001583210
-2012917953
1713644118
-2014218480
241189878
1588931038
-1687335512
-1890397812
-1329885361
-663771380
1152708575
1106247852
-2087956804
465446108
-1870239370
-1752247503
-1440392605
-1540132478
1847421911
1372422458
-972286706
-207928992
-430780146
-1799996441
604630267
396132671
-1504527682
-1224109249
-376138257
-2051536676
-1994314665
841930323
230117520
1176596903
-1684958071
117952931
-1065823500
1233655238
-945227277
953651135
-547445131
1656912735
-5652705
-264110031
510136006
-2085703657
-1853673038
1482991770
-538456501
549345493
-531736353
-1519991782
608525220
-1731364406
1847899933
-522095371
706960522
189741749
741667609
-345576334
15890910
-2050217117
-322659348
-1787187962
-2133532417
123849845
-2113045360
598952626
1948780123
-1381277595
819475088
65818025
-1236304568
-562542390
1033698303
-768795851
699726100
1563718619
1242493098
373950682
-1986081958
-1507090895
914692752
-863306309
-1262521449
1561881808
972562834
-421444036
1618351100
335324007
-880640410
1999928808
-1948196987
-1420821801
-457414447
947499925
845141321
1365728241
-1540623083
836119494
-399024876
-53575037
-1382738777
1463903567
1323800882
-1335210859
175926820
1546667071
-758742643
-119916048
720060550
-1861384455
1706564602
-1259085857
-592329326
702671268
-54434353
932926777
826853268
-439313468
1558692536
1139268254
-548774322
-768414679
949486794
-306953473
1870989101
191385351
250438104
1823400036
-1507095362
-2028068250
-1964905979
-688588567
-103321249
1646580924
-17345638
780273673
1664799033
85873111
-746573799
1652248606
1824124781
28039680
1872682642
-823885784
-1477188979
2071963485
9490228
1523741132
-1010494387
-1743190633
221375526
-755154016
-1899657094
53985212
-1777517673
1155748773
-1678762198
1870530661
-1978855661
1908596244
-801159628
-662290405
372134936
2026390621
1541328354
-1876673034
549444073
1630224492
-10890011
299892358
2146410657
-2016049107
-1473839224
-1607344905
-319453814
886154578
-2023461336
-1662600593
-1437867857
-613874349
-1665653021
-745228358
1901848495
549750198
224454287
-529570519
-1140004396
-1739390832
2144242926
-111899466
1845672291
-680682165
-2049402849
-2133263764
1632163381
-1159075416
102523734
1974396677
1609379206
1707474695
-1485562673
1781917908
-1461288180
270219238
-887970049
-1029796123
-1613768885
1699232167
1642060045
1913260642
-1513922777
671831701
1400099456
-491746760
456450234
-1756197848
-1480108488
-1734398727
139757927
-1625906808
-879075166
206089475
276861231
32189007
703687974
808594146
-421707966
574976403
-1239605532
-1246250510
193995737
-233271006
-1731772256
-159739063
-745235646
1686452495
-356823046
348459731
-1645416900
-599790739
-1596979230
2068767421
827630468
-768036774
-1732600246
378403095
-221391185
-281311681
501983516
90655668
1890363450
821105237
2065751661
-824418732
1818303199
1394300266
-262790157
-2071916796
-2140081623
-2124257052
276013492
1616331973
-317168054
2025949190
1975372800
107242604
1176617260
1776609649
1927780513
1764667336
1290877125
-1815270162
-403287216
-1836125431
1673763503
672489834
1630127465
304424031
-1074553609
1417996097
-904747806
1183111649
-368908236
-2006535489
590118521
-132597328
-1604243749
1001632482
468684588
185223260
-692263470
-1430888347
966934766
1248704901
609120834
1856616697
1132019351
1086826181
1766318257
1798712021
839930651
-1560489779
60848463
-976014223
2050328574
1360678605
1729414543
524074125
-1935460601
1315360793
-123151623
-325622153
350028595
638833673
1686372158
-170957170
1546579180
-168821728
1390016908
-848192767
705492346
719969391
117941539
-1275663140
738526650
-565907909
-2008180440
829832517
-195294196
-1671919395
-18024007
-1255054590
-1031109231
952829161
-803748287
1857420349
-883169642
-1632014958
677853452
278075531
-1967679926
1465803853
1419775005
1026621226
-1236176457
-976151885
-592070849
-2090297974
-907343377
-325089621
2054880089
1313614350
1789792645
2023044295
-41988346
1248569107
1253813567
-449684242
226361445
251294256
-7103479
-512942788
-1380114388
1658682303
-793679317
-795803867
-486045181
286016156
-1091755074
-374396192
-53567985
-988295124
2081438300
1112796418
-1514831924
-195628895
1139184150
358380136
26275359
174533499
1075767722
252829274
201590955
1285963857
-2050158091
-228778260
76781155
-1740624944
-1315723098
-902224985
-1332829857
-307627772
-2052961740
884955753
1640266739
-618536234
-1106219247
1954846345
535659262
978422229
334260255
-2017802690
-1154666113
1404518968
1356410467
-588375488
1969838445
-1857569245
-1953695240
-1854241873
-275016250
956930089
-2077371323
-801067980
218057192
-1266646510
1839765874
-1511011226
156221984
987110365
-1041097449
-710146962
1718569344
369800968
-2115410378
724507372
34162933
2136508942
562902635
-520370660
1380893592
1217927216
2108051553
-1072045260
-888290236
1344065912
1680552328
357842961
-413560728
1852649210
1001992964
-866723055
-2130529251
162123612
734676456
1838595394
-1954858118
1705727897
1041088163
1054528187
347385127
-904455167
1824383930
-506501814
-1857381840
-1658399357
-1993133129
-427549361
-81406181
182445870
-1533962656
1800318183
-2014203332
-247793675
-377819860
-24475316
-1468155066
-897260366
343258866
458249850
1622929445
-1404154259
1483586275
1053157654
-1296801013
718227677
413134522
1381106315
-87773751
-889656018
-2002645967
-32691338
2048050783
1892078852
-1186362954
142299203
2055211222
-268516929
-1791169953
-1154481128
518163020
598537216
-1120560870
28937713
270010703
143652716
1906819880
-1353898997
1558646638
-1601247569
-655825461
-1167001210
1960318989
2105633732
-45808835
-494468539
-1636183943
-666828686
285061860
-739929832
1965081915
-227593447
-1909620540
-1705429987
979636401
366277550
155013173
-910331038
1369300697
-316157
1564521941
-552577585
1490016880
-1680003509
-982942529
-1002516413
-1615276229
177842397
2098318076
1143374588
1827294627
-1626388936
1407162681
1831561531
-1769899129
1402870343
-327454278
361127719
-1978581426
-1525189147
-176182642
-950296079
1653013050
-1501962846
-454783228
-1980322248
480649988
-1766905657
-1719587747
729489583
811284900
-1872819049
-1149258302
-1590657795
-1210035345
-465004585
-283135112
-1232535836
448429671
-457612656
-1945145007
-496903772
-1153919282
-186550765
-498507675
-1459779167
244408828
1831809342
1794727938
1176443971
-1958215054
-1227969284
330899936
1874301469
73079086
136078609
196222361
889503569
-80467904
-1835849449
-1071200425
1376996913
-1550710116
616143299
-1614021170
-1433679830
1292014898
806598252
-1787370643
181192925
-2110999237
-2141110578
842176207
970112910
-529686570
1991896330
672431735
-477109567
-1218386221
1151650801
-379774020
-396543454
1091864269
-245879423
366909698
1163387557
1713848957
707003823
1786873642
-1861488403
-970924211
1189129574
1733525067
302028273
960042795
274223567
252876193
-942708259
1589334944
-918449197
1793320645
-2052390603
-2021489120
-1899619363
-1122856930
81211456
2011804067
871900644
429386391
-791175005
-45942412
1615219112
-100342126
876584267
565201224
-1808989381
258982939
374880400
861268625
760856514
1065917024
-1518325609
-1164928236
-60067204
1160405601
-92588553
-1822558023
649655811
-1343915805
-1138984802
1908364961
373669330
73124777
2064817909
1154240381
361864199
135669222
-1319531710
-508843747
-596074648
33378285
1513657166
-1543611065
52710827
337180202
754585159
-575546422
-933249551
652315477
-828185
-236201519
1572099987
-107898397
2034421716
1326662268
-2050148063
1354119360
1494945866
-2145444692
-1929671769
1678087995
-1664487690
-1500677602
-795457998
1098765378
-467485403
-1712208965
1016341906
-46295858
-1294822370
-114624723
2003229792
111873440
-827904309
-783832651
1057668930
-1550486483
1899444638
1478943803
-1615957651
1548225238
-1058718543
574762150
-796240533
2135243867
-383482833
1425952877
1320666654
-204244335
-1233540366
-1767521170
743726084
1861014611
908503917
-334975490
-331496773
297629366
235707084
-1360271040
-596188472
1122798976
-45387175
1093771450
-351313005
-1481754919
-875918559
-600094171
-411907659
-430670270
1415229399
-1280435068
76854646
-318729529
-456333065
-1010805897
63178129
-478892944
-412653778
-825830448
2085020217
2048546044
1272197112
-652212890
1165882464
-1453848623
-113545077
-2028866007
-1335014090
378297645
1643485939
452926070
1315815919
-1766574942
694137213
79052460
-709771319
-1121676608
1612604505
1641512447
-445326259
370681363
-1060969094
-191802741
459122132
-732190897
1217304257
-1097461076
-32671668
107186378
-1539246503
-77893748
-1638770116
1019783465
-240292508
-608515843
-1523898876
1104215390
-225647401
1864526472
-2129755287
-1568381487
-975616863
821364165
-51808943
1427972829
-1052819182
-323617300
928153546
1906744445
-434824582
511072428
1824172624
1603563846
1661678352
-1210095557
-1808407985
-381222760
2008391446
-1300921683
1879605734
-1542331376
526127929
377379465
1908408045
195824704
124769597
-258224999
-109509063
-1976011614
1239257817
-1755390
-648706274
-1785617719
376128223
-262754925
894006068
-1368300328
917533856
-1961975967
1821193822
-1179548872
406434189
206029203
-1854854392
645486981
-1639066335
2139509625
1849527983
418876104
1658224382
-1437790237
1451145894
1334199531
-1571093674
1310678960
869639446
1393280873
-737182324
-656694875
-933171643
1380983108
-890246886
2144443263
-145555941
-1776526788
972645556
463890506
-1165101598
143031101
34735022
1515747315
-93947315
-938399208
-565063270
1187738652
-1086678597
377277558
-916067275
325918255
-1415949636
1049847304
-286206078
889289397
-1651278125
-619207165
-1537642441
1823858152
109782397
2123552715
-542367656
2055187846
-2027259022
1329900270
-146261470
-70980633
-1199173078
657655379
1280154921
-208019375
-1727399006
226974386
1784482244
-1296011125
-1424103841
-11917242
1400882856
860553136
-1860143693
-2124108863
892435666
2005788228
1988713022
400287360
-573477462
1663555468
1156968119
-1380485632
-1771149467
-1197815783
-438543124
423227023
-969729110
460597670
1390251783
272084294
552516728
-140734429
661549330
464803126
1670382406
391386129
-1156233540
-406950944
1982269035
870450704
2080381276
-536622870
-2057011008
1850984373
-1970961866
-1978610416
2077454211
-149955167
930174205
-690514856
-1888212354
700419790
-2062356839
-2059692151
422468199
-2006801108
-1373950934
707883229
50426250
-1585044628
-910930357
-3557387
238127781
1943012378
975064218
-428267252
1848168978
161437169
-1094820488
710904687
-2052858581
597772650
-600263155
1953631020
1816237033
-30342250
823641742
-1669006839
-1728737074
-1000256979
469006018
-797168712
476453636
-1444127515
1967597249
631791944
455941830
204967944
-1287555073
1321957341
897959935
1465744448
-2054348152
-224112989
-1503222992
-938813515
1103911564
1199478783
-1448974186
-618181543
-1937995234
-414053881
363320715
1107615618
-1130077384
-1195400652
-1675937748
1248181944
130190850
-1292701610
1258983739
-1370389040
-1895663789
-933716793
1227321415
-575647175
-1290730633
1970970083
1618996746
-869058667
1766009138
291885239
1591896337
-1233720949
-1218660091
-1023153929
665708706
-758731045
-1956260689
-703599563
847989209
2041770418
786553590
1912253520
732535572
-1844444866
-257766489
-2139622102
786057616
1478940805
-358586406
-406560355
1032848724
1781202546
569021050
1497303982
-762478771
698733360
-1975339773
-2030990333
-213948998
1538842299
-1654641523
-44827502
-1735441719
-1239550796
1671430922
2034365083
1706238338
-35307148
-1323271989
-403659817
760749284
610178146
1800217160
1325771505
-356238003
-1751352439
1609080352
1492197173
1735280670
-875232156
1273833310
-727387257
2085643678
-221432324
1718454269
-85012331
-1826307810
1404672052
506736558
240705104
-49707170
-1043375005
-1065979177
-272027497
-1006901457
526842659
-1077004833
-2124494027
-1854932903
-1739957400
487360680
1434874125
138783934
-2066360620
-1684277668
-785337709
-776392769
-1976258744
-1991144083
-390729858
-1913694242
796314046
-772283434
1049378747
-1348137309
2093400661
969907110
616462244
26399428
1592044973
334834622
-984433807
-1987856257
377166708
-1034686248
633492974
-1288598454
1713974849
818596556
1837876846
166591407
74833056
1017563662
-1694287361
1446701168
-309481619
1222422907
-485170210
569526769
-51539611
-692957100
1274013997
-2067775273
-30243847
-703268726
-1899506717
-1581760277
2138000741
15373627
222675203
-2013760188
-874089471
1031742844
992067088
-1310932315
-719840553
-32989351
-2031089217
1249184803
-2030529675
1784119065
-977982482
-1240949237
1008580867
-446003515
-695265067
-1028988159
1023305879
117469675
2112934778
-276576404
2067835591
1101701535
-305052822
-1766822127
-188194177
1150289090
-1727712859
-1933106946
1392612629
1430241414
-2029543207
877890985
-1090609254
-974693071
-1846348589
-1320234153
1672736114
-1221035232
-1381982926
451470530
1780483111
797332494
1678522205
1731147253
684193913
1784908950
594697142
-1636379781
-438460231
294459893
1299352079
1512982456
-1696196522
-914931691
1593764188
-31591787
655124664
1570630598
777768618
-1302087837
-474649780
-1559630514
2048671568
1105274104
-1968752417
1586550563
-1457003933
1654750238
1332197936
-1469217546
732566894
-164677586
1268460991
875269875
-560916382
-987300361
1365554923
-490721977
-767589173
-2049960733
-1671935429
693063650
8488004
1868615260
44993275
969141885
-1459979731
-1525186709
1516269066
-682699554
-44624742
-1145638750
-103172622
944729946
2061170830
-75536324
525245497
-312583269
882933096
-1498697086
-1112392714
577356195
-1940640867
-83112849
-1475309146
-1622165232
2107437735
1120736406
1558717504
560152225
-33732036
-1625676221
676113286
856456696
-955731261
893043424
-430094435
-1031965791
-1634973437
-1635881574
623779295
-528471213
1056989469
1656921412
-1762758928
1156849268
-41657156
1997514875
-535725553
1004828386
1090859146
869650441
-1831747154
1014577648
-1824371483
-1694102642
785089859
-1365139538
1064033746
-1680311203
-370899872
-579462547
-28273103
-221467997
-595304703
389337729
2092988978
1586360526
2005018404
-526149048
-1456644857
-668419797
1398863775
-2066833813
-1326905894
-459050543
-406936531
1271617123
-1494470655
-1445438787
1551161033
664500543
-1525622160
1318818366
-853660097
-1782318429
945658479
420152211
951464447
-85437421
1755768204
1536957394
992227124
-1946509711
916883154
1549101322
854479636
1653948356
16298810
669026219
-883714439
404435258
-1821281951
-2046623194
266358448
-242736785
1546930299
-1127020848
1266317201
-2069235985
975399559
1441208331
1864370895
-753830151
-539308605
-351397209
-1788675951
664802438
-524359326
17786501
1146328385
-579523703
569248124
-322388611
960729250
1784491127
-1033998778
-1812312959
232311336
671710216
996321922
-579921150
-1249339773
-25162945
-797903560
-969765742
1393117820
463334312
-1449041242
694802634
-271507707
-1351064608
-1558038412
1349688685
1100399242
1478248538
-467611348
-1219105075
-2076628083
-1461478305
1419297512
414288493
-155615119
1989525334
-1570620084
-1305538585
1229662357
973515333
2113131190
-776248304
506157732
-1557266025
1306206388
-1976655271
405978154
385285919
-1070396490
-29933449
371779179
1184266332
1117094404
-127842234
-2113215377
-666598146
-1636697615
-1589851158
-1259143583
2064353705
1351688016
-1892353993
-1671338470
37137144
-232692697
1222338898
562731255
-721031996
1731160226
-1467898472
2018085618
753828261
-316117430
-1993022786
-291442960
470945464
1932806774
1338931512
681062487
-16783454
1897368577
1896720862
-873074205
-327186731
1059440701
500537805
1965237690
-1940666862
2111259430
-84629365
-1348529475
-556098770
-1793825062
-662141842
2048776992
1399151896
-1652769208
6594877
1307596860
-1100884711
-132749528
286717207
2079154083
-2094227362
2116955946
-1098834029
335660404
-1947621965
184537201
-407216344
688762865
1816634257
1581318466
-1907296049
-1643442098
-2032133542
555830008
-1824000538
1558336715
3479266
-1979982789
211311703
-804280316
979542321
-2062038415
1221281017
931942791
162648966
-307857805
-1883999178
1284836263
-1734877793
-1191769980
-1515497235
136274575
1502312503
-1445906562
1947899288
39678105
-2101375792
1381551949
-853772367
399543264
2071598514
-1426150751
2052915537
-278873837
-1196787150
471536607
-2070246
-570951796
-1496126665
-2129084072
735523927
75348640
244089850
-690560836
-1818800287
-2046811080
-2027539700
375121360
-43792316
1251857568
-195383395
1213861982
-719122527
-107191393
689569530
1889656173
-1312955435
121951943
-836284841
1236129714
-1881191846
-757028595
-803986226
1530297158
1332755309
-1547225189
1496199591
712253592
-1448090639
-1290491932
-1182450983
-1298128220
-663510637
-2019517703
1568862161
262517860
-2111300307
2086421018
-622418831
252057991
-740350097
-341530480
949172315
-352635296
-1991492676
-712030535
2008919662
-1256281311
-1538536111
-385600924
1626290320
1200287304
-793787732
819626079
87407534
147790424
-1748122838
-1402950835
-536211456
1868915404
804403954
1191449532
824410513
937911368
-1734002414
-1033376395
-488352514
1564132369
-203650074
-1704120810
176379005
1990447807
1745403840
-390967074
-288184031
-2074925519
-174005307
506135495
969180251
-220307776
1454061845
-1428352550
-70099517
-1201435722
1711222830
-1898897730
-277624552
-1776688383
-2132846447
1494943633
-1306646395
1711915043
-1907349850
1673985274
-1340686555
-909042068
-1367690276
-1833588098
1291118537
-604437909
1203297556
-2126315757
1816818680
-1263303007
416965439
-1271371022
818181942
-1675526280
-284626363
-62609743
1685521033
-759567757
-2085932504
-163555440
388666424
-1956864859
704988777
1395139858
799686614
1564271719
1196908458
-282455089
-813837698
1567101508
-383695980
1991063944
-580159649
-1284039368
641462010
1998069372
-154099590
-902179302
-1360480706
-527736839
-1835386966
-685941163
134711283
-1559533515
-1231004700
-252258850
1285305796
-1108521122
833236672
469136481
15001491
-1459078674
-1918732744
-870940227
-238936860
-445790140
-1764878674
1553785267
1548935292
75590512
1650567475
-1048762663
-1565650363
-378555570
-1327255034
1641308372
-1110709388
528738773
-1549976742
680991173
-398384915
418090928
1211291739
-1390594301
-878753819
442273294
110908531
398373131
-781950775
-1442041418
-1806593336
-2106632524
1117629534
145900381
-2014879223
-378073178
754986792
-1691037381
-624998294
-532196852
-1015314672
542014939
-1357280276
-1320829048
963770176
273311794
805894881
275717479
621465169
-485621517
-1162069841
1194662933
-457012568
324690209
495489747
-1624464941
-1733402340
1119090149
1163829801
-1471574874
522127836
-1460103775
1578187881
-775938158
2024339344
446255684
693860852
695439112
-1353294659
435068127
471520209
677142684
707371885
544378488
-453075471
1640534522
1868380942
756443678
473850298
318946074
389537946
-1700418499
-2063803198
-1072914509
-719665928
-847627469
118859739
-1007885332
1726035361
-1075147485
661637711
1993791577
838839175
1108596488
-1781547668
-177303259
-1001757647
-1590716148
2110235714
-908411766
573172010
-1379591143
-1123238998
-1938232183
931539356
-469977936
1348814475
-836745257
974588471
123985658
299006552
1009374742
-850161834
1624147996
-355586084
1580522308
539428196
452139215
-1934861255
-1307511176
-1926902916
-299625170
-2085841363
1520367562
-445537201
1852007890
2135436183
1578410387
118993226
1043897883
671976249
1310640342
-1615823880
359977936
153224895
-1675589379
-1783844444
-1163666454
1838100736
881163975
-62950078
-1718353748
-1743692669
-519553408
1233218446
-1235581705
863043139
1915582835
-1032460939
466389211
164165814
-1891137891
1464716468
600384369
112726795
22889122
31078079
-1070938649
-744742733
1133148932
-891633181
973290459
1373216035
2048874642
-151904082
1126620397
773504983
-1138262754
869103502
423674767
1553812633
-531052430
-2018414409
1391664414
-1571380221
-101386109
-76928438
-1943804106
1160370241
321427687
-1765186893
-406344127
2128857627
-601557628
347113298
2021728593
-2022862286
1339688073
1398442333
1602588463
-1427785079
1141930914
-1032610557
1872994484
1549077575
2046002279
415975125
-1840585642
96204218
-1055079404
1095719777
323485445
914476191
-1054037377
1757730079
1859294775
35614880
-534496186
1033741457
-1312340159
-428666339
-850080697
127458981
-289849367
1942167854
2098026580
533523805
-1859367880
2085791976
-814449369
1234282161
1543597459
-1765172513
-528927341
1673162163
-567455988
-774385940
-1229727492
770621940
-227464459
815905584
112463113
1643241766
423884214
-1024317352
1322229399
-91201790
-526196256
1243375138
676427248
737466220
693997953
-2144418786
1025972796
-1449976109
-1914468167
1791840953
-2145486793
1592497374
-253905523
302592119
-1465065436
-1604420284
-751296261
1846077311
1431531265
442598139
1592597837
412786524
-666609925
-706229868
-2027649614
34678529
-2077246685
-1695600411
2085544713
257497870
978719330
-1003770136
1426950656
-1572623279
443106730
1391715298
-533330339
-522663282
396688750
1059081415
1515218843
1700444034
538563155
-1111443492
1322599096
1656833573
-1431415513
-1851662434
1818852685
1226000944
1360273938
-1814605854
10696158
1718156254
1948152586
253491517
1019501939
-1127590923
1573578124
2032015013
915199591
1724425223
1814325128
-1628354217
-938529665
216198901
1177780124
-1205072133
1284520510
-2135374412
531522693
-1528564218
-1607774346
-116937645
-2075224110
537801824
1903799586
1319848764
-539428903
268469318
-1458214285
798552249
121666799
-1540854928
-2017650904
1968383674
-384100910
1204637814
-765546718
-1596301099
1931695978
-267124114
2024125239
720111245
-822545487
633378522
806452038
-1666097706
-1258476562
-1147289151
1884689802
-954983976
-2008567256
658443291
-1759819981
1980142067
-1115443751
1296403569
240288306
1969874179
793499618
-1968896571
-1969888172
-149123868
546824639
1138856110
-1819307118
2036344376
-398681093
404501191
-662041690
1248686183
1789104102
1917257802
2084516065
234473959
1744175236
-314579977
-1106953157
467774652
943883975
1377470778
-1059728213
-799019198
1138998529
-1059986292
-878908999
-1636709078
2145496467
1428809240
788669265
-796656447
-1955661590
-1174281566
213449432
-763014024
138274476
653368996
-393162364
-683686752
712562221
621373369
624924648
-509564556
-1175666137
-1037049793
460774094
765835612
1001114538
85877046
847006024
-1540091024
1431896145
413603438
1937508361
896741946
-1062350922
-1040303903
1029465584
1855833792
433906727
-311293091
-1690319387
1859567552
763187865
-174883482
-178597400
313590077
367285724
1821087833
1603423079
469536826
-746387184
-1401414956
1018498255
-1688979771
725669207
-60037547
-1386475420
-1894587338
-2145220917
1112941345
-943484843
-1475850824
1310276786
-1059242394
-1349676022
1404605192
-1848399632
1634281123
-1299218751
1986718589
673141436
1214933575
-942574760
-788029625
1578029206
-1834869608
2030018923
-1744449285
351612280
-402086698
-101003359
-1246897330
26602827
976214943
792115011
184370976
1609327772
1524570773
-1486224114
2076548540
-1679534193
-764534211
821891913
-328230050
-964094957
1447950890
618770712
-1772059148
-2050000041
-1250087078
-1068528878
1134013481
-2039304580
-459860769
-897185519
1727418526
1252151947
-872158527
879605066
1963230586
-1464033368
-2100687070
-1694465892
-316031964
171814791
98475427
1812035628
-981988017
-810500321
819339526
-2080260047
1066761526
1913083806
-1749271788
775546892
-197214168
-2021289316
-589076799
-2019824741
1083392839
-1447957102
-1762903923
133395918
1561492876
-39165811
-715800276
-751880071
-1372664563
1747430430
-1294010775
-79205013
1104831618
227742356
924534342
-438119232
-1598616315
-467537812
2048571496
152880243
-723927016
-986847224
-1607974479
1843666231
-945857044
2067240095
-827904466
898906246
1545602016
-563283851
-935148236
1894130681
950191943
-1184097717
-332297275
694795738
1330370670
781026839
75483447
-1449425161
1901810140
-494295816
-1469369833
-73056840
-1594673189
-1224269725
605281610
-1054566796
1069509687
1037026466
1684334453
3450111
2101516869
-682846593
-2024183650
816565127
-1573429466
734072892
2078842899
-1320598880
-1482345907
432585157
-869369206
615157404
1413272125
2098827304
-569125239
-359500256
1233664407
968945732
-317969657
-1332720141
-1464442797
-1724385088
-525044653
-1230000615
1955286349
1258788671
981044021
-20585440
-2021573629
-1048333103
1311394386
-529287495
-760227171
1604859308
683419092
-297316727
-539302868
647610395
600774986
1389582401
-10904778
-1560838475
-2048389172
-1135758357
-1516443534
-1823845934
1965501026
328811911
-869129777
-1531894725
1320257701
-305939754
2071772603
682710816
1851553703
1312381556
1161918113
2047703374
44182287
-1451347924
-2134793550
99859872
2126931080
1969040007
-1613904921
1845028022
177450332
426966438
1428329543
-1117024795
1249904219
-83632303
1607733861
886514541
2123510273
912814159
1237209644
676124145
542047447
-2142279945
-399764002
-75736285
1518872601
-1764307193
-497061030
-2129828930
1465703064
-1487342925
1504250269
877001913
-78267422
1995849985
1048480394
-1407627335
646258079
-492386989
499752173
-1199737146
-1875519683
892535877
-1112253763
1033787201
1027192783
-1222815303
-1178013791
-1351698411
110277170
-343804881
932060085
444073773
-1539299471
-427447975
-1893556595
-1344503259
-659819670
-1555079186
1794494073
-1987660221
852041649
-503104834
-19144694
-1145271384
296771763
-553504506
-576675371
704335810
849658142
-1257054203
-47992714
157643524
-869458048
-649240114
1077241559
-1973293607
-1533713874
1391279456
-2095313230
144212181
1777632614
-406207501
-1877142188
192234541
-201136200
-781815916
1960724642
-1257162135
-958498655
-476965133
-1674616735
1359272535
-812601992
-1515910533
-2113120335
327468098
-1308335987
1473998499
1168988890
-1032317340
1247280782
1749706627
1065438538
-1455745896
190490156
2076436906
-751031330
-2085087405
1607015935
-1686482
955436896
-643041835
-37108569
-1445873661
-271461552
-561356902
1920261939
1372565648
26584295
1489623319
-265754171
484209023
2076573272
1269190562
1681968757
-1027781164
1528255064
1273264305
-239327627
928693313
712567776
705654854
1959258486
-508109641
1652475441
1179470506
-1726468278
2135835456
54681880
-1166111400
686417867
-1858462709
1388713331
170378044
-2037535494
-968360760
1083878899
602120221
483070826
-475203786
-717273054
-653301930
-42066721
-1438727943
-1263550040
491424204
-943279823
-1451817808
135673289
729657115
1379680630
-1187893177
-824684751
1487707666
-401213089
1616663689
1535209971
-652625823
1012540130
114551288
-1718156849
-243729008
-2110939111
-856453408
645154995
391891251
2005311337
-256830807
-1927298684
-253902756
504622566
139551341
1541655325
925803088
2136771574
580266698
-560920681
1897656444
858875956
893600504
435219402
-1250385495
-1664785258
-1440271075
139674388
141579374
-2124543535
1639151583
-460739752
95859942
-305033989
233188667
-1538241207
-346355293
1814891378
1376811668
1028871400
2031295458
-1960304388
-383660529
1425337931
-1521488129
1270430767
366060829
-219166049
-945685717
1886410003
-2088327080
1714319727
1578753883
208923141
1299394707
-235937243
212713091
1465280221
944539947
64375249
1635433475
1706580563
-75267165
-1710960343
2050837345
1192107422
1178218608
1597884112
97666873
1696977501
-1818504944
-1706907174
-1556216975
880073402
-822519968
-506734448
500551344
184692685
-1151465937
528869231
-17066224
-1321911747
1635059469
-1763777418
-660429295
975638829
-623769239
-1337062751
869246929
1385055060
1748778714
1264888240
1387622777
1278971501
716982460
1772045868
-902612230
715139282
975366911
2111452587
563101689
826048867
1757911099
1891449682
614202375
1767938476
1486564102
497412251
-753306091
529882694
-1164156791
1439745623
-70299866
-57106051
-1669273519
1157466614
-1325561786
-2142528461
-1841357470
-741680378
714421178
-795993853
-1353597806
-1932890887
396199288
-251744855
-1756353517
-770281174
1190459097
624600736
873146448
1446880546
1465151884
-339834612
-1308169731
-856981226
1650832846
1177702106
1881741673
1778797236
1713205207
-486883035
1442980630
-782954466
1302114455
-711224101
444514698
-1722036426
-1629176414
1712074144
340250727
171724060
-404525977
-992269583
853785785
-1588698636
1796045992
823862156
1292773007
1946860780
1428137510
131412751
1794082764
1829725308
-101298789
-513524257
-1826098114
-1397393680
1895240940
166072139
-1254275345
-131862749
428259998
1696445936
-198291269
-29134452
2025389193
-302726562
99736610
2108908926
-636522036
612322299
-507405729
-1306468693
-1325953023
-1388257241
746474937
1449401065
-418951248
1336852385
-377764584
1943115832
-1090837496
986582568
-203916070
-495450365
1701788107
-1282221979
-1032980249
164928678
-1988546166
-342944761
1671703554
572230192
-1209612014
-170983889
2017689698
-204825751
-1220990938
-2051900401
302404993
706232854
-1078213523
510222797
-1520171213
-1926131333
1301352621
-2085436500
-216215047
2002644512
293497657
-472009363
-1095817066
742880728
-2082209880
1242307571
-128692509
1075012606
451186631
1151235365
1823165919
1424356866
-1668524080
1220131351
521573642
1159828515
1728414171
-1756971156
-817767182
2137604733
1994120340
1138538485
1133190925
1399496262
87607597
1627307422
1382201033
603188052
-1726245738
1227785353
694419425
-1742801438
-1776177173
-271278981
1797850610
-1298019182
-1531610066
706798711
-1309599411
669161141
-1447977674
-317975384
777739534
-511964470
-2114844698
-1395817853
603169389
-1665906364
-399818848
-643398868
845227348
1094721424
334722812
135729177
-1091830224
2059990870
-143620172
-1381658123
-1744347893
1514927614
-254216733
-1449265722
-1864637990
550310005
757428846
-1597345711
1722721811
-1421797584
1832095938
-1234529348
-1430860925
1681784432
-445537345
2043911029
-1581472675
-1020205368
1161229811
829362770
1559939221
-1630688804
-982855413
-1619314950
-1637176210
1499721578
1364199557
893567618
455838801
-570290546
1198652330
-1934101158
709607905
-1257357503
-16039237
951651946
36296267
444784674
-1358070934
939692151
69461474
-276638599
-1166743413
-399115828
-1029625622
-658030984
-385230581
1939984917
32159155
-1682433597
257755680
-1209912691
-570044439
1494579761
-336889662
1262431323
1268010
640643796
220812889
-182406855
-1176684839
-1996035786
-470084425
-381296041
1601421617
-795748123
1662958919
-941102722
172658589
1023527730
-713619578
-1664171913
1751463493
-2070706379
-1102257485
1189120684
2048510188
-732217837
1723033282
790258960
1660434168
-638535806
763715733
2070663228
1136841938
1326662285
858975598
-706996006
-1789548944
-1818923372
-1291265634
-185376186
-1541456081
140300439
1610790530
-1244186767
-1566094619
-2008917837
-1227629649
1428473353
-1395911626
-1117520917
685950828
395388886
-165569498
1665185323
-1078619552
284843623
24254192
1141123210
-989500788
639231213
-16195051
-369666097
-1264957062
2092170342
2020493239
1499483958
1366251958
1311577597
63677222
2071112563
-357318787
455147440
1821686459
1016025591
1715648692
439203635
999056101
1328666737
1885947931
316540691
-888684928
1573806231
-1686183998
-1245818338
-1363890067
-1865749467
1480179387
-1637338878
-1923263906
1189834022
-1996556784
435668532
409699569
-700967311
1106856183
1177021459
1569516800
98152566
-1128178620
1098948940
-1542917578
-1763707334
68479262
-1244309633
-1772121370
-828227937
-1178474763
-1442379741
-354344681
967505385
566616243
148386726
-1336132381
1042459517
1357965617
-690016553
134258688
146257898
-1369513236
2072339080
1886031519
-1555316947
-1928261896
2127061358
-256638604
-645885136
1495078707
-1990461364
-626664171
-120440172
-108656706
-1927635888
-2114663800
-2138824785
-1608062039
-1566319683
18515222
-981226536
1130234093
618575049
-602558107
935514849
-1801275490
-837814584
1130860997
-307146012
320860256
1653805449
-1220006967
-140268478
755969562
-1119488257
2038346522
-1671227928
-2060931350
-1348537565
1423265159
1645343188
-565731240
359505433
-788757409
-817592873
-710876467
414600337
-1843136766
1206254748
383651909
-282484113
-640474443
-1132596504
-1403667901
1051732910
1810256822
15406371
1135940357
-610525311
1547768720
1038848278
-201427463
663859643
-251090768
-954966027
939754351
240686703
391019319
-1453020000
1337508751
1808767963
1044083473
95607333
774636684
-1503297919
1951048517
33877641
281405465
-100115562
-1674389874
364799432
437408796
1924097440
-1862020821
984199449
97696417
-239550630
1140153331
813950581
-1327993584
-124804902
-1078760277
1444242522
-1672188254
-475190539
-1647050853
2051698124
1563261457
-179794718
-1059555746
-1922366820
-1815859569
489775132
149262330
-423528468
1385732088
228155021
-2005250512
1240700145
-238844342
-2126457112
1512004628
1632253946
359229524
-523533482
1435355615
-1419786319
-42754643
-650533292
1264923139
325973153
406352871
1054577114
1064737663
-2013819144
-947305723
1960049856
69905780
-602704755
-2094965463
-744502691
585041912
1349114659
736609681
1734355057
-1098918358
172325615
-736042300
856565572
73395590
86924631
1221369863
-1366478834
1285754490
916214780
-884952554
-721158759
-1800201671
2007718906
517337872
356121381
-328052274
-1499696786
8063410
959524235
2137649779
1704040248
1819135943
-1290597724
1733673762
-40102143
-1803539489
503898858
-1839044756
-1725940353
-563850689
2147402080
-159544438
520230647
-1463312105
1876551087
-1720435279
490926083
1589808122
-1868940143
-997390166
233807509
-1365816694
1466989170
-15686751
-1061431493
-1574945166
927513684
789400380
1185354404
669664409
-1713122574
-540141585
-1748252830
319186323
1939315752
457237902
-2042496016
677484891
1299254929
1142595619
-401967881
-500657601
-805774479
-885847551
898106316
-1079459045
-1048196395
-1601286375
-295651011
1367282889
202782201
-1592002165
-1275527027
2046295767
1515996137
-1835525248
995550908
1200355194
-1203843990
678740534
-1873014262
1319005891
181077273
209651291
-165073474
-682309360
884038869
-1923854945
1415958051
-1480717116
153758042
-923692668
861147347
-1327810758
1573194542
1676656504
-381190857
-1448907530
1450191807
-341998044
-1349850803
1562278173
-1942832691
1129849862
-1019648340
-2090643417
-1326954491
696912701
-1404404795
-1074820654
1996550638
1070558883
-229495446
1571292761
-1775998200
-1322382304
1601805460
-1725811995
-220963790
-1035024323
-281199520
1876468036
168604492
1333587703
1674175579
-1511725352
-2136553188
-1810354731
2057454334
-553388335
-215056011
-60581060
-607488901
-1840682082
472304021
913137410
776978874
1295610784
-22210353
242208832
-2048996450
575165728
-1069426839
-943317909
1870309003
1798946179
678809543
-761541723
-745821652
-657895493
-1499787832
-920668592
1235548529
1906910721
916050031
712523748
852231895
-361088320
1559261637
255847170
1509791979
573435092
-1326487298
539925193
476058384
2038371059
1773193946
218436967
1531643519
-735817109
542960718
353737714
642273167
-297489139
1598294883
1830660983
313738038
466778729
-1418780067
1288846163
1306439887
-1056948165
-339195618
-1564406591
1441971228
-834265564
2015185100
473882548
-381693041
782614684
-1455077967
-1304190745
-1546369340
2135297830
-1797479581
-258808527
871776594
593430982
815302436
-207600099
1341926851
436308400
-1922720629
-1199279175
924435680
466475329
932970595
-95350866
-1822929615
-530098382
969700818
-161569391
-514535741
-576546550
1363757501
521229431
-356040917
-263274284
-925923221
-414843442
2139220427
-1353582062
1021012328
1633881450
231250003
1759269361
-2139286101
-1188745506
1792229258
636706493
-1892602886
2012316685
1867002958
1842113174
848471949
-1107545856
-1380569895
-1215163036
-403567375
-265596680
-1428778427
-1852988920
-331874001
-393500473
-1796938159
-8690989
-768102611
783133275
2027962725
-1571489477
-84435117
-1550410341
-1638388525
156458187
-423762575
-77921675
-994681505
1905646939
-82392865
1110736951
-66383359
117085313
-1009038619
87488030
1199184616
-259524025
1169108829
-588414676
-322777918
-1936813795
-171676777
1935772478
-1690475462
-408625903
-1087627396
1822111581
-2125685310
-854648259
-136610571
701218643
300582290
-1572379009
-1190313587
1497863809
14926831
1500664431
235841108
-511744528
-1144723024
584519053
1410394630
-2138819163
61964541
-1825463878
-746137235
-1785440456
-241899942
-685182487
-1842873853
-336337497
-2036781597
1520005142
36256474
254602855
1724946649
1342226038
299192256
234919868
-1346216100
-2140819473
615324317
-1944856502
1079235193
836459466
1054525216
1610060778
-1215096217
695548070
-1689748326
-1797967423
-327609074
1886220975
-1638544855
-1442447473
1846286536
-1566707440
-1724567271
409794116
-2119852182
-377504091
-1095929466
315601880
549002629
434883061
-2020573883
-857424293
949651944
-1626132385
1039414532
1369072715
967268713
1372883090
-2007542865
-1518678491
807203556
603381826
1268722709
54990142
-871112828
-1440063209
-1434379061
-399739950
130497344
1228525801
78962256
798220893
1740908968
-908631766
-1099231375
230536745
135615201
-1105034845
198550510
-2124409560
-130372370
-877942173
-1601824418
546853635
2113803568
529944819
-926968241
-1846768782
691633711
264797390
1018779569
-1071903282
-1465141862
-417681649
-852488077
-330142237
-968554868
-1166929556
-2035605650
1195003402
405093392
-992337822
-146489470
464139895
-820459545
2018657458
486708734
-696840753
-1543827064
861343755
197018437
731711230
-2025836185
1467355400
1467210157
715724870
826842234
2125886044
-1396285782
-2141565030
-1689943048
1670371659
199801387
991139884
1469902179
214710107
-1004816317
-802437821
-1842821431
994607947
1842872588
-1833765294
-1801684154
1850969412
-1312478521
1445046342
638634956
61432398
151865928
970393631
644739110
-1526926588
-760306288
177298114
-882359239
-169283189
-10261317
-832270836
-716962420
356260544
1020370204
-882882774
-1579621109
1126457008
1597207206
441975335
-325684985
-838886324
-523564147
-480962874
1188469633
818930781
-1636163028
291747473
1692131496
733771701
-1694432983
1290352689
-2052271713
535295143
83236310
-1614593024
-958986366
1601660856
549045466
1649718748
-1388330326
-1473432682
364930320
496912446
-1580680656
230032456
533103790
1775131786
1744035760
267731366
-685646679
-1953205081
-2045174961
209827084
1503893080
-1841679918
1315783678
811226698
765904727
-162730833
1447679999
1122399198
-47167571
-2118108511
303643048
1154722404
1572030001
-2145192870
1749251174
-812163251
73416489
-1929014859
146001412
1015067343
756693299
-1723207998
1632610349
-408740580
-444044184
184667682
372995631
-491705642
209237949
-536695659
-279786751
1365380289
2049542317
-22365743
1862583174
-1686901063
643307796
-71562603
-2112466669
-83342873
-1755699362
2096125948
1876961326
-2143902161
811109600
-2026315754
-273262695
-276463892
1983010437
-893174860
-696005746
1606434527
1625703341
-954909309
2139373899
-677607581
-1260728495
740240987
-122982704
-2079312154
-96786582
2068118233
787505894
1214046868
1797371539
-1034672598
882925923
669824852
1907303404
-1822058967
609009580
1533539831
-2018054846
-1526231892
-1172601477
891911854
1486421868
-285384165
729470434
1890328509
1836183799
-1767385791
-156015472
1005689710
-767442171
-1677589402
-925467823
-2072012473
-1841083279
1380737948
1699238875
-1835141506
-1867730121
926958681
-420492858
944056748
-1280075757
1983627846
1008773340
887270849
137746535
729753941
1676024723
-2029737928
252840545
2073176345
2040987095
1214070411
-934733988
-1921488559
-881453045
580996839
-306931577
12735429
469534289
600670243
-1380722236
1006643029
1527566345
-1583883026
-1075075374
-370497458
-472812648
1434676808
-246200659
-1124728321
91351658
-126973645
-208975564
2134420876
-550147783
1825293225
-333378804
148468225
-1948589938
893437136
-1389620284
-1093348951
491913608
962946156
-941575623
404453536
-361149733
386977172
-1920632004
-1928298329
1480679963
-884369240
972000881
-1903714761
1188445498
-439807871
-1232878215
1255181016
376627279
-1135536406
-738643629
1381908658
1183626136
-485008305
1442548223
-1620190364
-1051740734
880795316
1821537380
905589268
892669543
-947133464
370983539
-259621178
1930544343
-1459494151
-1610804853
471574257
-1466720486
44437738
-167285985
393804111
-906072779
-1927117661
1872087957
674395380
1650214060
-541514200
925086577
1636036002
-478711736
197713166
-1800460622
-1656643237
119347226
1154658857
1042267771
-859565258
-1114380865
1732434058
836415734
120995702
-501077788
2081214888
-2135624843
-1047888680
-1573699572
-865525540
736287449
734764843
1449413008
1526088210
-610869705
1019555622
-356753177
1030084541
-1711841352
156683125
-858461145
653935627
-164782144
2104755988
1610268107
-1213718182
1791901265
-619489056
-392622410
-923644439
-1409421646
-865865621
-1244949384
-540115246
-1833221813
-1278508017
-1979369521
1028361783
-840914990
-492147643
646786927
1301412027
-721414228
-1057644489
-1318288635
-1318437324
-278139251
-929339501
-25019783
150739358
-2133394079
-1314859615
-1558921868
1781843026
1596972398
-1003265641
-73717983
-378423178
1224340409
231419947
-975072714
1659938487
-626473303
321905258
-1034444491
1314689845
-1297577494
-2080703032
-1769421074
-1898230337
151585940
-1169145481
1286738761
410892608
2003711371
1412791548
-1319008190
-886532488
1245469224
-1468482562
608647987
-499989010
-1691665640
145546080
1696646745
-632212188
-238623868
-911090798
1831587472
876079884
-433969550
-1648393180
2031395169
886761403
-1755212182
1799236763
1126313790
-609170596
-385100964
337821320
-776935925
386168934
-1049210175
2134918357
-1356714016
-1786632943
-1351350785
693279842
1719573005
-167800827
-807566575
-475326001
-2023430050
-96056236
-891251865
-1683933029
-1933535073
1923242154
-1216393974
-847861906
-530146718
-177834557
1870993923
-260094542
-228638977
-222629860
-776318467
-564992409
1368434139
421712108
-242922967
752348215
-991090451
1164880469
-1129185439
944968392
880643454
-795643177
268942991
1352268113
1758919983
441394180
199651152
407585391
839453504
-940830599
563832019
-1345823431
-720352754
-1643174644
1387780359
484068241
-459393827
-494106302
1672574453
1957427645
533688792
1124160259
-457731735
1700395829
326479957
-1113046640
1697513176
-1342127938
153790300
-1765100620
-2115462275
556768183
246806633
227429689
-1034880828
1563959986
1487403633
166920093
122800364
-46740667
10989858
450652678
779743719
-1440035550
-1290636177
-1187199886
646146692
440443493
-1670378421
1143392818
378029519
-1563182803
640042163
-1678813288
418549943
-589223315
1862483442
-1344360721
-52828687
451840516
132513056
-176383829
1045158940
-200989686
994115819
1233244897
237679142
1351826284
-274014567
-1943239688
-1759519251
1762270650
913124173
-1134779231
1423335721
1277763647
2135045512
-239561468
394987656
1767037522
-1367977230
1567183163
1581185306
1934307563
1789511258
503380227
-541380625
-1097726088
-1615035909
-585785680
475650045
494381553
-1388492287
-1220177567
-2106287545
-1740291031
71957323
687445621
1269124156
983890535
593951345
-1500723651
-1543987108
1578792757
850398983
482934770
-1408713439
1159070327
-802869469
35793129
1710218780
-1069976130
1996095260
-2130072827
-379493539
-922246690
-302577260
-346626452
1194980120
531364285
745010105
1566083708
649957764
-971925907
-1962790457
-1209136640
1489294086
-1235359619
48496592
-750281058
-1115124593
257206924
-662461761
-1562472556
-355621311
-1687164642
-949799526
-1910591581
-399969192
-1731185742
-2049079546
1263879754
539834951
-573158637
-89863408
1393088567
-1110197215
1366876398
2010391850
2082505466
663880250
1954430116
-1107210638
1685643259
462795534
-1024796319
-322184134
284140206
885630816
-1334619795
574352068
986605060
-724198234
819014338
-1491455923
1376804132
-1233376860
851400925
-1333281716
-1954161830
-875505322
1532790744
112977659
-896276657
-1359310830
620659896
439563542
-1216524934
1624547054
1499682564
335688674
1879434710
-1996281506
-1730027626
