-353352506
431700963
-1059931140
313765498
1561359712
1764344611
421834154
615936785
1061136
-1657802014
-572129012
882205289
1765882247
-1208744679
1354732837
-916751567
-1367823943
-1822370807
-466718405
-2146153412
-1738882899
924167807
-234471987
318024803
-2112354925
-1530352551
2062407875
-2038657878
-456124133
-891599032
-1114343193
-1881061215
1262471171
580467670
-45017965
589437196
379925234
278263466
751108012
1763609797
-1591861372
1511854603
758510798
824257505
-1049508187
-1628526686
769850824
-1278301934
-243747806
2059958915
1658515274
1099711819
-1603630211
-1161216658
-1340970019
846612905
-427637248
1875605841
518169106
1009367953
-1930772972
-592848879
-1862714882
-1338855659
1827183570
-1774790775
1733633509
925031323
-1590167846
785262802
-176993740
1718245056
225067364
-1996079164
59322548
1011259769
-696627052
1080874685
903559932
-1413860485
-1633708527
1419864736
2115962920
616681693
-1843208489
-2033388768
1303511495
-2128513542
-1933595828
1134975806
-814267367
779031964
607810705
-383287792
766465401
1890444630
377844507
521055171
-1236311784
1881150512
760396417
-2138768670
1719986411
-1758804087
-410272106
738322903
258876134
-595426759
1075025338
-385280846
1641969002
-1600890379
1773833325
1776747305
-259406085
360881911
-677454300
-27372833
-966224587
-179185186
10463072
-1819885080
-439220480
-330480686
-381393669
-1590436468
-1293390334
1417157867
583832772
777083211
1959258965
206800083
-314553522
805261857
867052409
-1651066455
-292302075
-2095513077
-229806708
-101588696
930982017
-1317754935
-1259583048
-1697529848
1757374494
-1277974812
-854136084
1067254692
-560496437
1264985074
1002287053
843710940
219856930
1110810904
-1461164305
1588990780
1016204217
-2063704369
-555443649
-2078938275
-1175856201
1127711979
172531140
-613903477
1241926313
-7972903
1334596998
541911975
1218956950
735641128
-577509683
-2060200625
-1313214640
-987129270
1100466318
-1360564933
1470533133
-1682785126
-677845214
-268306711
2145227317
157970849
709283641
427122300
-513142916
-903253868
-1993796595
-336694047
-1117046477
993537569
456942810
-2064823757
1071167195
1129568106
38208908
-1407301024
492776955
-1797686959
1999609530
806748172
580588851
1910888438
215783635
927703477
516236432
-367216003
-590252394
-1723020009
-784009440
196259604
1512235719
-1360587567
-1412189751
1367378739
-340695777
615138375
-886979754
-694670299
2032530051
-202342966
1267732946
1766210504
1982516345
-641231114
2008951065
1675951504
269378519
854153051
1890860715
1705011153
1252340412
-1230602913
612966083
1351355709
-1659190844
-360534685
1305564840
-915432790
-38712202
-2088915165
-47828926
1354165528
-143476479
317234530
-605531409
-1489042446
97310504
158067653
88808855
-846638188
-482469255
634218239
1844645373
-1938605043
148325316
206803758
1547880792
606578725
1336520139
-376042364
1092065825
-992143199
1921069366
1851837993
997160750
-1521311803
1086575561
206209888
-159389696
2032308505
1245755096
1912358632
845568600
1294592368
-94701319
-852790108
-921715441
1185919781
-963346693
623669629
478049319
-890770777
-1136142313
772771207
-1636632036
1411491640
1251979621
-1616419742
753713792
-660042767
1137544337
1743413218
-935448122
-1856125687
1382591950
-485015310
935837277
328013142
1358525705
-1474374987
1729859328
-960055278
1363449442
-615306259
260844108
2093947618
-1574115881
1853825696
-415364206
1396814868
-1388729790
848221688
1744646382
-1936426712
859483013
1042051691
-90900840
-50480751
-782077950
1807914011
813290361
1201037756
281173329
-1253577858
-897987839
86960721
-929320915
-70383551
-1054758857
418215864
-1145864274
-1956155799
-674081263
-1020269090
-251183171
-401122885
-2023560955
1234500664
-333285693
1702875998
635514335
1740334599
539859619
-945226306
399233493
-814282018
2111391978
-325666126
-650217512
758084449
-20427195
-502263840
-1405530324
-703338930
1951281458
323874144
1773338426
638405057
2055156730
-1921172833
515701924
-753511245
1323958750
39472517
-487613542
254203075
-350061680
-605409318
1658090347
828836921
1506301668
-1246210331
1968891743
120351815
-265583161
491106646
1472981187
-1651429487
1113299055
-289394843
-982563260
-779314962
445550292
-1159190214
-1872356224
-964044176
-90256034
-1048885361
-43828262
1456990369
774318303
1993527955
1428395917
-164839921
-524337725
-1377989871
-1575611901
1763365643
625575557
662401489
-1211942297
1023397292
879224164
-406576834
-1854222472
1860152858
675452246
-1624859320
131472288
219151112
504935997
719043979
1576762949
2076881538
1506863192
-1944939088
1501607517
133759720
-265049349
969965587
1871626824
-1979576263
-1327467902
-990597466
415459545
1953122709
-727078525
-227973612
-260456523
-69987588
387125570
-1551153367
-723238176
1203423067
-848218775
-1301198224
-1862774380
1229805257
-1428166920
-985247203
-1999362987
-262273779
-919539079
-1550879187
-1706717119
-1045361565
1397982584
-934777141
-1498862676
374089855
-1865943246
1718730997
-1631672340
-1794814510
-893720436
1631752543
361264240
1454313739
2107502406
2146058647
1377435415
-299531552
-456966032
1961638761
580462014
-1738111987
1004867100
-589132156
-1175671525
-1039346276
467176532
-1239792547
517656777
-147494553
1463275854
-1136226733
-201834333
491435739
1624048862
-1481231853
83435348
1806309374
-214133973
1346951229
1157289518
617837234
-1089251675
-937942713
192336443
1175695930
-583471818
1923261601
-295279
-1281436419
-1491751753
428162586
2026508266
1259770506
381610661
-642691711
458028403
2059853276
-1754035436
836029583
1749287652
-1062090786
350096099
1452498692
-171923504
-837253583
1831893296
2038284559
1876805693
46637611
847385614
-962119694
-473691529
-750218205
-635601803
1217325285
1078242849
1182486251
1072280953
-1928512965
-1721614196
-1640071267
1611096767
508797635
1774174795
200639898
-1403061716
-1693480080
1801720326
-517511473
-1233920802
1185359676
1774760078
1583498298
-2103735457
1217488200
-1358417358
994251436
-1342740201
-566730425
108130640
1782160336
1401078531
2145908253
890099246
-576910485
-1955721820
1296062146
-973846518
572886245
907775545
180277612
-99902609
824425735
480305967
-26402579
33395145
-1558776827
921968600
535425113
-1421033924
1708108735
1596092251
1308849387
-1348803664
-933525949
-329682197
-1404616152
-1934712784
1456257174
-714354885
1803074629
1977088372
-389620300
1745657137
856804549
-1590124868
-69765676
-1920683559
772259174
376304606
104895983
1784672668
-1941414595
-1251460702
-1270838397
-1010818383
-1425943521
2098947917
-783714157
-1914309934
973719619
258705787
340274163
-480762829
-1294026203
58702385
-1035355711
505157039
-2012693844
381945394
-2117887946
334633540
944562062
-1735142511
851068062
1857770433
712579571
973839751
-650201948
-1705638723
180638552
-2078664314
-797239341
-728199733
-1676086090
-1227482738
-1995723431
300059115
1012808675
1872740286
-35081715
-734085566
221709111
-1394026707
200452786
-343420659
15916913
938042874
-1316843907
-1246954541
1339602908
323144865
1903400404
-1370280742
-759153491
-890960240
808759640
1877101531
-815669329
-1162944519
-1379144411
752195064
790311713
-8702743
-1919531944
-903789331
1281348318
-2032497255
-1070421807
1106179462
1273838526
-438719484
900678457
-1542094512
-950389444
1814748857
1509699398
-1362608237
-1124028072
-2012140302
-468240323
-1857756802
-1077197122
-1916162076
-1785177672
1661361572
509454632
1948298584
1417611433
1467391655
-1365130240
212158330
2023524510
-813700814
2134465352
-1312303632
-1460154042
1794780460
1844336318
-1252246482
1884014643
-486558167
2000296762
-138751736
-91696416
922218276
295605851
-1068520568
-1269889802
-136434325
-2045648798
219244801
-924422454
-617236774
-1889036195
1146470499
2140098602
1216051019
-1682874745
1158379217
106705753
200874316
1984041198
-775517840
1533293655
2011461139
1838526038
-326852478
1295775844
-336490322
-535166115
-388161614
1300765127
1529647230
-1947040289
1370580913
1684278219
190082789
-1164705125
-1549329151
-1786463478
2001095742
-4521706
-939554801
-1733399059
848601101
2114585023
-117677433
-896947854
-1771784073
-1731528109
-1422678557
-1722081744
1113603316
1814148226
1933127493
-1763778152
1865394242
-105712941
-300004217
1976006524
1036905884
2040430532
313820815
40202197
-1756054229
-588739788
847396071
319069376
-2031871043
424737285
1496114828
970466505
-499170892
90016765
-1056568315
-266406548
1893987648
944110572
681922231
79583704
-603925552
-893420012
-112520841
1479064054
-1895678267
-577290044
896308833
-1472019032
1203036008
937546565
-75258393
827953237
-1854409186
176133882
1212748588
-916430683
1743317210
1075093186
1579331986
1893021833
370459858
-1449877343
1929547665
-48801411
1590929269
-1503011426
-1149334838
-622114543
-1933753701
-1773657106
-1497067173
429660581
593817598
-802468015
-998169484
534903667
863963112
135457723
-787288022
129128913
1601728301
-503128521
1321176203
-1784805193
958697564
-152356856
-1052066830
-945404289
179647537
899127313
-2053981541
-960915988
1215491405
1625865846
-1645644935
-1718242194
-1125905624
1805727362
-16011706
-807653214
427509830
-1288160566
-1642820900
-1124375265
-2117687384
481572755
-153297469
208001903
699020677
-88043664
286999050
128867163
1874435897
1900578351
1519580250
-474011029
1719588477
-350521867
2062338887
-1463337044
1638609881
-1212370264
-1548295959
-1595904077
1779682390
1019461516
-1313029717
-937569054
-63902090
1700248368
-1246546846
501348329
-471598488
1570448779
1984950177
1464892559
-1798960777
-846502815
378982475
-1247324494
-344647484
-248927765
-173316760
1434962828
-1451447500
1090068918
-485563076
1576518455
1171396267
674793418
2088853
-77058446
1454108793
872123919
-818790044
76907685
436161812
-1985301524
-2031387249
-1058824670
-1620785401
-2101971919
1593306885
1244032685
735215914
1622469942
518768658
-220371906
1823971347
-420518076
1114841844
2113891844
2010691276
-1495835341
-602273875
-1697517651
-552287546
976284499
1798208282
1311057124
-164375796
-365246321
-691279036
-822822629
-330176837
754593231
21007605
-149710966
1570377393
1666404254
284327566
494286710
1277034115
-1308799475
-671890409
-551622474
-85903180
652918486
1053913240
-1444682638
1676560932
2058237379
1662750886
1904158254
348113094
603221840
736668224
-1076604666
984484246
-2002517617
2003887579
-1118231238
-559038007
1724692299
302658746
307317229
2075854661
93256048
1368393859
-715755735
-1324391341
-305796439
1037463567
-1682830298
939061906
1237653835
2020715905
748568012
403943726
891612017
-921134695
366446965
1661307474
933701991
293169226
910264310
1307622362
-2098247093
146645641
1325186271
30906189
-664770831
628320615
1550589442
-530068214
-450038009
-1990240671
864882482
-1621969216
1958919289
656116983
-51587508
-1799662301
-947945194
446550394
1102236539
-493226788
994151027
-989349590
2028390838
411086528
-13572081
1992378240
1066378125
304822084
-498270281
-1307603769
-1916952539
-1325944528
790363180
-1990321680
2035369089
-435325037
-1668283902
-1735696985
495906050
-439217418
1863339722
888487585
-2137785552
1251724756
584230515
-570128585
1170906042
395615305
882094829
-1127549384
1657104571
-1665709304
-1920779762
909183226
582773822
217852306
-1792848455
-1519529294
-1871100156
2003411876
908581437
1163162885
-417824892
-971997712
475412218
-207090210
1004682546
1648536080
-549806775
-1151324542
-19074044
1322182071
-1702647395
785723360
-924793807
-1896179415
-281916699
1651308589
-853896645
-560551700
-2100378571
1893074352
89791280
1545809599
-1581669212
-1805135142
880183595
1287736779
-1447437961
454879129
1154042913
-2114873832
-1336459650
1829514221
-2106115367
-971986110
2007191742
2106347450
641482812
-1519705493
436725584
-695903264
-2047993650
-1176712333
-322038136
-652099448
-1070668676
-1921066650
1603117400
1079080128
-1861185385
690724406
651664630
-1381565622
704011808
1557515689
-1066063172
1765761201
-401471418
-585335916
1908239440
786663068
-559001812
40126793
-1022093820
648171622
-1521423634
-1924041139
1356088191
319325421
1104816869
-1979332530
-1744735588
2081716649
1818805546
-1438613933
1448265874
-1454318847
-1574135207
363709237
-1211431596
-1469897255
1572565399
1385583437
307349817
1292871279
1931931861
251087214
1877545183
92147815
-1673308843
-166377707
-597423283
-693697501
444772460
-1877120033
-231559593
-1165748904
1606462602
1268371514
-1121473210
-1591662883
-1701372297
447117151
-531319369
1212624838
-40638753
-1959859073
1198724803
409320881
-1758664688
1900805948
990721632
-371079073
-1965616127
1348227930
-1023444730
-1991923066
-1368271211
-773212234
321748885
-1674095644
-1165467615
605583478
-1531781259
433522839
-469855189
-612556671
1487190270
1618624939
1658298485
1896373809
-219426790
1708884725
-400523207
595590983
-1441461463
-149865954
-1528238155
-1879623649
-563053532
942340866
1507431401
-584603100
364206084
-512381638
178150046
-1380983419
-1964801948
1063026423
-1102555478
-61660632
1384219493
-219827951
238722162
-2036200482
-1142934063
1764200543
-865475920
-315490856
385567618
419639368
1743711094
1476229466
-568290812
-986203494
-664274573
1357783982
-654462599
1320839322
765842803
-248727718
-1370581059
1835825499
-1645926356
786584724
1885663690
-586565293
1235037238
-2082872074
-1855760548
-155226326
1694039131
-1322809747
-863171369
646234581
211878417
-1410911881
-1934262424
1531636707
-2117187517
-763162995
719904619
1001181207
-1460029865
738537181
-1374061300
590005046
2065004396
1526701115
53726000
1601740576
861868515
114357337
-1632293739
-818842843
-1212353759
666567478
738193207
1956996497
1602384786
-274460460
224991733
766220936
1889638128
28497453
-1868369804
95106073
-1912468284
-1988080281
-1745792701
1319878540
-953600723
916050246
801329728
980329470
-371773985
-1916715039
-601899207
1117283888
1308175214
-1107290984
548566
-1744185957
1133617868
-1082282683
1691492789
-1426688314
87754512
-195547472
-961634346
-666452260
284303224
-2084389816
948275256
1789523064
-937346639
-593299696
-503126332
2141505987
2008398933
303232983
-374774678
1881605057
1839062452
1758214316
-2012879479
436454119
-1834712362
1943216527
722741908
-1454554896
1786612416
-2147341205
-4565263
793647088
808782326
-191966141
356221476
-1377343831
-1755825599
1502725036
-371214548
314336796
576135858
943650427
2064778797
-1828109213
-653640730
1242677950
-1004827570
-1467197251
-684223350
-402916113
-408119836
-1496972054
-827901407
1340517222
1876115152
524605369
1527704068
-926548721
537998628
-1996962594
1410944682
-2090240163
-1405582836
1658947081
323833129
458002302
1322351851
857307443
-1663162628
238756560
558517444
-1048604614
2075489286
1457554066
1364368347
106440112
-426493737
1955530462
-808689253
-765080849
-298279635
-1392943913
-119216454
-461872272
1196033724
-898235362
2021091226
830611804
111516721
1173925769
1947007218
-1389938845
-406752140
-428573418
-756837715
179721165
-2088962515
-753583843
2124440850
918894798
236530570
-1041424187
988797988
-1047656931
-1652814274
-459810888
1771566411
-18937913
-1181872180
-13990630
-777532621
993533503
-1347329532
1859406774
-2051441677
1540232122
877052878
-65957510
-320221838
1910338233
-1305749978
193448485
-25480187
-298077721
-329564826
-272189122
391126877
28231972
2039943883
-796434617
-1128091232
1853916129
428501553
1355810354
-803322668
1363420334
-430510047
132653332
2069979780
-1223021040
827319309
679342872
-1321922147
-802724713
770962137
-1324666443
-781148520
447831600
-280250979
128259619
-1622195747
-2019282249
837474473
1966576138
-1729148826
-1452662320
-1003606327
133340028
789095075
-482917897
1731278025
-1515469787
-1035797091
108563668
-778450629
-1536847935
2003946077
657906899
704715895
-330220083
1467930510
-734810124
900537570
985070209
556949857
-2054241313
2042487667
-1820611844
747748272
-1977557189
1294394483
-1229272895
-1619264922
564747327
17033347
-1403125662
2076064797
-1112455032
-1084878365
1073973114
642743048
-1646252499
-30051856
-417374753
2013136914
-2085889520
-1689783570
-1051529704
534189127
-32656522
420911623
-1564884724
-1322062733
-1786939174
-1981389420
-928958212
-1730753784
-1004898819
1917471642
-1777563725
4678724
1391036225
486022294
-1916447749
1517654163
748650039
1103253117
1993130579
-1818183375
-1915438218
-1892355075
-452471586
769714963
1526206894
695493641
775771805
-1635470329
1260668412
-572500588
-2111126048
344796697
358400383
-102337637
2128146937
542432569
1223378986
10202473
934297651
370426650
1793181915
107202326
2035796994
851529052
660642476
677572176
-848701829
-1561001492
1047706505
1324177245
-1027917562
1347751339
-2024348669
1524967008
-1600467119
1907693901
992314466
-1237899046
2018053255
251529347
1311833856
1940595571
2134323137
707233628
662614996
843364346
1906363324
-596473368
-2071154355
-1866586198
386504140
685351454
-427745695
1719039407
-1135300591
1687572479
-232934940
885042663
-523640089
585674746
-1230845155
1578783724
1873836450
1816210322
-1368195179
-190103982
-1502693765
2025984061
1744908850
785474093
1654133188
352923791
1537247109
1537168085
-1555842973
-1802505320
1416547167
576485868
-525861507
-1326287223
-1526260822
-880653408
-1014058128
-950754147
-583799691
-1482556627
922853383
-2027525834
-374032048
-2058194011
-1194491928
-1242144699
329054169
-1291937549
-731034287
756328687
-1357439081
-1335356131
1859567107
-1916944787
-89138426
1714632136
-1011078019
1637841715
-1778731534
739548673
-311992211
-435639725
-2120033016
-796798919
2056514147
-1439315164
286245545
861000849
-655948089
1798564638
-269566719
1472954200
1376664589
1274853896
158331224
1584602065
-1804785626
754793556
-48881497
-473858247
-2116669127
-1653948471
-220321426
1527433223
2119241107
-1327499678
930894532
880495989
565008091
385244022
-1900366673
-965377217
-540107639
-1221703912
-1360703051
-435956310
-2004702824
-71674944
-1041910349
-205667897
-276172423
-135726550
276377068
-2102415880
1535465547
-315521155
1862921828
164185779
-1241789879
-90713680
-2090551186
-1370594427
-1025681789
1064062505
1007277700
-754796454
-1173307183
-1834717530
-1636728490
-460794117
-2064400637
1835100256
-2037841371
-873380649
461722973
2012858733
-1070651824
2097064197
1014302274
-1623424923
-1865689042
2054182537
667470126
-370525624
-326635233
-1477134635
2021063913
-825476449
493328605
-612804461
-2056206087
1218318816
333104663
-559503711
1500291671
-1200499178
1165800512
-1045329060
-913840282
395100609
1358193315
-762477535
684836640
1899257082
1383428282
1395517713
-1455364206
-373123877
1015147456
1059941651
2092466058
752444701
-914169467
1897863710
30988173
1324677121
-304690048
574377400
-1281202674
2032492660
-1538118358
-1202226759
-1615725859
-156806547
-1574968183
-969691820
-128995875
-173703783
-407624694
-170055081
82937082
-454922694
1281230484
-1147172175
-2006055591
1503991884
1714497241
1593457205
1865032656
-1035964183
-2118007058
1438402716
-1403959145
1815132653
-2117903075
-1736648752
48060992
122643421
1329764858
2134223463
-1457519644
1816701444
758201267
-1659267475
1390258846
25971935
-2037693780
-1005002650
-98712003
1235553978
1120033611
-551435630
1893437748
1987630746
-107638513
1045144690
1224557525
-122839715
-2092392729
-1778399605
1403473598
-141719264
-309366591
-1441110423
-261863277
512154336
901229152
69967590
-1494121747
-804613533
-958183566
1219463339
1326152337
1280765016
1824827617
-1500946697
127178468
-739696963
-1854037143
1585818783
-719065954
52688768
1833460586
-1436301995
1186002878
1030701417
-1851115010
203886380
-2131984195
-1007807690
-1923242162
-1149968293
-1926881018
891841799
2065839649
-137628352
1923160740
-2115581956
695598261
934199976
540178236
-1773896676
1160107730
-1096144819
1529717310
-420994952
-102847205
448153503
390328919
-6338161
-742695514
1829208775
-867248599
-57849356
678435279
2135025640
-1975281602
1207097645
-680702647
1281461415
-603263431
-158415650
56713845
1758371309
-1629108402
-101314521
1445066742
792471531
548146675
222569801
259677061
-1537418658
1657360599
-1821770353
1223056897
40455443
-978942189
-1855102101
-1994533687
-215512915
-1888525409
-531123490
-1681499058
-740567130
1561652230
-1532642275
417738723
1585914771
743851613
-234836879
-1509152041
-1353227605
481555057
1277305182
-1647425852
-2005739127
-2101288385
-549205497
-494851287
-1450232527
1753753000
-442680624
1948295734
139575632
-34267803
-1300703419
1217005287
847658695
-392730313
1620244026
-1918435244
1745755754
1643840867
-1492868046
674766406
1346511876
-362788003
2992132
81013517
563918238
975620547
522694075
-727038320
-1289528576
2046371724
-729367618
-1847451996
292172152
2146928257
-2000071120
-1185490783
-1384884263
1912674539
-1944259431
1847492658
778081990
1108663949
-1102991931
-1340534931
-134100688
-1127433004
-1197326868
-1092656093
-59324132
-2106235316
1315162898
-1894009224
-707926871
611894614
612567984
-1764072267
452730705
-1711809000
2102047636
-285530020
-1724857490
1523342260
1623804677
-103282564
-2079193088
788085947
-1112878038
448306503
-990392659
1427460835
1161618091
335378657
-1895449080
867273208
-659945064
-195507846
72760341
-1285019120
-1226587254
52856990
-1954804467
1885440258
-125814521
1514654667
-55010723
-1376919784
-1421637334
638192195
-677304844
-728026365
1348630659
1121741860
-1932694082
-299265777
151431739
-501057867
-1479638165
707723671
712689532
1419028993
1683283060
-849349958
-1192806129
915727274
1381555806
-880277170
-1158785210
988125942
9005888
-1400206060
-201247717
1066420781
-696765821
-1367284691
892625817
1488492839
20171241
2105594317
-1628543366
48176416
-2122591536
1811639341
1195350801
-1024474674
2059120566
541130182
1263392874
2074423221
163352063
-339393093
1279006638
-1635007559
1640482806
-360526954
1268305868
-528225291
855565073
59980343
1055123286
390921674
1832824440
-1963067896
526868648
-1935746759
339166664
-1491246475
-1314118578
619310453
-742720493
2098104987
1619430823
-918916429
1659007787
1051074879
-649290299
1043656005
432300831
1822493697
1132591255
-219197978
-1134307834
1484123600
73666634
-355777705
-1101014022
1032873120
-1333583125
447451434
-1038353561
823520858
-1321537968
-584613923
-204938875
-455104236
-207077832
1341962793
19470114
2102616705
-790185807
-533648484
-1167737435
-445011285
104107194
928756837
184784974
2018893279
-1387272408
1822672494
-1538726462
224418279
2084327885
1819623344
-664220218
2001883774
1440506069
736564673
1070688074
58063104
883839603
1973986993
-1941595479
732228449
1824556221
120767255
-1472437201
1363811935
64808405
-1154038426
-258786597
1264301819
-1388789176
-1558754684
54108005
-678131932
-1293380166
165371805
-1822943358
-1887690315
-1993489983
1355168051
-1026221723
122141090
-659665135
-1513437319
1044294537
-695386003
-888857382
-1884046367
1531428013
-865765410
1125851757
-665988109
-1619757024
-1053758734
1050715941
862682464
-1132389826
-755039725
-502819708
796272471
1589840186
1305847433
47072924
582145302
1199322653
-1307891408
1727823536
1554302403
-2045441523
-808755093
1252678682
1850885499
665936850
-1828966056
394493806
-1143145557
416901526
491059268
79084511
790645407
-248040724
541033569
-1578829087
320705624
-235499757
-149906762
329790991
875002017
610560890
-535743402
511028047
104489060
-2076205434
2081483732
-2094223564
184674873
-1073407341
-1538437643
-908738141
284167231
-442643143
-239009369
1764477112
1438908207
1534373584
1663630130
1858311658
-1775483219
-1587558859
1246572205
-230418068
-1290769695
1513039053
-1610779214
-396105770
-1195100346
711007945
-1744135083
1854338564
-1238396223
-1431616597
-2037462703
-1608405186
1058227445
1778113289
223851908
297060761
-1908130603
714074513
-25663843
1820818588
-1204016006
-722075060
1060069651
-2139357659
83332662
982935590
1202292056
-1061918323
1996908264
-1545780306
536415310
847017226
1849055633
1152119065
605771513
-1370580651
-1148067801
1216522892
-1889565322
655462284
-69616215
-148630886
774572332
-703248040
-1839530637
-24616182
1798874688
1764018002
-1454042157
-1072806946
-1102997426
91517346
-2075593765
1630768784
-993538475
1686820585
-1664930184
-1543470690
-1380748815
-373557920
817917635
1156851785
1021652432
497906241
1810687894
-471270760
1476519774
-203660443
1341425250
-1353385565
-1865162813
-226259154
757268288
95996941
1994944526
1103840934
1760560709
-1404723503
282121394
-1441120792
-1660597734
-1141256639
-656425936
619775678
-1139735606
-336553140
279219477
1043337611
-342806563
-660508417
2097190695
-1488824213
2146485414
-2003861938
1640080347
-123397992
-200181287
-273504237
1383111177
1122450959
-1812859552
267327317
-1917179678
885089650
-1127648914
-1904154675
-1262309855
-627992528
955199443
-258622810
-686437504
1385440994
477449874
-190434940
-1040883859
-488290824
902025648
-1229089336
-36514563
820859028
1291449934
201207825
-772210912
-1751919179
178856698
429200389
1679553302
-793521256
64883009
-180853680
-1427663327
151897434
2074201224
-1250471188
1996280444
-1701157150
1650868763
-556572253
-2007455861
-907324675
-949117306
1947117265
773818707
510975945
-1334893533
76749422
-1350909141
91151703
1438623476
261304140
215798195
162536076
1583217074
-1513866084
350021637
-758983609
-2068801499
-761824330
1311314987
-2136051000
1002644150
2027855384
-1944996144
-1428866737
-2102952126
-1307230289
-869776839
-49624061
696759088
-1554466475
345404533
15904789
-818754875
598480795
-1015906093
1359227429
-809475658
-2067908153
447208596
545464036
311140606
-1639686880
-917265695
1989401081
142591474
-1269065624
-303119362
-1668686040
2025686674
-2021127255
730821568
1592797617
-1035868384
1762707508
1127123772
-808747530
-1565764362
1826862310
2004144576
226341215
365632148
589099693
1365205255
649792641
-1938652936
-889092790
357144743
-412013699
747909682
-671792041
-35760946
781254822
2110894391
1391483020
-1134994387
1201921382
1579023092
276351293
-1768081101
-1355963039
917480614
-1872175578
53539454
341610458
-1681519768
1645435243
-864266610
1739135830
249129229
283299289
1993395899
1259280254
-604577233
1805751665
-80220824
1605560649
-1383669368
-1351865305
1927293817
877948250
-1228057472
120058599
1335068929
572726438
1381539078
1970577112
1814758720
949835609
-812823390
-1313941277
128786892
-1621165574
1724513483
-1795239562
2113201421
476160204
-142616459
1121307780
-593358866
-395100809
877767406
1558833616
-773162288
-1060248856
806651882
-303059605
-1611674174
1845881716
682254556
-1404760965
-373553169
1680989507
-748676218
783942205
976915031
-259936021
117308883
1440674124
-391472703
-1011786149
861045476
-1274981086
-2073850896
-652422150
-1041437336
428050399
-1164831724
1845083151
-247583952
-1832607671
-417766781
1167963235
2141969922
1419357203
1564085160
217963556
680172972
212453986
1212934715
-1426138101
1991362396
1343416972
-1611173710
1794821313
1219259950
-53136606
-1859248649
-1789616258
-424656633
501175600
1692993882
2101800179
599554464
-1904848957
45070792
-1248440727
1859135717
1280796586
-833045443
-844258006
1212707967
949704577
-1583829641
539816991
1735170479
1380842475
-905205013
827961274
909560157
454950942
1051746044
1500096534
-1295634064
2059161251
462101610
-628100773
1607976800
-1061467554
43695368
-1891275161
-1385650168
1127879628
1571829681
2025644458
830349504
-89629044
-262856324
705472593
-2076396117
-1800168672
1929154094
1217823654
-1959216819
37124340
-2072181776
-1344793418
998263135
-99613538
-2088143295
-1403720141
830981350
1297606246
1925872685
-789225316
522129281
-54950647
-157796929
574842010
-1155058173
-1961357126
-2039966541
1436633005
707086401
456768105
-854786961
908852999
1799912492
223910726
-720016076
-1883945801
809954849
1650200712
1633595024
1482679050
953520767
2103807850
-936104681
-450178515
968174714
-1920453259
-658145454
1532890135
-57188818
422746372
-96811530
43399845
-1900272138
-1220108795
-2135794856
-1218796538
1633246463
-548187396
-1977252320
1190852952
1709378327
253827661
-354868420
-1725371501
-1167809590
41914
1373272856
77310630
76054703
-1101956567
-648563189
810136287
1441541375
-1581438550
1604756500
1151831183
1731548774
552616377
-205272123
-1507827219
977565469
-2006272065
775877758
-706244806
874483000
-1114280482
-852910114
-1500475098
2113958716
1977803246
1508845175
-1865616014
-812143116
-241350463
-96113728
1753625045
-1806843004
728013230
-52404913
-444365532
-413503554
478367309
-696143545
-1289075028
-131446348
-882320769
1872861198
-85375006
-1358909811
822419632
495211843
1925590078
-1706228324
-72325537
-430181393
-544351389
1426567598
-151024418
-1370191367
244806018
1457275810
-1885564330
1180483295
-1877257728
-315899329
-180904178
-1536980573
-686407593
-2125784255
-1289411860
-1696638462
-523590855
705630645
-293484741
1912742123
-1838131718
1173896582
-2030225234
-1019155409
-1446663122
-983109546
435752356
-821229196
1664781201
979899282
-558281555
1342694511
-258424793
1663652800
-1036495028
500831313
60485284
-164352742
1510489342
124341378
722848013
292859232
-1010320774
1605379212
-1787991650
-133562646
1649502523
892726105
575338478
1143738620
1999627067
-246154847
371522640
1800597853
-1370890496
-1118226531
1852769661
1350675242
-278558757
259246592
-613710737
-1671446809
-850225553
-481027545
-18546033
-102135850
427748720
-1845777010
1539446289
170992268
-458113364
-597852026
-1548109665
-1758549824
921009231
1688000548
-324803532
238540390
955849314
-1928151172
406624842
-1281070084
1601528980
34710543
233683256
61202978
1445686333
1189201281
-1600764972
-710000016
893211295
-1628935026
1351352159
-1322567293
-1452084370
-191423169
-427914334
1092073049
-1211092078
-1075890088
-458139308
2033691358
662370346
-390479852
1668555454
553042374
828049876
-1357237229
1645726369
2115771805
717121579
1805564051
1360512343
-2112719589
-1947151984
-1564541730
1796108343
2024087741
224232237
979277059
-896730307
-335024752
-104958665
1857993416
1633011946
2030618959
575444850
1662429662
-2080216983
883399600
-1088892422
1255738198
-2113106445
725737722
-1712468417
1310729299
1069788531
1581570523
429313105
-1927169023
1680808812
-2127403913
-1905784739
1327951045
-227092454
-286141756
-1280740234
949179574
57370839
-702066156
-330511719
-867542709
1516725184
870430707
-798737685
-428314028
927699352
-1198012366
744438340
-458117074
-1476343317
1365985347
1600599280
-524947151
-1258754698
-2009500729
-611440205
-2093057427
-1210408250
-714758555
1964863757
977266582
-2145797858
-3911971
-1099746112
-179919300
1224234397
-1093042340
935418767
1380151358
-41202016
-1828737263
-169284281
1887467904
-1944168091
-1824489217
769209090
1976517851
-1325732368
1123197973
-360048726
1854559317
1667171633
650977403
-14840644
1124411537
211752294
726771246
-315885746
1740129160
-1421807426
846508238
620489042
136192633
-1600951745
-1786538826
1789242140
1108435742
-249502488
-1347040947
-1138271967
-1748269024
1704538393
-824703845
1232509441
-1129901877
212950067
928316447
-1528221498
-205596667
-717334917
1489559262
-2011304082
984608380
750359363
1300880575
1680068006
-1117625314
-5437621
1264668438
2067081176
-1794067250
158738788
-1688840578
-1019647385
-1811100588
-710551210
-349961749
446672185
71095700
423448835
-1845341442
21562229
1731807490
1801880523
-2062896229
-1520335987
-946278827
-699887566
-621432648
-2072818818
1250870650
259991488
-1669788041
-2081487530
-355923253
1590038824
1131055479
1578741750
-2000696704
-1361565524
1480382823
-1190678503
1821685605
-90996033
-2001614629
-1589023340
-1987233587
627741931
-453675422
1634599135
374006725
1547995380
-2029776169
2126820563
-1636445299
-915595714
880586999
-1156685643
-2049993405
-984171157
-770115020
1448861298
-253977887
-1258839480
455793864
-328785620
1203595625
-1883947031
-1409382644
1904783349
-1682966946
274678546
1292911625
1296271577
1648683126
15587032
-1544876721
-411193311
1910222732
-439545977
645785093
1109127126
1555277787
-1246126138
-469544127
1058769796
303021161
-724485127
2088207769
-743642049
-1563607872
1723551718
1515128826
-1082226454
-1348085277
1391782554
-353826889
211259062
509607552
1100285069
1985317349
68554217
1739585121
76317700
934879717
-820203808
79665448
-1816681546
706542913
1433940822
276393019
525115314
1796430012
1162168294
554659836
244173951
981840547
2086889934
822414397
-1234994044
780357225
1175053557
1468452851
2128893866
-1338253966
1084239407
894564393
1176045887
-574922450
172694974
-1189547466
1806854173
1740216938
-1984639461
57756978
-751338229
1965070818
1420632823
1110101669
-1297937566
1410549274
597507196
-860447103
2025750515
863365741
-1079485737
1245757010
-486381016
92808038
2113467898
1435320243
1285743464
1430305870
1029770654
-1110577661
-906983232
1779520005
1482749319
-172204199
446491327
-910110955
-182967797
1989124276
1559992224
-1956047613
852998356
1109651830
-1840831570
580216552
-1840846364
1780367891
-226241564
1128556865
-2054859559
-1472435707
739233491
1214892802
-910688654
-241284861
-2121599032
2075716592
925997649
1122191217
918476845
-1337781200
1362046210
549120537
1959869231
-1761013478
-2043786693
-683774693
898785185
-431404206
-965577883
-44787166
2002904095
122726937
-1683793318
935349720
-181153418
1143330784
180751472
1821204635
-2098108605
-204751842
1299138998
1117185648
-2079879463
-1840169374
1747815549
-719521225
1655642216
112305835
655197466
1343195168
-2003229094
619327223
1845759465
-904475811
-814978304
601791001
-1372267629
750351129
1193679981
-1108352049
-759337580
-1937005912
1144767138
-708485613
-65010953
-1437515521
92881899
536465329
-790456476
-709801115
-1394027641
-1285330919
816983132
1774133098
1661511310
-976839562
1704649410
645525528
434934543
-550419969
-118904676
-1078863256
-1480065672
-1539540596
-1890287845
-859484937
-1212237766
71909483
1582472408
2090907385
98679212
901036660
727576672
-376065427
1638321200
-465663654
1500235506
-264364654
1147706516
1319945539
1501731718
116578201
1248774842
-1654756709
758075921
-1213918053
1389617274
1698058533
1560044295
929332428
1603883718
1314259026
1714535201
-993293583
-778571506
96531670
-900967584
1278139919
1040017126
-1586091145
1946731856
-1794936220
-1293044762
689374503
1909219217
1790637467
-924205615
386914389
938245779
-1147884998
-1257611015
10994559
-552850016
752127582
-1221483807
-1683843829
-1882958817
-1128678998
-1656100060
-1753686953
1967846166
-2102909315
-1278908780
332888078
-653117712
-1266066846
-905054043
1465464253
698376576
-1062559284
28860172
226645669
-1553084347
1821823746
-413963357
456068562
-1683578129
-1630221224
-304711537
-1306309780
1317127713
1381179807
1346402979
-126129844
-709400968
1910287582
-1171565049
1822592210
465375180
930674241
-299017964
1399640565
1309539509
-1839814831
438108546
1900057498
1344952913
-452100763
870936517
572220714
-631208893
-1192726696
-939774797
2079625566
1595899134
1354758779
708781417
2093494876
667035202
301451981
925630831
-1498204409
-1162412570
-1280167319
1626879770
-1170609774
-253730088
-293657537
-398228942
777505622
-750410142
-655120890
-35348269
1620105702
-1662161490
1123151217
1858763416
1512673631
54405003
-1187406688
296097269
606879747
701078129
-1738878503
-898367516
2134343433
-1590374718
-526516617
-800978493
125494446
1144904018
-1357006559
1341686140
1174684559
905267753
711917375
1237075942
1875970874
962151303
-704144982
-956054
-298017279
-522420952
374970530
-985916183
-1398951918
-62670904
-476701948
-732410659
1232208836
1223189736
1501091004
-276951363
-6744269
-736655662
-761198472
1066118310
-1961650418
355470555
1427368093
-1550572233
-1379489106
1704210408
1053791102
-772061764
-652251797
-877292750
-871031093
859226765
40118571
-1262736051
1619224135
-1109528136
-1102698949
566508901
-2021420611
-1171780643
1981817953
1789907147
-1289517516
-1164765351
997904689
1028431023
-1719028127
913039783
1580322719
609693743
602998364
-1684952318
1009329365
586203792
-1781352810
-715757491
-1607721401
-827514422
-2100327926
-922304713
-1651768061
-1867348663
1699257267
598941850
-391761331
498944242
-240412867
-1434082012
-824288918
-780807069
1383942399
-1786343368
-871163204
-72928641
979941671
-26501866
1298150415
-1446437591
-1958197706
674003512
174252593
1698201934
1182888623
181999359
-462796857
1520811817
-1687987702
-1210800241
-414782114
-1980749119
1858273519
-1889369354
-1492537664
-619016010
1393554592
-6275181
708028808
763151165
-53547594
1624945077
232653048
-703433879
604989967
568438914
-495351030
956816043
55341574
-1562852071
-2127316284
-1381435236
1048050917
71378939
2098158544
585132281
-1527535465
-1529106266
-594218165
-1044441619
-1640974175
-1043883134
317184477
1398164118
-35876781
-2094183935
642409225
2076305858
-920773574
-216899328
401384901
-170341128
633069272
-840504973
-897140147
768970687
894014614
-1825482942
-1141341901
-1247130854
754426617
-1564894611
657868730
-1479146159
764266260
-705585547
1617616229
-1111827978
-1984055491
-665068546
447540938
-2132795866
-1835947005
1519837360
2116991403
-209976049
629539935
348057951
-1800638906
2018805939
85752104
-1002100117
961466859
-859858197
514495436
-378682776
-562235697
-41491795
-569615300
-409120000
-1468981984
1358137745
1560244776
1538739224
1813123417
-510993008
-679869076
1800271153
-2016175146
-833828081
1268015561
-1870225136
-1921657429
1926329115
1909653975
-275056735
-1465616720
-1951178250
1695178042
-1375045096
1156870368
-964154926
-285940204
-1893882535
-288396061
1216439772
-1020859974
1737381530
-608044056
-1075025541
882067625
-784378299
412783288
-1419304999
-1919993414
304557346
-1944804856
2047139746
108170389
-181360715
-592682994
-637126902
-153804957
-1827296284
-1125312682
343077909
-801014841
-765508387
609554133
1393945874
1916784398
-218101450
-653828290
-2008134297
-1508134492
1772896085
1228229012
-853382508
-268799543
-479894511
-1079123201
373056881
973002117
-1461389415
1184639459
1278811066
949127129
233616532
728291375
322317773
1136436534
-801073783
-1070168334
-652993359
-202368206
-1754182527
801371955
1437451354
1077137273
1608782059
-1729522687
1150727722
-2093891071
-621877314
480543176
1225144251
2077859457
1907280356
-1779249434
715975131
-1743359709
45042902
-1427531395
-1181787177
333345400
-372133501
866598538
-136311044
1608457899
-799310474
1397810742
-1082675622
-126415879
-151846345
1651245420
221413067
718419040
-1764591888
366578859
-882488525
34907798
-253720493
1539451932
1041518856
-1261776324
585597627
-987794202
-1146162924
-627711149
-1022199151
545257409
-863819655
-1770135314
308942576
510189769
223483382
-759528663
-1233067380
2056339604
-1213788312
-228658087
-484882737
-1805626746
-1338307694
-1151078012
-1668442812
-1915136925
-1451334624
592379411
-714816712
-1212890331
-1032965144
-2123587898
319077278
487592207
275436915
243191783
-1726125261
-1776670463
2048476604
-1709167934
-680138014
-1464577266
-105812169
-1120965037
-1669895063
1029983819
-759717612
1168006977
-429404869
2003678185
306165444
238695179
-1073744984
-843712634
633123771
1270020736
1898469946
1752668351
-884484232
-1567965324
610823522
721312265
-1284084286
518801840
-1959026860
703566017
8773427
-1561018582
-1052158418
1799283328
1159316986
1090163573
-827647905
237044660
-1505752357
-1592821126
1983814470
-1806480532
2099990138
1520587368
481794073
1143484530
-179035431
-1610532632
1375701768
422970270
532011295
-1194639467
246399137
-1450804375
1139009435
1164211115
-581675658
-872749888
-1744753657
-948556547
-1595077636
-1014887142
963808784
1303435308
1376459957
-1493550644
1169868309
-1297895403
540632209
-1335181157
1434799151
-1563288949
-934373999
-454683246
-1480412303
-1938449338
1746881966
169763350
-803670672
-556361702
-1895811080
1556347191
1326346757
924142955
249994241
-999932600
-1283545263
-1746941472
368574331
-66794831
-1605114367
-668417450
843038239
185072642
-1351514670
-1916893417
189512656
-2043339956
-814850473
-891254965
903845120
77845676
-1921546247
-1260054611
-1895829166
1996471847
732932415
-588746622
-343024511
683280573
1591694416
630789831
-1429976705
8171192
-930137931
566568105
1248338913
-2005814460
1961700706
697247034
-1919052935
-1526315196
-899066122
