1430945509
-442962473
-101084665
-505582158
-485212341
-155158635
1582501376
-1050784365
1311211288
-1006568603
-1725733591
-591516894
946332593
-672216552
-601823921
-1124214731
-1507670832
1333908447
-202683575
-1762902732
-300771961
1670575870
218889636
-1474385686
-700360315
1028851135
787271042
-847394401
1279699606
-1353205848
452944318
-293559451
-199093648
-303433233
-447893420
1609570226
901430443
-1677438163
206449152
463655471
-98974447
-567849390
-2040759260
1900719822
-284908008
1008017625
-975041298
-731255518
-1376678996
-35323844
407344569
1712833770
1386712624
586275496
-1585741900
1671507950
-226944570
-919640332
342812353
1720450318
-1893268018
-995377201
-760912225
1548714135
-463527763
-1598882247
1611798090
-579373608
615592911
1634567988
-952216159
2048583157
-16661522
623444154
979194185
635054074
942805395
1929847281
-1430691631
-181121486
-1440145955
1221382813
1461101334
976590009
2044835712
910118357
897088745
-192567984
-35793904
1629764601
1131273710
-1040858000
-845170305
-1261111326
-69046330
-1508099167
1036893156
-1029409957
-1599007888
1250661643
-1683123331
-1470468400
-2095689492
-888570803
-1980723465
1459484741
-1226334943
-753772403
815408620
-1454086775
2069797376
825488335
-2040614996
773406122
1603646696
312132490
-613400001
1632028075
-1564096692
-1429035400
1217133994
1091445876
1328192914
175451053
-1988475023
-510045687
-59865026
-1869826325
-1403471267
2107655679
1373330255
-2028661196
1999425151
-729933526
999391208
-1065919329
1336573300
-1207300453
652999731
728241775
772433641
-129779767
2067961218
1500260961
-679528095
1344317453
1135177910
-2084963260
1871864629
951937875
-1637886748
661759183
-844345380
773501966
-308939723
1719685806
-577981076
-978652052
-45359347
-751818531
1522251360
981718731
-913701522
-1700319687
675601307
-1203091094
1498802847
1806508628
1536764589
-1675161245
869003016
1413041032
1267063892
897390808
1743869023
-825847218
-687769788
-705041300
1935663113
-1719829040
-345418966
2100042741
-1440825414
-903289412
-1561999378
1448243823
554865758
199454042
843812153
47331635
-1364670661
-1950802976
506793526
670169703
-385839786
-514218492
-1451838053
2119792312
1343634710
497892563
1069381098
1018085958
597416487
333903297
1716982259
-541868832
-109839455
936189952
-552080994
952523121
-1586335640
-291431659
-1907732761
853108921
2136491477
-1533705561
147826472
-1121789121
1798771861
677036953
-1554260834
-854086011
-1530808367
-701010341
1664607269
-300091011
634311311
-1381836163
1149262662
-1881617348
-172767401
212725636
631341683
1535432429
1080362521
351217409
203560848
-1471149049
1001575502
-1687938082
-404564811
2113647042
281539420
2030844667
1087282
-156002618
1921108286
1915054328
-1671204141
-1259839963
-2003832988
523022676
-1775946396
854464139
-842839081
173167287
1528700535
261132468
1003690144
-550388597
-1456550044
-135124707
308313450
1049842128
1078638480
857798909
141008742
-1106836176
-638156558
437887606
1087851374
1619272273
-2052964141
1588472840
-889807252
-1960060822
-1066438444
272277317
1339183101
353458712
695137333
-445096246
895583056
-1681676686
23309651
-1034131603
-2136194476
495079258
-354785422
1996222643
138151698
-288894698
-718268227
-1003085692
-1446971562
946425630
522961034
865650209
-1487096171
523553335
-866032159
-589213611
-1397886454
-1292622912
-404227522
-606440726
1069943585
-1974697397
-1488706410
-1066782882
820282393
408349550
-1643759465
1605055703
2070549220
-112711973
-440803788
187157331
-1523614127
-1437909330
-626381472
-1308901853
227191148
-283954938
1290093080
-502924903
2098098468
-220354858
1645644967
212455424
951599150
1944699901
8348197
371923404
-1727496919
-855415661
1506382144
-1079007982
-844024061
-638297211
-169345218
1302571065
-883379302
-1229814173
-1628073662
1038494706
144950438
2134559352
2000872909
2113773669
1955989205
477515547
-959995257
1491341740
546598711
42502468
624187967
-117592188
1178127068
-1816531871
1311657776
-2067555263
1391137978
-1172548502
1712231814
1725445890
1394591188
-1505526478
-1022207456
-1948691162
-1284996199
2084379392
2038583702
1285037822
-1200172919
-426153890
1026790268
1369801667
252093214
-217170640
2015651304
681408714
1403061993
-2108947705
1360772401
596277238
-1098568710
-969073993
1582986233
-1034030739
738756741
1818068774
-1009156242
-1659788147
1537536193
-564006554
-494885940
97588257
1911933203
-2025694714
-1435144923
1422494159
-363612564
-416412763
1046114404
-1506648875
902852846
-348937529
1280514191
1577480180
759864533
-20889877
1142981707
-821880149
1164692884
-2100416292
334509989
722465192
-1948182722
834714183
264087055
1568023163
-280964569
-1120423283
364107943
-2105190772
622228683
-49732390
1695331519
2007978319
-977819667
38026102
952084121
167951797
1779693827
-1894380453
1412019314
-629088539
-555561263
-363455738
-638239295
1599150123
-525761453
-327638127
220719808
-510623696
2001587679
-118357247
-710832085
-659885205
2089208971
1811402973
-457241785
554588631
1354855371
-1103004161
1082153509
-874507290
1412638046
942902445
1807840295
1667744437
-1608538261
-788679189
-1123440957
-1419649152
1426446566
-1511682038
594377350
10475095
-541538248
125602436
1178297436
1602394130
-6221793
924406539
-924072178
-801646719
1706860242
-1277560865
2102462731
24208872
615598952
351624031
1787609706
1775329961
816373113
1819790563
68896559
-2067975613
267610885
-1561339192
2039943628
66351227
-170446700
390967755
837407211
-345484841
-1916581985
-1886872166
-742841494
61024339
546103086
-2084340056
2100900263
1473707855
-1112220990
1877100864
1332726524
983925446
439221108
-602938915
1217833101
-1356683835
-1292241059
-2066421064
-1359745472
-441009127
-428465352
-1672128863
1567368972
-2053375158
2039910982
-1051470574
-41860745
-1224829240
-656879503
-1963496576
1134973017
-1098519708
900045492
-1958686732
1124602853
-1669304831
-362071623
1659001050
-781807895
-1621929590
-1204788541
-117008871
714878036
2104104998
33145550
2109663075
-1036830471
368149418
324704243
2140447693
-1338853998
-596862641
1378549009
-783505759
-514341626
-1729516380
1843710889
496391539
713112302
680043974
-875415542
6058866
1466371669
1466103501
-1807250515
301946367
235910335
-1996950391
-2066505246
354766467
-149837460
1716487789
-1947661653
356998525
-1764776739
472146379
-566495257
-1209171239
-104707945
927876161
-1154525006
-571523192
499794726
-188620429
644728587
1514282060
2024943716
-318015495
259075000
1915308499
1085782522
-1684520549
1854291046
-600396281
325565479
271200955
-402180077
1774121636
697397952
2139340050
1281066416
-1503172342
-1596919177
-1090483810
1946163457
-863119532
879850079
-2002035237
1287045576
280461992
2087463343
-1313824720
-1640445663
-1422521648
-363805243
-149934164
-341081809
856025865
-47137682
1399358193
-1713657096
-388778981
-948502940
-807386512
53401229
-363703383
-399913449
-1059925546
-1618468498
-304218934
-1934836048
1614249157
-1034946773
-234060329
1022697298
-1291699513
1906620494
629493638
-360491358
-952615297
1773431672
1854409015
-1902644599
1029817377
-862069559
942335630
776171576
212194083
1010421637
718150209
928776300
-864819404
-32299533
-288642510
945081331
74101869
1289692040
424145088
447118445
40532677
2083859781
-1938268327
1815154007
582261962
358067293
1543198291
1408969029
-438211186
2094397210
875898364
2050201454
1871735262
183067648
911445231
647855469
1447448762
971893554
-1562753112
-606570170
-63975680
-1183253996
-810515109
-1115564122
-524897687
-946381519
500192768
-1690539410
-1757227079
1189438559
-1690933838
-813644942
-547403726
499295521
-121530055
-2031102083
17775177
-1558905013
-1902682139
134106520
1151723932
1042597868
2107297437
1131347595
-1959822814
324419175
248633399
678914212
-1834460509
757247971
1400190729
-1009706058
-484189589
972418277
-1625498689
866607460
1188685370
-893717190
-1169951378
-1820285537
-1038147458
892141081
-344135959
-1757977748
1892272323
1991259785
308198739
51288554
1605969514
-221778432
-1111819275
891948435
1113352856
-780795572
809750865
-1166878270
-797885071
1613345206
-927463049
1651840628
654404230
-643675548
-299150954
1800115794
-332767093
-1332987905
-78208811
1820000494
1454405709
468022933
1178983011
1575865677
-200591646
-1918862913
963968204
-78192475
-390660319
-1446317306
29389454
1549325670
-227809708
-1460659582
-290367508
-1288950146
564174892
298081732
-1310209535
241105625
-1162103307
-828204811
-336424169
-890458841
381975818
-1589559746
973391929
848636897
-2104983414
1283985258
1710173190
-347710068
-918465973
-808104502
-1446221113
1071363391
1209136910
982221913
-1205042236
-1934916765
-1988992524
-793817057
-1988299821
-476967238
-1642941647
-202454311
-986680015
933673378
-886624770
-303924263
33712276
-2134394983
-5695020
-621677781
1776237440
2129467139
-1842871594
2135192313
2092720089
1291592491
-2104881778
1388858160
2134878393
1189110407
1171345883
81906530
1874796675
-415255233
-1729662678
-1241714963
1394584632
-227321872
164617188
726345565
212471816
1321717420
-1749779929
-240588530
1431513388
1503788101
-1320703049
1178394134
1902997746
-297276981
-516828362
1478288225
-192471783
32506450
15720595
476263452
-879136418
161597175
-420770112
803235671
1256396374
-308330715
1005406375
-1254284315
-1743746690
1002350868
-1315772066
2116595334
1207106192
2056269458
-428487784
945796680
-902354409
-626810362
1079893087
-1909914839
2056461637
905873328
1082565887
-744756479
788183812
135458613
-589922235
-1059147618
2061018698
1049354586
976711401
197734704
-783685199
-313760241
1933852488
1127908327
959465542
-901093712
-1972110251
-768184358
2128103328
549384326
454612945
1657396266
623724340
-1430676589
539427770
922984039
-850970392
2092767630
1040920320
1531005745
868404965
887566636
1562351998
-1763316446
688796337
-1098471007
935981863
-1584740885
1239521660
-937039259
1765505664
-1323795012
-2000926279
490296123
-613413299
-482777879
1974724080
1242337390
1939875471
679193546
1483542738
-1468371107
119859373
730117346
-1376665971
1387198266
-418592016
-1859852990
311084897
-1494496754
1368554292
-517105873
-2079879309
1883443711
1838087388
1373704962
-1002973215
1555922645
-400870906
-1695632817
1393102102
-576448582
522470399
1332449609
1828300382
-1695619775
-403071239
442135141
-89494852
1130739625
1578267899
-1923368900
-1031885061
940608865
-676070376
390633909
582607106
-1620484657
-1291789341
-1358236574
1654256748
463031372
1770880545
-399154902
1490256984
992446323
1914451648
-1997181143
-422723972
-719300453
1524594440
2117347539
390687616
-1390467167
298811407
-1051244705
-1644189559
-787581206
394545266
-1655195550
-377870829
1042095015
-488928959
-720873031
-365953021
479737434
-1010948549
-1263398996
1863287548
-1353863271
1222075706
-1277650609
1632531184
1393769746
1917036784
994953003
-186669318
1246376655
-1453088045
-1913718754
-645525909
-1091001159
-1755565994
29556863
-1217760478
1486134370
127555417
1508695941
2056949025
-249141506
1026954721
2051663592
-1473430693
-1674362958
-1467614965
299382984
-953092654
288479761
417378109
-1821589554
-1136210719
660508898
749275551
-1559362159
1377667542
-237159129
1653874889
1673235258
1613087939
-42796710
1105236157
331319402
2098267029
-2063444743
1060175895
-1893518246
-1455737243
999865413
1881892483
1857813827
792667406
-1568401339
-1675508114
13259265
1139515903
601090833
-1960817153
-1668750862
-338127279
907635788
-1710746808
1318418212
-382190821
1231972849
18669496
1862979246
292688901
-805113517
98549460
-575335586
1557823259
1240335454
-1737014234
-884941164
1421012451
1157488418
-343819147
-1445010579
-1848894544
-234319470
708623925
181708835
-1176185544
-2113539704
-5190335
1662316978
-1737153180
1783113995
-1857616441
1702938047
1782512487
-122133292
2065302146
1880893109
1727700498
189884174
1404203567
1888480817
-1022984091
292160093
49483833
1174694303
1634159464
-973225694
-2080443210
-1997103835
-438423237
-532529924
1730178966
1868845247
-995566228
-1615074671
-161094887
1254706090
-488663416
-219325043
1359827329
-1876270586
-1130666764
-1612166934
774803977
252786870
1314345725
1823981426
2040488213
-1390025846
-90367444
-1357940606
1443610538
-951991904
-1254174241
-819716849
-1611639265
11090951
392459028
1431101678
768331284
1943030436
-322091640
-1118901169
1169643427
-1343757479
-401438208
-113813110
384159189
-508512413
-1430653467
-1062155490
697052760
-957226237
867947542
1024318965
1353537646
1354265440
755621625
-1777206292
-1838266585
-76618069
-471783469
1544966803
70728401
589957764
-108880039
-775884240
-1019640401
-663036773
-544009337
-161457910
-147263510
-1125428838
-434325841
-1168249117
1475536580
541468226
1043956692
-1923205947
-1670583533
1193811668
-1391520712
298691841
-501812500
1650153649
1681504819
268812148
-1085951331
593728068
1213068613
606412300
-732692255
-5468897
-386624657
963341706
939117134
2000285284
831984574
-593480056
-1319483375
399130982
-623436249
822698686
-332239394
1616183439
1835345050
-789198208
2091631393
619038851
326598992
-802908534
-538502279
240458117
-127621528
731544064
-1617567130
1585531673
-755486031
738330799
1093660224
917542379
-935067703
499428760
-809562518
1424971759
-953451162
-1998715473
689490119
348911304
301526515
172204768
133298797
-1711012755
-130983842
-1512604846
1119834009
1858898442
-254459088
-361002770
1326499553
-1248223965
-779514659
1715559714
-1455049809
-437804289
-620432035
-2028426015
-598084627
382395971
-1546375942
957094126
342117629
791700188
-1991279509
-28592550
594093036
755297314
-2001053150
1127816011
-626785050
-1339682502
423002338
-1180634114
1973267947
1448240059
-2017895533
1049256974
1737199810
1619330195
969661017
1707390965
835780654
-628974805
935986402
836774611
-2092336033
-1055122743
618192383
-1228487570
-293154133
-1123157450
-551654282
-1527344263
816120957
766034336
-13566699
-1011955687
-1509873267
-908455231
1064301066
-1250594140
-180371119
-839151809
-62278798
-1938560341
-1360910414
-482393770
-761817809
2139365946
393355523
-253269324
1248970238
-844535458
927314222
1106369955
946510791
-1605147161
-1135824336
-1447213971
1581371703
-1653456018
192732614
162593531
-65697652
894394265
-678936984
525754047
-1390401617
1838020253
-1395311754
1339865299
-1536204409
-1628728316
-1905347407
435103330
1207042187
-158315601
538304748
1935024966
939476633
2050686750
101114882
55876338
273937926
1083585263
1721520138
1867162514
-89237515
-1194968924
-1811085879
-1155119248
1945359340
1980346537
1212360808
-1530068839
811592868
2052171924
-243132314
1462684352
-1293568481
1833359790
-277042737
1901981537
485103872
1350945713
1557924269
638906409
-1223788778
-567025709
-599062849
-892980332
1328055609
-525629437
-1860128408
283596760
1811770969
152972913
-570390806
48517121
-2111597613
1810796884
376806355
-968577188
1473216262
745445095
384924087
-934295783
75880486
-1562911309
-1209097186
-266175957
-285903281
-2029613805
-2004748096
1928588147
-1546003235
1290938869
-643473681
326396444
-1107838470
-849841187
1228503636
-1375453112
-1907737993
-1177907665
23287005
-1623832596
227624672
-410191443
1371943925
-1695782409
2061368777
-1530977731
594087158
513436601
381419374
-2025356048
-1055240997
-1692553598
-1385472389
827175487
740026170
2019476874
898124327
-1545883498
-1827872656
148637200
414893446
-371948778
-828061923
-1551206972
-891682785
872798359
136892626
1231862633
-158063684
922167019
-674656759
1075180982
-1503351935
-1938246039
1754491221
-850879363
-1431267264
-1709612631
596338138
272617487
-478079477
-1563292276
1597296894
-986465571
-1429575927
295837054
-615261344
1703930210
481699725
348678142
-443790072
-1923302336
1933918052
1912106846
-776288032
852187305
-1156639634
1000596167
-1680190621
300268288
1160303215
711764864
-1473310572
-1705324609
-275194841
-1001125265
1955228976
-1166494054
-2023245409
-511735329
-368302298
2128974821
-1767827515
1018480515
-855185082
-1127640014
715959611
-1875289414
1877372473
-769456578
-577759125
-959161580
1767923377
271036173
1546128094
1216563988
756571872
472169554
91772366
-1421055177
1265827629
-1635714796
689417209
-1632323275
14320677
-73717617
95759543
-738189434
158579119
-1183274153
1912802382
-1027172057
1131431300
769053379
590540165
1355894173
453979357
1282639496
-1310343050
-1310791367
-1892449939
59252899
-902153560
-400640610
-1887147631
-1094999172
-1430111139
-1926875520
-1266092091
92253768
433633063
1562201774
-1033534118
-81931346
-27858496
253309265
-553155483
-219072851
-1723792101
-2040618123
-270009094
-1667067460
384798390
1288196553
-1319360102
821759026
-2135157710
-2028585310
-51452183
-767262232
-1987247068
1823968325
-2068518237
963911964
-653934547
2112890725
1647900112
633766552
1205681223
-1051716118
129791543
-1790795758
1965997922
-997560845
-312718577
-200586026
-1916954321
-1055508194
812687612
1958548642
1952309562
1793312774
-176547527
261137616
1933677374
-1424672243
-748834799
114828218
-1979016012
-229556902
-1261169005
-1209001383
1903669164
1110657829
973632389
1176687663
-997527840
1808589873
-1280458856
-880322202
-177813754
-295726694
-1047449379
282289977
-351368859
95399376
-1809618569
-626390381
1375574955
-1093912093
-505848430
124174581
-715042563
-987217152
434185363
-1912650852
-17907634
1017551931
-55170672
-611032862
1359948787
-1610551154
-68980990
-1544779804
397594231
-1174441695
-67511879
1872292452
1086529708
1803985867
-374622449
-1557112591
2066410754
-858450472
341701216
1679375685
-1543781349
497219340
814919097
1125013229
-1046632802
-227417881
-90689073
2032148015
510589002
-1384427989
-1725798095
1940844839
2080903246
-342849893
1998871233
1962438451
1740045016
2032599812
1738692448
-476797296
-721600532
1039699328
-1936929048
434501701
-987577482
1984864761
-432078753
-649537985
-1198648671
1820644076
1396439400
301907901
1355002473
-1681508753
-2106091268
983703533
502481775
-490332300
1159760218
-1633226025
1511165707
-495671473
1388012860
-1522117510
-353119833
1169410933
-223445942
1198612020
-1647978934
-199613562
-866063661
-1907755418
776058739
-686001268
34011322
-1167690153
1806915880
516398725
-1923026002
2031045209
457633869
-574046946
-397346659
-1913393111
316091193
1813601473
1618960490
2009528219
1193070470
-1870517551
76334044
-1694045834
349823272
-880373708
231459546
1379154076
598189760
-697302767
-1569965355
873636206
-1280303310
391644378
480508036
-510223506
-1693401996
1266432652
-218500905
-1811562203
1697478569
1545067829
1738677540
1792758342
-82275731
1538428086
941168295
2121282578
-1717266062
848060106
1176562985
41423870
352025675
-187990970
925381885
811307156
200199816
747622050
440369203
1334938774
-1813871102
1096122807
-2041530616
1872236648
-2106275209
1297571274
1167000475
1448041903
286960216
489569736
1867334886
-1132455628
-2112698143
1174087123
-506184469
1266659086
1519147370
2000535037
-240062931
1752454400
-185467907
-1219414702
512154721
-705933537
-1255321817
-1599745765
-436657051
-1718461768
816925459
174959713
-822567055
-1945934992
-1570326060
-1646826576
1643414924
308799147
410476801
-1990596324
-2008136896
-290084559
-727076730
-364897144
1179154064
-358309105
1355287225
1104462885
-1447803094
-1666431557
-1934886485
-1014918855
1277136344
1141670010
-1674123840
-466756319
-864452804
-80206074
-1912135294
-43701607
21679548
1831640682
-2125373775
1083045689
1694070458
480048177
926146718
-1812094654
-530600184
-778779713
1264189368
1027499418
-796876133
1033473533
236704359
-1381451243
429718397
-1919457476
1353649944
549554165
-1483447288
-833609902
1069251480
-2099049804
-1331660720
2043824137
720797093
-758229248
-280438047
-1662009926
646881474
-1373647354
1245143210
151098932
912860491
1199636722
-1349613513
1656855009
-390009656
-1172911946
1691594790
1625271083
1054300037
-1605200373
-2019442477
-1501839333
-1537415327
1631206837
-1116717739
-1391242685
-1170162714
-1364605686
352710574
-1594136354
1827879834
-716770636
1374528573
-915496651
1377402516
1813424053
1689692279
-1815553725
-1821094319
-1843379029
-919469866
117465243
-979972409
-1400135851
829983248
-888745079
1312171195
-1284879275
144013708
-38140808
1620880719
-953859785
1702097169
1454348178
-597648674
-2137779535
1701157312
313275565
1546062604
844321580
813922884
1631679333
-1388713448
-414984829
814316615
-1726225019
2118662003
410310665
132142375
-331553878
-384991338
-396928048
1368442345
988938282
957783824
-1170658264
253126253
-1525267407
-156818722
-1880466842
1169649635
-1555588307
1495521790
207106534
-1117111683
2004684907
1033661510
-317396910
514351718
1007731458
223808113
1584631331
236636146
2082124783
1927187322
-1571552409
201907989
774361729
-1287353556
20116677
757662233
-450172169
843996666
332276926
-1844003957
-1187292313
1549594123
-772963019
1569667958
-1802521888
-2058562151
-320477904
-823956525
1734385363
1905085051
1248999136
-921544641
423807662
998354687
-1295207970
385211630
-1773365815
875224061
868308407
85381343
-330906747
-1470990296
1577554090
-1050861743
1316325810
474214567
1657343663
1529054325
-411459279
1824777955
-2129136453
847110500
1721711834
1034954658
-159970238
1325161298
451611295
1925152597
1455071997
337951236
-2137808143
-293994579
1722884845
1870575999
1469581922
603425395
779003550
816268033
-2113263221
-495209064
1409748400
984203572
11427631
870538379
305550739
-1776417887
-889220960
-783715638
1882143377
-1065589406
-155624351
160295868
751068433
2114005787
-1862249716
-2067608644
127969049
-1147974613
-1168483722
-214911368
1804013076
-189654243
1965530896
-538603908
-1394881323
162562404
913225615
-757794295
339952091
1673249351
-1596662065
112976171
1177853398
-912852710
-70948876
-529188598
-1976439191
-254556498
1935266002
1367322751
1194299697
-421273078
449189518
1935217130
1255232262
451313754
287518853
508390978
784580480
-2016425945
833344876
-2119867027
1054631101
498582472
-216142153
-436199471
2081689440
-1543403753
-1204462018
-1436889814
-669367588
1810005096
-346359266
839957661
728855025
115150007
200073949
725377549
418888566
-29288672
-231499823
848485550
1975005017
586673043
1114205633
425251543
-1893933084
1325972679
1970293708
-1129793765
-61193407
1738390894
1361826441
-1875916135
2121312576
-1776198485
-785100433
1795715219
-995571370
1015961024
-1392955785
1353557821
-163795736
1132758796
279946239
1936505303
1697544649
1667220531
483719409
1987543037
1315102977
-1012066402
316249892
-2062893507
-1876085296
1093543718
519873538
2134997994
-1764265742
1365356555
-1246363798
-1385733585
-1232034781
2122534442
-393818922
-584484762
-674192924
-144440721
-1192826176
-769273430
-689447553
2124426375
-1165493183
-1303380054
-1654732983
-338760742
-1634932485
-945201472
-1405605593
1787960248
31389497
556371777
761153362
506289873
-273161132
1839509526
1488636254
-272765462
2030739288
-767414645
-218779785
680795598
-269841946
-2081407130
1490540526
1556795522
1303077723
-311601861
521263347
-750238277
-109952463
457320446
49296036
2065104532
496123813
-912514598
965877062
29141115
1922415002
-1633598144
415791057
1579172716
2038386365
64217154
1662425777
787478370
-1982072600
1940758816
-140045621
1703562505
2113006027
-2097225693
1403160765
-1770668617
-1376907831
421016233
-998811542
-642986339
-55813857
730962817
-1232823115
-961270983
64308043
2078534776
-1987857525
-573345009
-1546840917
-1421988557
1614249511
-1608470889
-191370653
-179692737
-1684479600
-291922056
-1986030460
-768600218
-13874330
-1266327561
1232515689
73143364
-995868961
-972290647
-2037993116
1686788633
1420897803
-1869005968
877433242
1606169567
-1575017633
1249511076
-794651349
740415903
-1218052240
-1183503473
265502101
1829252096
1574522622
539026719
1595161433
1471026464
-1661928140
246408150
-1714539553
-2066832730
1744070189
-1860515835
-1258258026
-504746729
753241530
-785741000
-413248929
-1423302551
555908706
-1036284684
-692795349
-799000107
1796150441
-975685985
1509949410
-1906618639
1954134677
-1765446977
1435443846
-1764167171
1536284525
-888523929
1777722520
-1375959172
946796483
941581293
-1853089862
-777412346
-1617694283
-1106566688
824324757
-2035764900
-825652882
-235435720
-1986268420
-698716740
1835031027
-1106059313
1066434129
2133815415
-475920868
-159708144
-702438361
1331622080
1932916191
-1327676691
1764894505
498115525
1539187668
-1450303210
-1287835591
886774531
674545396
1819124583
-359706661
-1137101866
2061214884
1160622753
1388556756
-106009521
1260058354
281622108
2020501262
-1917111991
180114205
73720636
134670782
-1321240130
-758879142
-340641693
-1934344248
1165706070
-737866027
-2055184346
1104043873
1203881025
1620954869
-1213339646
-1996572170
474834501
172091620
-1083604016
-1323036340
-1544560870
1501434958
652169272
364640999
1077606901
1688293479
-1185724317
1842787760
-1368136094
630713395
1904272116
2059417041
-194240426
2100842241
790825527
1674808035
-931641980
-1133165256
252109723
-1935932341
-932287505
-1193159339
1883183709
-692471839
807062976
-1909530317
-667639418
808799953
1462951513
1779111821
296558871
1397308614
784080041
257030593
-1884388735
1684325700
-279103807
419363286
2141868122
-124816555
-1301982553
-1457130304
903011662
932833127
1606324330
-595424030
371680851
-1661788300
549329270
-1807472429
-1679580128
231185763
-468365015
1976867428
718438367
-176025682
-951256411
800305633
1640685344
555442244
-680761369
1935819159
1587067665
-1876800081
1241253400
-1157933674
-385616148
910226041
1655954211
-171793480
-1614173776
596172492
-702822265
-170166303
-831271149
322218072
-680745107
-758407033
-2126081098
1914180728
-1386311171
211951476
741978266
1709588631
-947786260
-1160666422
-295204398
-1090032432
-779744167
1682639432
1002636410
1848528084
883520217
-1268482869
-830453785
-1619590384
918364624
1306382870
-273949153
-321377777
1659202562
-1155836715
-567351413
-1018130404
-405261463
1690050782
-1003072022
-1883076309
-217997496
-1908301382
-539073911
739769080
-185229440
1607595364
1415754672
1364756336
-349843167
-998820016
1210508639
705526096
-633825213
1775892398
955410746
132470540
1020756759
160785135
-1242172991
1648574449
1234717240
-1457005176
1440734403
-1350273139
688194118
74127349
-643280620
310952782
-402828619
2074795776
34931581
-810516888
-1678522910
-1037947838
-377497869
-1035106308
-1691908505
270154474
1684720652
-1145933962
1009524143
-1386240836
1696527278
-1847753930
2065041356
1904069468
-130328311
1400087922
1891381383
124850636
-1259071802
1670974297
1458286008
-830166477
1796279168
1484016252
342641368
-1843856416
633266547
755652713
42580436
-1034164851
-331588238
1625841817
-457278173
-1731436569
-610719458
-671443829
1331355418
-1460190131
-1772450732
-247637456
-53245314
-797754408
-1691498009
1038646409
-1475831717
-1795286373
-770239601
1250574990
-712038637
-1795282133
-1291368160
-226324399
-1005269319
1372466785
1890711294
179074659
1435862687
-463269026
-501200945
-1006185610
-846082003
-129586225
-1005265550
-787289021
1962687220
382918769
-736115408
313138606
-1603103230
21834199
696318769
-1183183577
-641179017
-1137028758
-1360318159
1651047250
-2144511144
1832828593
1394592883
-1541792535
-1684789598
929027283
947408629
-723247647
-1112898654
-1950407591
469802980
-250989877
234195587
-1489996489
1325983570
-1960158083
1287246120
731376908
-649268955
-1965440527
176195900
1863177640
-918926510
1234322540
898100102
2124007375
-356674741
-626871838
-1266776959
925843004
1452451510
436550040
600716843
-911092504
-1013273762
-2045376757
431293213
-1905805173
-1535761810
324937488
313980635
228919907
-992970020
-1505420484
1691729773
1860385843
-559032542
-557990011
967822382
824420494
132315699
2083087912
-1888352797
-944968876
-1645572180
234245582
-341543922
-651772291
-1446362294
-2043882006
-1567923324
-720347371
2045598620
-663677596
257679933
147439239
1006750713
1077196667
-1642355605
-2111306723
-1069551181
1580155622
888252109
-703454522
-1051430772
-974049475
288236100
1177192218
1135010408
583560343
296068262
-44621413
53431876
91439475
1164206801
-263630530
-742942106
210281179
1484527619
-516197847
461729238
776694470
-1577056663
-1657662276
-1355008756
-703590211
2070408437
-1855250219
-963756566
-1884108606
-1815345548
-1585092272
793714412
-1961481108
-570858017
-963677236
1860754845
645976662
-662748176
-1932232524
-61306804
1530034106
1741361656
1579868029
-303155457
-1309695912
-2056100369
-1997030612
1498916776
-942878564
841421772
-984675557
-1455691370
1148241407
-2101147625
1104200699
1965149230
-191409748
1100920763
-312548068
230819034
-334186137
2101229856
835263980
1015103552
-1405893974
-644982151
-632371268
1742574262
1011272720
-2102638246
-1482672182
-614597642
2095487223
-54026356
-1777029765
-1085672946
954184543
-1789400796
442130663
-161863783
729384984
467400658
1497003419
-1393360589
1624285468
-2065000586
1751307673
-1450414551
-1666211271
-960399368
79968419
401741936
1558768627
1140351064
1865604024
-2076041256
1072498855
1959526147
-1646482209
1715459201
628639731
-1026233496
17821474
217261197
-134992811
456436939
1475975901
-186339049
1204784914
294378073
-1632436680
-741228958
2027593304
1470736507
-563453455
-1699581099
1390549414
739669870
-2098547106
-1113580505
345469035
1772107539
-92107598
-1882168234
1485416173
1562948611
2123030654
-71975972
-103996052
308486630
1741845883
1403280293
-550578810
-1792051451
-616903290
425631035
-89050659
-1189647076
-1541408021
300063170
-1780995082
1817852788
-67841307
-1577171925
204672100
-583967183
-854506395
-1764855132
-1696485083
-943063320
-1169631470
648055630
-809185717
-149695884
700159633
435537970
736040158
1128235018
-1884033531
-723368332
-1536728064
1674831241
-762824743
99701961
594176082
-1847407338
1923024316
1683731750
-304329322
-564467736
102851821
1794360761
-1075747178
33432159
-287923528
-621361892
2065624899
1432397147
509171007
-114186808
-866956000
818288843
1770892413
-1948572473
931623392
-1560806524
-1002614904
929830829
1797342286
-997645229
-1321383403
-1076222520
-1673972884
-945307563
-154743231
690512022
1880315871
-1260363131
-235680114
-1450938505
-1447114871
-800458602
-1277381589
-1084341597
1843658615
1102821634
-421218953
-1571585699
-1946843138
2066439778
-1751740216
1034364776
1501837088
996361216
-1437880473
831587770
1823126835
103102378
-1846283041
892869231
-342218812
-1496836920
-722157961
149287936
1670129336
1286306992
-411445508
-701459532
-1224974412
448675897
-1225039165
-172260523
-464614466
-2113319282
224921581
520622631
1093376804
1811561796
1402132204
-1042813675
-2043987044
1631960493
-1770473658
-517700051
1208818860
1592497006
1911119000
551616334
-2112383413
-1586831282
1364985822
-1461482464
-966289976
533649745
-2055694095
330202947
-816319253
-634832635
-295586736
1453356746
920952665
848364314
1750401314
-1651090454
1481648700
-904827592
-33373317
-1652479506
194560547
1700659469
-498182434
1125953646
1538495270
484330404
-566407934
-1407990593
1314131789
301247997
-1074580263
-1934518611
-1334397135
1703486169
955534797
-100197273
-465745692
-1558573612
-859198644
-1285109318
1294235917
-48076871
163941510
-1786247550
-42362281
-456795119
1548676213
-1329129380
628676364
-592925699
-1106801123
1376613280
-807214852
518154821
764414229
641312654
727923619
1431823536
-438199739
-375563834
-636582774
1538903701
1567472880
-207944451
47341037
-1070923599
430952436
2027187949
-1842946147
-2073402821
-874689712
-537523827
-1041518040
-628502730
723864039
-1120226430
-1839646666
788303877
-793220221
1787202517
-376411595
-1956825532
1977504540
615435493
182077496
