331552676
-53670762
-1518386862
-817238813
1429842727
-1388448567
-1107075559
100732687
-21804261
-625397655
-930876951
54739241
-1723022334
1861719048
584415255
157211858
-1525575819
602521025
-1637073358
553345206
-91715533
-790971965
-1717893069
-1740893531
-1152431237
125430543
1352352754
-395829246
-1141253219
1284783232
237010906
1732894816
1186027470
-566174196
824187104
409804393
308665660
-1698295224
-91139152
847153922
722789730
-323039183
24728873
-326320468
-1108953700
1515339048
-119951861
-133337811
-1929726979
1926906686
156200431
-1517310098
-1813793440
-664352846
2057040247
758024102
-867002179
1298089399
1462755269
1868891064
1266598845
1247596921
1482951472
-518544934
834753679
963823458
-57464523
1019009910
1204886780
448572312
-1811769941
751368788
626703032
-563348022
901223738
-14705672
1821466875
49874220
2100939533
-1064335544
-351656112
516282559
890951110
-125585294
1123873197
-1951193131
1663453106
-631322868
1847805378
-719681836
-1180930499
-1046214020
-702635627
899302457
537762984
1919164569
-1697306802
240847328
-1382879752
110672530
-1228098993
-46674302
410825265
-176827378
561621384
112515965
-866256188
-378226540
-1997004024
607840987
-1176503739
2000649005
1157311702
-1428708980
-1287705760
1894368328
1428639489
722790902
536834829
-531752483
-2100651275
596439727
-779898366
1731528147
-1707746289
-1376201335
1275623785
1046331046
2015346036
-36427058
1665717971
-1814677948
-994838242
1754270924
1125084011
126530360
1702749239
-705409133
23413358
1221810186
1115614378
-67768068
2100501210
-750240540
381082613
137757934
1480661093
-762642568
-496176316
852271580
1238110128
-968954591
-1025100613
-835219055
1185341884
2002201416
-1859752429
1736231471
810654365
-1334541815
-1390487448
1544352628
-53000340
1518513429
-846831280
1626504255
-522274943
-1486924071
-339414737
77464658
-1284924191
-1001184801
1612464841
1919491673
-92225547
-1211669388
-1043455976
687124011
952318589
120158859
-89581473
-350722225
-927339069
630641121
1650590590
-1167249471
-483416045
2012943457
1706157704
-355177740
484552042
-1845750583
-862646894
1677357339
1826854764
-1230675572
-880709939
-2131577180
-1823686501
1249878522
-1439192361
49309700
-562778426
-790748771
-2127348147
-1828291143
-412667714
-168874522
-1040992092
-200897396
-208657585
-1597887991
1738673208
1766184471
1965691246
-834634460
-1707979867
-578527866
1425679278
642039462
-1621923754
-425065311
-1449716999
-1731345170
1602471514
197784841
-1709174149
-2130609614
-742737538
1662835137
-282860319
-1735550046
-24887401
698789104
1137152194
-1640839476
-747795425
-700113436
-1774229411
-936871614
-1502201598
439341914
-928753531
-1529944455
-2078068550
-2117857796
1432007384
-1005729805
-1760713319
-32936150
1541334839
-1475507296
-2103858587
-1846155268
1059053681
-286620543
824524841
-95218553
1289091137
785908111
-407245494
1015514975
2025895546
-2061275430
-1084739112
732612957
-1096495232
-1394219788
-1114280666
-1133309534
-1920526854
-2043360625
1354369179
1274542555
-46640187
545811556
-1474888758
724939462
-133087701
-1793478826
1294400960
-168788748
-453183148
-1503248169
645986206
-1622119985
1558437628
857532810
535202918
495560926
-1452311450
-89528790
-1676490215
677766471
-46400625
45443753
1922717696
1221031829
-971347033
-1922780260
-9456054
965177275
474651836
307251669
-139238697
1352383321
214598328
103308369
-1449068718
-763171779
1816417165
-1993714604
-1327000443
-171482325
-1828465490
-786888750
1053634279
1094968033
468618176
1922772497
-211709830
1643106132
-1207843183
-1778779509
335487955
-1533436608
-929780152
-831258088
681892986
-1051052577
-1681139234
1207357004
-963260301
1911837431
1804538829
2136195869
1885361948
2113869594
657016582
-752141623
-214449863
535520809
1439024935
705887222
-727122355
1223148057
863856621
1261137434
459522859
-1080119303
1859721190
-1683410916
-1219033653
185067827
2027352683
-468781765
-772218271
-1086005999
953810125
-718418897
2088713643
184895107
-1480850738
-306170739
944748682
1215879711
-1933818285
1876338287
994232532
295653480
2071787094
2140303443
-1363211416
-1390915502
-1628659423
-1525280957
1802445698
447282693
-1592257096
-2141166282
1554365263
499462625
-1632343914
-382045770
464026051
751213506
100143004
1035301058
-581697110
1968985732
777341254
-1322155019
957894141
1180807113
-2129181921
-758953497
-261226633
1022568441
84325238
-1370421294
-690327706
-360386934
-799942062
908478840
-2053006394
741236352
1195318690
-2058937532
815939723
-1131266249
-1829718855
-474332497
-590761411
1375980896
-2064443656
-946595611
1498566090
-972763063
1102520780
-1107170393
-1126657641
-1036435616
-659281445
-1053816717
595604439
1974549497
603810681
-253569567
-182203872
473064270
1440321120
2117967695
-685844933
607501511
-392023904
1438119616
1978354747
2145372284
-820204332
1189925121
-1261902384
-309562889
-656633962
385662989
1312151260
-1914639554
39022644
-1309741134
476428102
-68045809
-1841749853
403884147
-967002609
-534032019
1630693555
1478384816
1780640162
-191858341
-733233020
-203160572
-1612656273
13154023
37797432
641452269
1106861242
312920681
903883497
996379826
1013123759
1149127180
-1066929443
1138951553
255981498
-1575729523
-2068617992
-80807209
249162773
393148483
852063601
-1994824668
-217923679
-159074210
704640968
1976716718
1130276602
973785715
-238812169
-2045270091
956284357
-1331119561
761723623
1852859351
-81042869
618484106
-1856840155
858883253
-1329646005
523135671
1459613397
1439826903
-744171253
1242374906
-735000602
2029826508
-184635728
-848547518
-2137430137
706573461
-1333180209
866018615
-563553320
-484865981
-1051573181
-571501955
1567917796
-541547041
-358698944
-1916113862
-1723912753
-96521079
-219655512
-1553853227
-553302197
-1206392605
360340893
83781121
228277584
-194152785
-1230280106
108410105
-461269492
24852662
-2009346762
2136151820
895367191
-1536822549
-1271097574
-1412535716
306789866
1490817744
-1235953678
-1584421150
-1487991663
-741404135
-1166018926
2031106996
-2056216161
-1383211122
783888842
-1073120118
-1937355677
2107798069
-1883922765
211116926
-1762113960
-195892561
-921749429
1408445202
-2122064159
-1329010974
207148100
-143850377
159067701
-1377309736
565973272
-840143348
1616413591
1023805926
-1790996127
228519460
-883031349
591929104
115677286
652555788
1955407044
-1365943380
1588878328
-320671413
-288813151
-2144604860
-507469953
-526006997
1152514522
-2028276800
-1618711473
-297909128
-1745417034
-1031527228
2026896191
1066261383
-255886848
348766551
3941244
322500729
1772271865
-873217596
-1596136806
1734144961
531832464
-1025418300
537645547
597523682
1721582800
-1064679716
-1814815468
-1391095939
-1710099047
1088774916
-32584227
485766282
1456966802
1145087369
-1378385593
-531786779
-96795554
1748004915
1928255971
1227692556
2103976717
385529514
1109476193
-2038581721
1320384980
1506055701
-1407329433
-836144056
-732419072
84886275
311595939
52557810
634827048
-394563186
-954212061
1276615391
