233440469
-937086180
1879231140
-1582495105
1482263040
-1792493601
-1241318834
1228744162
-701287558
-1384039250
814986594
-739807321
-1628269973
-1937892969
457220061
-893708066
-862768376
138710112
2038026302
1362342721
-1181427432
-911469382
841861552
229968518
1953005747
218619830
-1022987154
-170213644
447096652
-1839794568
-187516830
-946965191
1172807922
616309801
-685990384
330346362
-1088094766
163170098
-830072399
927835050
-2144123904
-1212350042
-1635457885
1712890654
-573669002
-599327489
-1648883457
-1048713375
61110876
1673147660
714605451
1011079236
-1218087031
2059206186
-1762877485
-390979782
1681193289
1921104562
427946641
130423778
-2060692896
-782732367
-1991764395
1482788323
-1338151089
1593100510
966757985
1725532159
1390693845
-1827771448
-280071211
-182910878
-67508040
-726558130
-1632055029
-1830055365
702782404
-2080879532
683200324
-1975892850
-1635367916
-566490957
840538755
-716346809
1393860751
-1453615759
880943033
-1161564271
826586805
-458295502
617285921
1159833704
-1645199461
-386436115
1150131437
1339782252
-824155852
-1153397535
-1854971358
-1696510984
-1966786607
1820468170
-1903644737
-585921933
-1017252886
807616336
159549989
1460799973
-287404002
293610176
-806718798
-139926579
-622042248
-2087867139
-1073672786
-754455759
693834739
1222587064
355648106
-349228043
-1050170049
-1259124770
-2118665818
332151664
1204281285
218049618
1993006643
-345471428
1891609577
-843591716
-1312963623
1619248973
-1982857842
1220960
-1473668998
1077994564
-2135622690
803708242
249267062
-1360106747
-1953296054
1476480873
1746736977
-836219770
1184755664
1992211346
484424083
-237375254
-25881221
-130653657
459023599
-1438320435
405116208
-1509371040
-1423611481
916602849
1081681830
-50035191
482414638
523760825
-1338586954
1017374069
399262222
1209588196
1383687380
126470834
-1731191540
-1536293826
-1450878244
1034933501
-1654287223
1047374466
-1513236974
-868395656
476808490
-818488798
1046955108
1798619673
790093499
-51174054
-97227535
-1047469082
1490487376
840736386
32500430
-1135987618
628810413
534230179
218894342
1330650682
23923943
1949680973
310342883
-1878452907
1152274250
1160673191
724875115
-1968719385
296177789
-1486146361
1513631533
1037204217
1919744228
-304000700
-819553987
1576954900
1012738117
166509576
-838074244
1790263868
-920739411
1818642026
1427269148
-150361060
-1084665452
-330442373
1079242338
-84117118
-1825942977
2018651295
1998362030
2026391053
1487491685
1795477856
1210298808
-1909417181
537608725
119711870
-1274690789
978107689
-1521980970
122033226
-221553897
857053166
1391087631
-69632973
-86894190
1317109351
-1022881623
-260704863
1899562848
1752150433
1086196466
407053825
-163458877
-1403985166
-1445459516
-55922144
-1221811147
-1902566030
842222054
1543687868
455915876
299565737
1389363889
-470235560
242205821
-1523407223
-471837450
-1497528241
756210093
-1465690466
1838990367
1334023468
-192707356
-1887917949
-310076012
67034168
1148459483
-2082460777
389214815
-1299423661
896958552
554138097
-816380142
-2135905785
-2101280592
1297474704
-1092002329
-1325824806
450155661
-468177193
1118093097
-884976157
-2013888527
-664269513
693953491
202384799
-1310443910
-511681747
289580662
684410628
1849086183
-565560209
1254088287
-1420165673
-1600252198
-1308713631
-443332360
2062333498
-2014224161
-646265138
-2072566418
1559339400
-1122380116
-945948460
992175764
721865829
1567346090
-772718306
-1406755066
1437532688
-1621554252
758775896
-702608495
-786362118
1857942045
-290794785
613375954
1324237980
-1314401032
-244461384
-299812580
1438001285
261292690
-864134972
987847583
1558898866
-670875837
293067568
-2027938363
520807201
1245821286
-312322254
-312302113
1038696104
-1556629083
-2326543
1232592385
-1813472510
403542905
244235460
982401577
-274190806
682203632
-774801249
-2007634778
-556473621
1688411313
-685476663
437028023
-841659208
66695485
-1245965614
201782129
1713407160
1126255735
474270148
1260847846
1501381669
-1141378971
-1806943592
-1544991869
-563621930
1933701688
-356345877
916067257
246581529
-1063904119
-1526835983
2047215072
912144326
-713870875
-1579724886
1004920919
1524916624
2077004683
1309534802
-1601010705
-604028258
-1259073421
-1383741411
-461306743
-610256039
2074288274
-551345885
1474076669
75417479
-549056420
-627777127
-1584480451
-1967697256
-1882201974
-1790638015
425944506
-1315799744
1485168157
-783550429
-352668923
1644341317
-778160478
-572870275
-1960944967
669964441
477957302
-10803721
-786680167
1312770219
-250621748
-37413862
473257716
1813068537
-998317523
479811075
1413690705
-37953047
-831931328
417066835
850062663
598831321
442643467
-2122176919
533766059
886614644
1537182201
358024403
2142987249
-344686521
-1725279267
-1180853503
-1732482101
-679569517
-45186250
-34684101
1190280470
-910506140
-1674507340
389783508
-1985272330
-1003822110
658173435
1421691039
574115647
-391943450
-2048677210
-1859298398
418713878
-232397360
-1132371571
1076520201
324824535
715068567
2003116363
-563719587
524343097
32781857
-806475014
-1704172299
-2116509264
2116813268
1252470336
-1766893652
1737738770
-1808456084
-1121140337
-1285051437
433451389
244670990
1624021671
450187625
-604392585
1214875549
935414623
66526857
1605417557
-1865415347
2129036965
704498211
606483937
979157109
-654429757
686251502
830445623
-187802968
1667155427
1426805661
-978207505
841626629
-362297899
992923984
1583275648
-1260011826
-157201394
-197412531
1741946339
-2145847241
-1506282253
36471023
-243097482
-702604672
-103372456
-563477794
1992165411
-1429742523
-336327358
-1946697600
-850310719
1837945108
-557738252
-459389266
83223993
-1419526336
1934004777
1862969770
-1190607124
671088372
68260765
-2798511
1935002580
1893873290
-611376942
1473341068
296762857
-491321315
-373518320
841613068
445700933
-931494820
-1831181140
-1947710411
-447195510
-589334879
288467853
1472901210
-346066685
-1764303295
1932794859
-1139620565
1575752457
1795500325
628555866
-2023478677
-1128986969
-2101869671
562375687
-717943835
118765697
1590219107
-1216053184
753701536
-912153871
-821746665
-1385183687
2145039697
-1460713614
-2038971735
1399709964
-1124590576
-1295984063
662836804
-1378116607
-1525413041
664798273
-1050734503
-215115505
-1174304249
827875102
-1868177926
438576034
-1632356557
368349109
653524071
-601691233
-934247807
-1937235277
-2142534935
1813703844
-1338360761
1873284987
-1473530402
-996866668
-1201164109
-886176435
1647785749
726664274
82756166
1040246436
1671194459
-1228068405
-1021003901
-1889593634
1890176341
-565024198
-1224691741
-1077051870
-1639869040
-2019955289
-1375996917
-2103941251
-696483882
-2099604304
1386911040
201432398
-201470525
-565344885
821694490
1007249380
-2055272809
437323082
-542448009
209080933
-600595380
-1131863711
-1015716686
-1801856527
152174059
-1973228187
-1164376555
479095558
269484826
744970518
-409391989
1854755109
-499671814
345432735
1860247450
-1916699467
-1184905169
1003989275
674530959
283525928
-1483424705
-569138341
1366348282
-766542500
-1844792288
-1271071002
1064781916
1491773507
958147595
-1635062976
-748770785
345959365
1166911638
228676975
1216782533
778841060
-732013823
1400526778
1662414180
-1878554591
1997420239
-183475789
1897106001
-642388706
-1145615208
-130786184
970208283
369859716
-941523427
1575702325
1532825019
339857190
1876221852
-1520220180
-1569172471
-918432410
463493734
2118618232
1145590896
-275293737
810509486
658003918
503192293
1030859299
539157154
1185589126
209226516
-134862289
-1790016321
230219161
1226791132
-626764420
-788711583
-575325588
1989186557
1252913872
-1720420455
1994093325
-1913734384
-1758700011
1196925250
1754195899
1208519094
-1304032128
1485408854
1449606827
2071131668
-622481675
-1472462979
-249207031
2101416318
1020696233
480376295
-876132292
