2031888407
1449662761
-429281472
-306978887
1167087679
1410862986
-740541443
507710529
1309137519
1392749889
1166539108
264444136
1913255186
-1739845979
-1712034701
940143976
324376252
-1522874892
1044825189
989271312
-1561139806
-443668549
-1785710268
1480567749
394908236
806582650
2005614529
-33999031
-863854200
-933042553
1171760711
-71018305
-2007981663
1332436786
-281874611
-1604173202
-241795375
-1162164695
-1574208277
1301626309
1104603891
-766439394
1906467248
-2139812450
811306108
-1869399642
-564598094
791720134
-1138267989
-371378332
-2029766939
-1261745987
-144098049
931152998
758280112
1476012217
1161133033
-1494404402
-1645054275
405164272
-1835605821
1738580660
-890757872
-1561077225
562024192
-882818229
-1199294629
-1177152219
504754339
1925087810
-1447484529
2053071708
-1066088459
-440382100
-973499466
-915928439
1973102705
1956563618
349745663
-250115703
-318584061
-396154392
545255962
2022715663
-459247247
-977209906
2124424134
-2118843227
-973189863
-1349941736
1539873447
-92395536
873045212
-1206814560
2020114268
-1680843721
1430763098
872043643
-1368678959
-1139781083
817229407
1397799771
-2086320944
536007630
-807725924
2047986995
-984544546
748096239
-305629543
-47144416
85625924
-1425512583
-466379286
-1486946681
-1113950613
-216405424
-726581856
-1217747590
608728173
442816591
-5438718
187886943
1455870183
944839055
205602173
-464487725
-899292908
28166377
516723160
1354974667
738888983
-1044072520
-548197205
1352223996
1166313879
-465835549
-1885591535
-2084398211
-384428399
-154907110
-1831659364
-1754430295
1303926632
-473614753
142669193
177224265
-71002048
-1943513913
-1976643532
-739041037
1264325773
1046626433
-1724379442
996247212
963449574
-2146449641
-1334239668
-102981676
-959616481
1715506676
1189269410
-1140396477
1271907221
1124845605
-607529936
482113198
-616943925
-1248590749
-1756557956
1848535119
2128206389
1751865168
1201972258
1679760069
1599669588
-1046911487
-355001848
1145407032
-1246134270
-73853764
1383123925
1756207552
942099214
398188034
1202558371
-44231673
-486789621
-1531111985
1632341746
1020969516
-217688475
-1070621409
607719904
1890601194
1555125172
454347188
750748054
1910299641
1439827284
965969430
-772832251
-1011775565
-892646091
-5050917
-1070947630
-659205
214604783
-1049892312
1693550478
-1614893222
993569304
530158199
618481450
390899050
-9702695
-1517791846
1478324393
1054800759
477086655
1214263039
154915607
-2066243486
512488910
178678836
-1199427911
-248744760
2087101403
1322763949
-1284684411
-2061663132
-1353027045
216257989
1448869588
-1899302479
-281986314
-1554047742
912298581
-1798604845
807154977
1590770332
1426386501
613328567
-306190613
-740754880
791858396
224673144
-189039914
-1808248815
1988308234
196364036
1383614824
-1485406226
1212162659
579460351
-2105037757
367457530
-1432407978
-2025016089
-693997965
348622168
1583981733
581163896
-2084671993
1410424374
-1129601776
-197246383
417612514
784544781
1817830483
-1276902442
-457703726
756896550
1986605651
-1828880040
-1035642143
1236941919
1322408851
619429747
1305535979
-1494713810
833620972
-195058505
-730527632
90552806
206284925
-829161846
-1234505301
148616505
-1647749921
489189452
156025315
-1652314115
-1988978787
-224808772
1050641920
492670515
1889685987
-2043299430
1892210784
-558643644
2068577908
2033241484
-696435989
-512380020
-683447327
963278917
670137956
1636175132
-150379017
1841294563
2062207746
833848507
-1137376647
1840998040
409869887
971887150
920159502
558264204
-108441106
329887417
1706823292
788476418
767361171
495617253
171412246
1731147705
1043323630
328259714
-2129095565
-798737516
1380532953
528001775
-275236256
2006053244
635060051
-840736872
1798301463
581822597
-740745765
-2070092608
73126576
-1608193201
-1272621822
621028480
1783413207
-1449426258
-2079425477
-543489522
-814625858
325156493
1370647797
-750622910
-1746992299
1444587791
116646123
-1746196906
1780703160
-744683530
1795957178
30192621
1818603497
-1658367928
1188011443
1002372438
-1311382082
-300388305
1625716210
1298456337
988554268
494621473
-239642193
-2136408175
-53609371
-129481664
1003766483
703009347
1824886574
1752142594
983427022
-1556625714
1128105013
131554836
-20187481
-436868964
-110097006
-323966853
-724210348
-369659239
-853120469
740695292
-988437685
-1470260422
1774820205
1940464574
1178589272
1821056193
1021067832
-968348115
293362865
-1593819714
-1325344998
482565408
967288391
-472883752
1026470335
-87890627
-706943138
1331497677
1223398312
1139070364
1878719071
876536246
830908955
-561109846
-1016350995
822395023
1252866906
1254434639
1281557557
-1745482761
92304151
-283519405
1699495050
1653411123
-1344863706
-821918211
-1133398480
-903173000
-1597209228
-614861828
1616086391
-1110111383
-2090080201
1897254795
1793051659
1508295646
-1822345882
-1575280689
-200267382
-928198938
-1921872788
-225956733
-1063968425
1447909391
1162292503
-1876833066
-2106488403
1462894820
-285290794
470565011
888494070
-623617866
1418376995
-1227491454
1957191261
494111903
937247550
-1906513138
-743780702
-1641638973
-753149669
175992359
1293588012
-1943118887
-1169525860
1526962025
-1419122844
-1969243671
-978895358
1967565181
394560576
1018504022
1147138721
73932223
241606173
-1818987745
-1682837293
-760859359
-1314824495
-531284127
-232702418
1322005326
712404736
1859683104
1484908281
-188176366
-1745547858
533372998
2119332315
504654584
-2078765802
-1774912021
-878880043
-1944376012
-74364743
395626198
1401080177
1988150723
1289644217
-121598909
-2031421893
120363984
-420477338
641650918
-1577782416
-1732848807
1659799065
273399855
935120117
1198071826
557660736
-1846766129
-363908214
465527433
77308858
-1554810501
-1487919297
1433564042
1353311077
582931184
-1069722330
-640040508
-397790988
1479236150
-292807607
370582956
-1784517883
803235880
57568734
2135330720
1981682802
1649560370
1476983993
1596421200
2046972646
-984701860
1889038337
-1939072167
1445642931
-14479224
44731686
-1313590222
-1734396957
2024710647
929795346
-1493805749
1663018124
726855185
-1772679010
1298680179
-758838168
1002550117
899639367
668225401
1454034340
-152019987
1133847328
1192243222
1115545336
-78979177
-1836836598
-298496502
839647991
567528192
-702913501
-897117052
1505665192
561475202
-1178534532
-1578670138
2056393044
917797232
-644550386
-1232143352
-942442591
589071775
522935533
-1179011427
-553880609
793990953
-1355173955
1331002708
-811251295
391894125
-924919195
-859564000
-1074050417
-932316583
-102668029
-626587397
-1296917893
-108965653
1476507423
-273252858
1665638577
275489780
-172051678
-1760378380
-1244284270
-1658059746
736027912
563203753
1309541219
1744196657
670477396
-1518279139
238175586
-1928075631
1178593604
359421318
1621452826
535949066
1369867590
721274550
-1243353096
83807440
-886010198
-115096639
-758357219
478376128
-1189094504
649810146
-1052203148
-139041812
1368811587
857653406
484879879
1763324502
-1419385762
915088938
1325399950
-1710146054
-1119476785
1937771017
804585033
1974287889
-1892325726
-900512519
-1778781937
1012985492
109095999
-546495217
457255845
-912346114
35751391
356466976
-433133485
1406613334
637672508
-1890935197
1677239988
1425489516
1066359943
1638927444
-1445256242
1974748258
1477214367
319806170
-533774495
753636973
-2137364865
1261194923
-1772658045
-1370490659
202926839
840202223
-603702420
1826494554
455850910
-942452957
1156113038
240143215
571823110
-1510392768
-1394361111
693004364
-439477711
-652973029
1562554268
-2137083193
-1989947836
579770383
-1675724610
-563534172
-855064198
833430488
1404191086
-68247019
-252475301
-1764051519
1062321448
-2010532733
-1773462484
489663746
-2119079334
-353954418
-80797783
899750499
-363214794
-1639970734
-2085405967
2073304868
30905802
910241516
1402979009
2114836000
-473403827
-2111008196
-348578076
-1315558609
1378113210
-1267867157
393389034
795231436
1780093090
-1975242577
-620178409
81880055
836585022
-493571891
1028275102
-857645476
1696785347
-1198639905
-1810539505
-112322891
-1795608070
-1292011305
201677580
420058988
-730954225
1487828803
-80844733
-357518461
-816670040
-315142446
996544151
-1169534536
-1467226567
877493270
539157664
1291699683
1262191254
344877963
214061142
210427043
-1166050871
-911169577
-1581624824
-1295745735
944540709
161687635
-2060940654
-34011725
30786459
-193690679
76476622
-129907380
-1601607605
-1540093057
-173938102
-1218103022
-15717794
-996470156
168999739
-1215435063
993301778
1382868201
696025522
-1160629745
-1922687211
-731892702
-1270271987
2024204224
636251159
1665989229
-439928145
354040731
-199978086
1233525603
-369103629
-430373851
1709932811
32916589
-529950371
969670861
481673494
-754200182
-1634723566
-1354213808
-1266266058
267893326
-125743478
580971870
1230716554
1618987821
-143483005
-1600350339
-1556071185
-52121863
1156553272
1445928494
-2107349174
73436328
691091922
-166617011
-1793990619
1909144923
-2126479842
-1950817859
961220989
1866292891
-1401009535
-781291196
1673176793
660325605
2085994536
-1136932686
1256232094
-1249308056
-75659389
1235536713
-919093087
-2049739252
1870642419
-1826535848
-1598742530
-1638869322
1049064641
-2011473880
-826647001
-1107562806
-1880225198
1530061084
782459199
-1924588559
787590808
-119250157
-1816707160
-489560293
-1079907892
-1229720816
-289768742
920815815
-39451559
-1461509859
-1192651914
732228993
-28538085
-1413285269
-889173350
-1319567700
982672072
-1960736322
-1671224201
-289262719
499326638
-798721529
432406559
569290327
-1858367842
-2066170030
1560533155
352086564
1223866408
-1411814942
1854473053
969227331
-1375949049
-840038502
1290960777
-1096634761
528351454
-1255983203
110766874
-234425041
-960649179
1776702521
334557387
-1833400821
-2089895331
-1328064768
101008243
2068976286
287982987
999447351
1134918301
-1182733451
-1180364573
-1834720652
242410583
546836312
-407620414
2079670146
-1993105334
-743544113
686734817
1898630023
1996396554
-236778521
2112475079
724027753
-121755473
1472876085
-688915841
-1928651924
-1858383452
1739801371
-873744501
1748643615
682392766
-1616586166
-1119337960
-431242376
-186633328
-739864953
-938787214
2069261630
-204646915
-1746888016
882697401
1568177575
-1059609074
1633417985
484156117
-1012584639
-1028604668
1944764051
-25990746
-400737004
497728945
-1748669146
1228937600
-1464383480
768825347
15893791
-368721450
-226578812
310571489
-715565613
2134943796
628472408
-1552611015
850508293
-1418048910
-1565374244
-348380327
-195660115
-1515204570
-2133175975
2100616574
1293435387
1076469594
1400368550
54588074
1586214554
-1746204546
1324534038
-1697887558
-1641236679
635190688
1198987665
-970234185
626394694
507513049
-487553280
679722603
330569212
-1104546294
1203873006
476308279
1355175071
549512136
-247012757
-1321567196
410155270
1919233940
-1698819020
1194880823
2095158106
1167126863
1058667792
-48509944
219604508
-1883506196
-2099545988
1697008533
137153388
-2097903257
-494916726
-2024048301
1629760135
1584984053
1051779077
1951390086
-1963507311
749571708
-984093223
-2037145391
-932657260
-1433540028
1449809585
-1369911024
185903816
-1418803217
-759924766
-1667379355
1238888212
-825065050
-593135993
-2044541039
1677291732
1550847125
1965214188
1140945028
-321548324
1470128536
723486767
1696859702
-1486158147
242040118
-766944988
-95318857
-1706593722
2092395213
-1915276423
-2091732859
-818524851
815402767
2124695578
-132917219
1593664687
93562284
1099153366
-639747372
-190969964
257205840
979382082
725222
-1656588297
-1499527984
612623581
1043411151
1718837093
1772159135
-1500154508
1895738841
-475444220
-1997998202
2074487496
670387190
1661630934
1102524308
-932824979
1314512079
258305087
2035141714
913103604
-2112628196
-277013564
170812219
-1648310964
1698418997
415480853
792191850
816808037
736916457
1106075213
948880533
-37183211
215179918
1754526583
912568633
163313727
2101085017
2025485139
-715907050
2099781937
1109392111
-577426598
1247252702
1264128590
879630907
-455509504
-659857368
348951532
141677954
-1187546568
1566860970
-984825473
-1269655372
29647677
41211815
-674301706
155421955
-2092654450
410784422
877124709
1534174137
1370547769
1666538596
462113251
1732704838
-1807628964
1545909003
-2057736779
209185688
-1191082776
-69193309
321409707
-1715510609
1587298984
776451783
1229690058
-1267383696
-1608343423
-1373388132
101849642
-293407048
-1091337733
-1950367745
898364961
-1192787277
390438399
1025715453
-148317535
37593199
-1810765598
-942647673
-494814242
-1127496277
1940658850
1023843174
-928609741
399450613
-1620650642
2129750636
1366500934
422570483
1651847275
-1509134357
-1493372055
-1193376768
924035765
-1516722581
643607619
-1157731846
958319267
864370326
-886153809
1929172057
-1562514098
-420834697
-329536541
-721517948
1613564500
-681273373
1935853013
-705612705
362311641
1518175799
764324569
-96294616
279558862
1378919235
1186702990
285751171
349540213
-1818727547
-1584584965
-1031843118
1097717284
1851427225
933777652
-1367305782
-923500472
798445808
936965826
251923011
-1922623060
1967763392
1581044994
-177269170
534489595
1415564347
1307261389
1683019404
273394307
866369794
843938329
1806960061
-453897157
51326172
-222373538
-1853754985
-1284650489
1234930082
55625596
-891573032
-248913095
-1102283138
-1275422501
202100382
681679451
-1823432364
-1974854445
2080658166
1580065835
-957850753
320648782
-75403086
-580455706
747234752
-130098516
1478719614
939796937
481595250
1800018662
-295759563
-2067184428
-229325566
-235398411
-79403664
-2135443247
-2067953249
-1029497996
-1777133984
1923583892
1817401389
-2146240124
1922697181
2044413059
290430846
-1136670481
-1245750850
-413768360
-1228714557
413232271
1853760107
267844389
192028480
-1573531408
-1536377169
-1764884584
1569170494
-1914852044
1790429906
-197959040
-1463668154
1229581879
1621825766
718693263
398406795
-609079310
1889744993
1758676065
-1411936345
1647241508
953639660
1004771004
-88994678
-2078790354
806675065
89041689
-392364369
-1502336962
2021803163
1083433827
169843087
1754184112
756150033
-1088360962
-1454986918
830853296
1622206883
1073884426
53977828
-718508253
-1447562959
1419496936
466632413
1080063687
-302897144
-1486990084
-557312955
-1072847720
-991037577
-816733772
1127015966
-2066063755
-1803422047
2138943177
-831940510
371275523
-4658539
870879941
1653801015
866405329
670380955
1666548932
1739916128
1284891069
-62047280
-1654068866
2089663223
-161225835
-1725449483
76655748
1204522329
1416242944
-751311997
-229086775
1253995360
-175531105
308727042
-1078383773
-1195647785
2078328943
-868700262
439664531
108521514
1069824880
1058129130
-1114445054
-913448611
-1076113525
-1582833128
438238029
1973238847
-281809744
959127336
1673297347
-654344738
-1923078594
-1233051759
-943055251
-227620547
-1900094552
-1399599091
1654977358
-902036668
-104612012
-798118480
-771835925
-1875983881
1814652870
1022028348
-2091008755
-99058966
105402109
-127401550
-1236954940
298296564
-1244404707
541824300
1945346735
-1835089629
-1708879027
500342506
-611620741
585006831
2101340130
778261417
893503144
166817713
2084449469
-115587781
1909440915
653983061
-104911120
1486527060
2037430960
1892849742
-1139407193
1951100833
-416236010
-38842166
-1326577083
-1656113634
915645504
-1269346522
-1482076211
-1861541208
-1159328751
1307172772
2094751875
221512401
-317361896
496108891
-1572273454
1561529075
922542613
1171966062
-1040171408
1740861831
-1511515204
691909504
-290849089
117762999
568789944
1075262567
-1989609610
666787633
2024275954
1219744799
-995119232
-1894163139
-919665134
1776581120
-1649289692
-1754154223
2116370245
1018637875
-642562459
-533341341
-555537343
1507135330
1002003626
-1467384512
1879389573
-2116194386
-666271070
1464214556
-2088111131
-2128524058
1646925153
-653169367
-630325947
-1247701003
583600590
-537729557
2125543844
-2056912998
1295905601
1683503116
-1326578596
-227986849
-1575792536
-686834068
409640359
-609039421
912081514
1538185084
1276227685
-536452935
1348604493
-732264244
1044836379
1897029461
24848540
138299361
1364792126
-1652509244
-1508156605
1449524300
-1633505870
-940149635
475116990
611159799
-880824435
-1204887626
216932210
214538945
760581151
-1255037928
1977582682
278008397
-985117386
460006069
62481382
636546839
353834653
-764868551
516483615
602160583
222223846
1131193183
-1409288434
-1759241271
1898601065
-819482969
-713115554
-1611498979
1696756108
84902213
267041088
-828130965
1260561219
83745628
2068614286
-1710460070
1139358426
-342507157
-1910803149
-1594751711
1087588338
374741767
833663177
1667280733
2106631112
-2069165878
2127710339
-1952227547
-423852355
-353753717
-1449161652
-1782156197
-1741983214
-231397681
1411882032
-1722803899
1938256370
268537982
9741307
-261226661
1373633461
-1061457959
761048351
1266783586
-2124223390
1575244203
1637034714
-1661924679
-540513418
1349445566
327459992
-256592910
-1168919069
-953478768
-2106056043
1249748131
-1176038053
371014727
-603438906
-1244949890
348751821
1641500129
4197369
-904571489
1554045743
-1734832209
-70906566
-1819764187
-569687682
224218115
-1893587079
2082117379
1148166402
1449005864
1808870249
-236134889
810296534
-1811293294
-308066902
-324626052
-1933651545
-1366986410
521186089
2090060316
-1703140677
-915543845
-1946015801
1902205832
119796533
2135099601
1849783096
744890635
-1339738217
-222699678
-476090323
2027294715
1415924615
1804007080
1310505397
-63026349
-270018603
-1187849122
-1941757216
-2139237250
-2063559492
-1602031399
430247077
391640437
-278369177
36417848
929150469
1408940043
186892727
-2094993190
953936495
-1851457913
62906179
1261155856
-607997338
1295847795
1414124191
-457921005
-228464032
-480135501
-1379846175
-1808962504
-2044009487
-896719400
887994721
1030875233
1153660201
1921150390
-374978625
1964961975
1978407481
-189587661
1829064233
-227442027
-1166799524
1842631009
569730781
-1223803193
1719433459
1018647247
-264875027
-598774541
-910546958
518757403
-307085247
-1398062505
695687291
-1376462900
1224183010
447438772
2014155975
-1590095010
-232018315
-1861633399
-22432179
1316515229
1645207300
-1072274044
-1498777828
-1646209482
955820036
1724705845
1779185036
1290121866
1042647187
154613252
-1537552875
1160543173
183909376
757539941
-1580421250
-1470322129
-1454414704
-1590730679
1589153081
1068663233
-380068225
-1017705769
281629709
1410962427
-1126547643
-326417061
-748010251
-1165161740
-1910422247
2123154558
-736142776
-1781984846
565459642
1934025399
807164697
54128059
-175369364
1231087105
-1934671648
-2100650516
1513112384
1236364494
1715000153
1627263624
1380292505
524760635
1471717035
232477331
1283050
-952518268
-710957107
-85581215
1987860164
-643350343
1139770149
199425897
-803255537
-244483407
400666993
-1564572322
-1407243881
-1887127489
581789418
-203583360
-1870131510
-1061861213
-473947994
1318891822
786081983
1004644675
656387133
-484784960
1544405370
-879264613
1995605423
-472660077
2057808238
-96174992
1603645317
-1672596380
-1616558526
-192160949
-227186379
-1217493791
1778174424
-334771931
-1219467318
-852908163
619074954
1839861598
-1679592252
-779583869
-1359671882
-998639628
-646604996
-478430098
-676372100
-994249744
77278028
-1843351177
-1963095354
211989795
560045
537714286
-1850635640
-1316704494
-1380765280
-817930035
-925096632
1805923118
1946840850
1655999497
450274272
254909512
-570480902
-443988949
-450798462
-1563017917
1176774661
1616965023
-1179432963
-1050540278
94834037
2107246156
22488894
2027493828
-1854158266
-1861567516
595000600
1143780678
957563538
-104852612
-1233199033
-2119287607
1821873973
684684894
1460431282
1308770780
53413812
-1728858082
464536303
-1924871525
-2039443878
-592713237
-212100852
963594017
222534308
1562611494
1575712652
-1994134982
1343655390
143722296
-455061585
-469149347
-521282035
-1406123872
376451063
-853743655
2106065679
164432202
-620335130
1326502221
1458606592
1949405223
623629323
506406748
-1700844832
1174596601
-771854785
-1785633119
467999858
1423883118
890289708
772269793
1798759014
1680487024
570152462
-1156867457
302834106
-248239941
946374589
13095220
-806811812
-1303315025
-250618390
1827729918
1036332307
363881831
460547496
1844994137
-217552736
-1877314807
-1726870482
276627628
1482664224
-792562593
-1545169701
-455405562
-1816639820
-80514394
-1891046535
1572160265
459368547
-196907866
-199502139
-1216585690
1598252094
137862658
-1614491857
1469696266
-731218492
-1206556719
1896087005
1932830551
1796515464
666938988
-627136523
-1462718313
-666360560
1598144649
-634484197
947959149
200492544
-1801839736
1703733304
1263955980
-101483656
-768564979
997741949
-1755560467
2036633273
760418766
-2139064153
-386076484
1082050574
433316269
3362948
814236306
-430624535
1219016968
1882963125
-1849460375
-1254927285
-1998637232
-673624396
1063704012
-93576855
-914175272
-1374312680
1011968206
1231148172
694661615
1285284632
995577148
-509015496
-730040016
-1336222131
69058581
-2119737200
-1232827625
-463254341
-222573510
2049985272
238265560
-620826351
1074625889
-894895108
46875755
1695445808
-585970097
-2107209361
920151019
-1399874839
1536345670
428322519
767628832
1560670986
-456230469
196989448
1287051354
127670427
-745086388
-1064358386
1939582336
1635007077
-1798061584
-522827696
481646183
-1929212749
-675740305
786502641
-1276429465
-1951091364
1758157333
-2857095
1291901740
1473606655
-676599134
-1474385740
84398793
-1614017904
-89229436
-1005661478
2070008594
264972820
-1279508921
-548193553
-883157206
-302291032
-348560308
-596265364
-34394022
862551495
1590286520
-962525153
-723043548
1908465099
-1372724817
-1235896497
842387863
-1352706636
2134755522
-747457245
-359641371
-388575705
-695248219
-1772587965
196753458
1421763770
63385125
1832081087
572841646
-1660656018
440591960
870618672
-1059418395
-2079920516
-1343691755
986647068
-48438955
1674653012
129833638
1296003230
155123777
1865915362
1537342396
-1988223674
159250116
-412246254
1403498146
1427255869
1596349736
-1454153834
12256949
362596269
1266153080
-1537025562
-1213666028
204776799
430773075
1443850888
-1216204397
345076388
798281218
668686993
-1766394124
-1797291911
59536333
815476842
1946168920
2097385957
647344009
43436247
-23013902
1319650982
1191987573
-860586955
-1410339074
820317196
1431801927
-1797598205
699883249
-1796687837
622903169
-377908061
218312690
-619695337
-195496184
1341333344
1455416456
1265881812
-219244554
1772843186
306041491
142363885
331029166
1242709697
-1466254976
-4562242
1177530929
-1991115737
-1770911816
1128967123
2044219567
161858298
-1035500711
1187062411
238149985
888433672
2032618023
-1137813768
1003080597
1030706788
-13542204
-360027127
-1804987638
-86531295
175515935
1559249643
-2139707011
-1359681187
2062338090
1809152171
81118595
-353065343
966976207
-183363041
-1744416103
488238790
-1764658652
1465201158
732221049
-560389638
1904266972
-1882090130
852502446
-722229117
1327088640
-272592299
-1964674710
216267940
-1528260385
-384932717
203587735
-819297282
2087863875
-1201761034
-936589781
-2054161062
1288391397
1691657902
-830801216
-797276507
304272162
2112861931
-1217040541
666795835
11282413
-477236540
1342838699
-1943745944
-2076468985
-1776875686
-173104883
-290179542
-510962066
1260056637
-2019808402
258214459
-999297774
799328270
448100090
-88472753
1183537870
-1554546844
-1019110605
-852083046
-1349980779
-1201365517
129145676
-1869358700
-103063061
852193771
-1152357448
2047691264
1486484631
-1890496099
-1139393283
1715450409
-609199210
512349028
362356685
-2026326673
1516296786
1951408066
1756124758
-135360255
-262740716
-1367293495
-840374568
1981447403
981206966
1758828987
763577208
1281988947
-1247280228
2109462004
-1036838060
1803086846
-178235164
-15329784
211724502
-2074791399
459976411
-1940186072
1375473997
1669302838
-46608461
1738780873
548448697
-872138092
-1586746510
1598069894
-1713425179
658577315
1360664110
-409215931
341012155
-875737402
-312920713
397833113
1430943955
-1395877542
-718024429
-1010400921
729611340
2132024310
-1583219984
-1282442549
-641133345
-618170892
-1075199402
390639676
-299411151
1853408560
1576199771
1954840813
-260598681
-1010916849
-1023493220
2127356022
-1469643521
-1512089661
-1727252183
-1009773901
-1954859810
1126227148
-1824825151
-79511060
-2123776348
1665224641
1929541182
-984952010
1989579847
-1558971313
-1808090542
-241656552
-535323937
1736125570
-1238262669
864707696
724938686
1213680195
-1186555885
-1223670889
827353795
109581601
-59952875
214228931
-510971409
-1364922285
527287163
-1408134995
-385912264
-1864528643
1429674595
242933363
-778497635
-171674446
-2143419853
-2120451650
-998281606
1943615546
-653833709
-64351705
1480491037
180373140
1607198875
-407064874
-368513896
2071113790
1290680269
864709996
1571104728
143678131
-1007518651
-1918842078
2116349942
-207394764
1495018414
521657394
-341329203
-1010051125
1442096760
238490997
-1386354484
70689164
-602449721
-1377137587
1544278284
-1791765731
183137966
510775492
-173475164
-2047643527
-1817524324
371181045
-408348868
1596529904
-760990442
345316522
-1337879840
-1135423375
-1411903322
-850045882
-1462252266
2053053707
1475167507
-1439668763
2045857585
-751581007
-1017780527
-788955711
1421906919
-1369587907
-1873225797
-1398446377
486421537
-1136680777
-1671073281
242322633
141004050
-1700499498
-1258131880
710850566
221852554
200287430
555394
-111613913
-2020816756
-41932757
1089219819
-1927810916
1541866269
-1033242011
1357012646
609926023
884736862
367430421
-1125843804
-69642521
1182614237
-2137193248
-363993307
-9949191
-618285529
-169340558
1948286571
1367941338
678294433
-2040735290
-1351493711
-1270008720
471561111
-74758493
-1477784229
-281787253
-1518649963
-94157463
492723821
2028328518
-213281035
-836561651
2082607425
-1284450125
1464698553
1768873825
-897757836
-1804195402
1309164186
779231896
-1587551967
1786512689
642111841
502247177
2094998865
-1008287135
593342068
-1607647949
-1258523215
485852039
-1161389389
-302784511
-399577211
-1628980278
-745814396
1940838222
1783999453
-1118130341
560763180
1632011946
-1286149883
507269594
-683468448
-17984418
-737945791
-693950728
-772654309
-1645054803
-1658848071
1773209948
-271247694
-452467364
-1897503566
144767946
-977832667
1570446708
1985351166
-1568774014
452959671
603370822
607276214
1359377126
807891135
1247644336
792400677
1964654430
-2043946048
1077487005
-1293134330
1513313663
-1200162121
-2043977519
1699938290
-608599958
-1640334668
1317755622
-730257389
1261162866
-915074644
-875433071
-1244495843
-1593530111
574037901
-872785623
-1154667137
-564467269
-1452815215
-1927320982
-1740996139
-524240413
-796051242
753332341
-1123662177
-687704322
-1859153618
-1378355941
-1410691016
-93405259
-543679180
-875972262
-671527936
1199224831
-416638305
-9629657
850656731
673442687
-207062566
1758077293
1081958623
2091086378
395497427
1839782229
-373825720
840710956
-1378283245
-1149597752
-1237379665
-852975092
1095756302
-524323791
-1860577925
-2050379251
1078773948
-1337235065
774199959
-42157097
326626151
897089162
978430053
1298276695
-1380972346
-880304564
1544700402
1672117218
-990386869
1348637938
-467291798
53313696
2065131961
-739531589
-905342259
2019575591
85921528
1027794753
43521506
1645663846
-1533693140
1462370047
1973889900
215423940
554052611
-2144150254
1347473819
-2092846968
-1776080306
-756113597
1611609029
-277409414
1594704595
975030853
-1370582699
1856384203
-1011863456
1295213626
398598147
1666935345
-1091984605
-2037337221
-437756603
1660260694
1014837561
-285760104
117342980
1897411186
-503432060
-2062671203
-664136813
-1622575818
1058136513
-995307369
1016770780
-1050447381
-587709224
-732427434
114668251
-2023786277
1684917878
535434355
2021667152
1686367215
418000600
-496910444
1670608048
-1855746407
1917598186
909713134
-2144140708
-1549307916
928968848
1474032651
253409301
-1970613464
1167412034
-2129794867
588163758
-1149060589
572496350
311219378
-136463358
1711339045
-1890153287
322671192
-517792728
702342027
212155126
-1780078269
1426205157
-135646577
1339865627
-1871163426
-623155615
166224701
846273248
-1786017345
-1699712994
-1266952374
348708682
-1279105489
-1965541083
-712270287
-1966785032
1102750440
-704385919
-915578977
3851965
1505244960
-827836687
-1006958575
2138520686
1237813958
1441130200
-1371268166
-2006272004
-734700021
-297265288
-398011479
-237541180
488580387
626875231
-1774491349
-1337162203
-456729524
-1516987872
616444781
2112243283
-813590513
589141318
80444262
857075306
466113989
-1374140282
38414835
-112046138
694603868
1901959475
605074499
-1111341423
-2109973157
-354481930
2099374708
-1594356324
-641788382
-1874698307
1653967998
-621970574
1689375094
590971123
-495269552
1155431594
1921102141
-1268391950
1279331384
-1499439235
-842512251
748308405
-317342585
132760727
-709124662
-767235630
-2006199436
-1192736463
-1088057992
2130110630
1758227520
-172081569
-49262418
1721618641
1700639387
-145489498
2146315332
1918285284
-947924154
-963786031
-1847686129
990504537
1605751544
649069316
1746079331
-814126397
1007316869
-1513522927
-1602534440
1163641926
-1568706755
664536842
1745233745
-255877560
571998866
-1242465002
-852192710
1200383848
-1829430275
-1043077752
749220112
1807680942
-1274748383
1493005869
-703677402
88152580
422879279
-1018838299
662796453
523011813
1378277516
-99154572
-663927341
-1154208173
2103795121
21991065
-208160104
-1945756914
-383675053
849392736
-971368642
67799298
1595099587
2076037556
-2022502536
-1809415936
1462283670
-1446827208
-1319325531
2103442353
-2101316216
2053492054
1696852053
330088391
173091997
-84232297
471035659
1326739316
-269539703
-9115339
-2124670140
1306622239
1951708241
1163862766
1107353784
774102869
539393841
1372549658
-353566753
-779875331
1516776896
-1029711617
1790912950
-1819073841
-843860143
-1273452444
1413258178
1269401351
2047347100
-370254237
-1408534443
-1489270699
1193927838
-1774313853
-2138841329
-1147704554
1977356477
810620677
693864871
-847298615
182604590
-1331665026
1055387883
-1656472133
-2146122597
1830313125
-907067899
-567241467
-738234881
-2127358610
230722559
-345510984
-1042001964
1181738327
-1831846520
-902432170
817117040
-1808922623
-1197643017
1296432003
301270700
-817464831
1316072592
-592125189
802312646
-618001672
1138541830
1604030406
637499272
-1392116512
-270405567
-741511766
-1310681175
381863080
1088739937
-883213855
232917874
-1328168957
734036737
-1003430132
1882997924
1569917
911380671
-937386905
1893480088
-849269809
359258364
438103101
-620319320
1892155763
531570656
-1148854883
-1211156275
-1218660999
722162848
293983565
-2065593975
1094572187
679398915
-507188738
161902087
1279468943
529615649
-1367781439
-239351424
-160687204
-1363493778
1330546361
-1052168481
268775024
-576644874
-1778106094
1144062375
-1588617425
1225245673
641807409
-826785516
-1348119857
-1290713510
656754988
1933402496
-2083309150
87843139
-1914052484
1194907656
2079988788
1351728076
-627696399
1749564527
669966678
1409790412
-709334555
1118774593
1024500090
1299580559
1064677556
-1547230661
-1759765694
516653017
810676587
109738218
-1813422766
735292715
-501402946
-855930991
1232714093
1425760068
-1632961217
1759834703
1569281215
1835439082
162125261
-544407935
892922231
-695019031
-162305206
1220067429
798592409
636318044
-2147128432
-2147352833
539857681
24423466
1767781284
-229838273
336516362
-1678748973
-2022191316
1582907235
-157546880
1338315116
-1718682850
1228658586
513005075
-182243096
-1207230534
1950719209
1939733278
1704009880
196572601
-1682640558
1404010504
-1613327372
-1102263610
1523487794
-658973223
-1537918821
-1016162003
349991402
-1629373168
656951448
-600480046
-380155454
-880840781
-617317146
-359948445
-563458551
1110472870
1676026934
-1673437743
-833740160
-1319586752
-218930706
-1425090309
602594552
1054799387
-2007705227
1577346988
-670634952
180760619
-2063119955
-849195065
1413679397
-1270253807
1498209472
1119999169
847353372
1623422897
625815583
1075591502
811208866
387920385
56580296
-2016171938
-182486721
1343819044
-969316409
1772960074
1879758246
1886689462
1593127678
-1947565238
-108449511
532451177
127034919
128218154
146718475
-1989677360
580526106
-1821352387
457638918
412629114
1879613515
1785950609
1800677582
89272387
1994770583
-543681436
-1379017785
-2041336858
-1975683265
266063573
1630692499
-239188011
-1682637516
-756826658
755158527
-503835316
-1643432812
-110050943
-1968354785
1084265891
-760939660
-1389635007
-361286474
680105699
1193285344
-1613338157
-484812836
-158808676
-1895644641
-529446123
-1075882278
-923793419
2050911802
245953855
423191384
-1815611900
-6261313
520363607
-1652186950
-439811232
-1565275966
-2009755414
-53290554
1690643955
1665324324
180955384
565996681
-520272364
1641623319
191835183
-1129475973
-218487852
1016643040
-592940708
1150311137
1211325847
581857503
969476894
842933618
-984460314
1726922956
1919838684
-1992475843
1115268740
602046787
1709254904
45215689
-68786498
1091618433
-257295548
354911357
-1866360057
-757406865
119827124
-281575358
407758787
-1609841696
-1924047019
-2107875994
201748835
1384916759
1775673726
1218884035
1895910321
-4096373
657967940
1104819488
1295583852
-785025811
908614962
485116374
1669744407
1937793385
94235193
-400299082
-733270003
-531551444
1413779173
1590503722
1449161945
756113702
2053580754
-857699687
-1795939388
1514965520
-964691107
-83031024
16796846
216920240
683526813
-58094306
1225293089
-2116521893
1309965716
-2016093442
1026189731
-1836055109
1630527137
-1721124613
1233082443
-286971950
303175993
-33518832
-628023146
-1341248194
1536094166
1869514446
-125905798
-1919204930
191880494
-1244885374
-1969592645
2020978676
370971816
-1399973226
-133569922
1810072428
-1402563061
-1294805705
-7600101
1553254109
1221445752
1707330616
-2111216841
1380967085
343888026
628579637
-946328048
-1373184070
716117531
-823836677
950703642
762810967
637512793
-366587097
1099183563
1838477716
-1095527847
-774762740
-1412638797
488120002
-56754693
-1190804775
1172559566
-88350411
-59201937
-4194309
-1468485603
-1769104821
-1733869081
-1426270272
-987588238
493548973
1892199054
-1381642436
400175500
1752422868
218160823
-1288524432
-1479172765
-24355633
-521777063
1795590055
-612849981
-1786592958
565196731
-1369001949
-1274040289
388612017
317381995
-392205575
-1708813922
-319315970
668077940
-1278964423
397521786
-826349776
482424271
-759535023
-480446070
-14836363
-1356088807
1695921074
2096190492
2123133033
-2105035130
421998259
1743849992
-1933101672
-390062059
376595638
999297025
-740519615
-60628987
-1659063927
1209729326
-657799843
-988639098
-942386163
1316785400
392948959
-217395020
1132815644
-1605669339
1389635388
1208050624
355260584
853032741
-1268221908
-1583509648
-126358241
-1890336852
-350396494
526544329
1944104214
-1164222592
1975021146
1384130057
1188980517
-373087597
-18851391
1154171098
1321943055
709964372
1417368922
1549306821
-980532442
-1349472191
898872174
1445937124
-735341331
-1364812352
1593250404
1533698011
-1051546626
577563951
-683369918
1547534600
-1826835410
1405423673
862129779
-1562348551
967540718
206870379
480229322
-391610338
1484499956
766752518
-968660282
147662527
2084755737
1597949206
-1183109609
-775839441
358424709
1312359619
-1337571999
-18117054
1767581192
-671067418
1794352191
1410499323
-76256053
2046199775
198512010
1634431626
-1313353177
-1212243291
-1569824038
232661364
1712214740
1270419742
-20191156
-2074994669
750943814
-125064784
2131918981
464767041
-1736360877
-1707660777
1762206967
-818292144
-1141978856
-1694150792
663428706
-1736583876
-717944035
-2118657098
-725171810
-1501915613
245278647
-871228412
1042592919
-424260875
-760972883
1750844604
-1309671529
2013586535
609822
-1424673170
-1718128950
1940599596
502926242
-1325236166
434440191
-2122701721
921085870
1781773154
-1525638996
419221850
-1926590916
-1777968102
-715218892
1280005731
618749866
1535456162
-900916629
-608197335
2091854050
-767008874
576974425
-337066478
-2112783942
1061802628
282527037
-1947452168
927006110
1413915071
-997962283
-1051949797
-419333524
-796957582
-1380438052
-1308174248
-1875355233
876015607
1036465108
-429279845
905977774
510657897
-1758207227
1277745809
1802597814
-1956658057
-1425792060
1800053922
448833878
-1156319365
1348048376
383126814
-1478965542
-1742107446
-1567312934
1038595253
93041050
660656461
142785275
-2126007764
-1543446876
-811450288
-1601003125
-318695346
-1383950952
803208345
-619865129
-132684001
1583602643
443369148
1308179
1971674199
1404530128
489063597
1944536665
-462170354
87190218
-2141606249
1024932593
-246496589
-1222928732
-1257753365
-1648981806
-1723253438
-1546496499
-216484934
1058127465
1296133302
-410597153
178259783
1186594456
1795667899
2121180872
-1110534696
-1202591743
605312423
-329727445
76014284
1504390275
1508993451
-1774496440
1551351538
984063236
2052005189
-2122875495
1373219351
1614327153
169504248
-1018263169
593246688
2114237698
1598464575
61602845
1070832090
1156148930
1065654718
-885953660
738949327
2047311438
1713532091
60792080
-2093353125
-1300562724
-1207890229
-578124783
1922722750
1604407934
-2127238960
-587462996
-1848635662
2131550120
130129442
-360469245
-350361856
877345519
154169611
493854356
-1719500146
1235945235
281279097
1489867230
-1667540548
-864377537
-1593628434
2107150921
2082269233
