-50478060
-78041085
-1230323041
278663283
-1498708652
-892950654
888529158
-746915158
678267735
1357614379
-2015686978
-690121703
946470667
1591025946
1460000384
-2072396006
1115649720
150351557
843329009
-1728770935
718252149
863584354
1122119478
2099099595
1226723292
-1242028922
-837855283
-2065113326
2018261761
158575118
-933732197
-1125811234
1833022111
196130370
1197343552
1271390150
-1910853228
231610678
-660455246
1034533240
412786575
1664664691
1607138569
2111235581
1695843079
542787543
-447609705
46109249
-2075140498
-138954567
-846737861
-1305710382
-624841562
-688560304
-129003786
1113196520
-453758797
1570113108
-783256898
-1821615196
661621938
-1148049179
-138342766
1811708060
-887073782
1347369644
-911253554
-1349148009
1566084320
1095456320
1241050304
-1760547948
458937552
-1790599734
-548676998
-183224559
-1809408807
1929443819
-1228731415
1961815433
-348671848
1547264732
-482566618
461956157
-1017480008
1816270807
-190097908
972340535
-1529231192
944072885
-577187063
-755416181
1432475535
1132787159
-904422599
292194272
222307452
-2038199734
-1748937552
2019148078
744893922
720368678
189710359
-1738803768
755565634
-642089162
-1558427527
983806109
689868841
859108829
130497631
-1951775046
-1500200099
-860402633
-96664551
266957074
1127098707
1245796734
710338910
1307459201
-1213035805
1865696174
1605518359
-1776639474
-371615426
-976977556
-1457643401
704323952
4248607
1534039587
183808590
-9803821
-1289937088
131001456
591931807
1058324699
711703311
1691579071
154123375
1988739048
1450022049
-1844715978
-201655841
-735406180
-1133305626
-1169049647
-186729859
-81271399
-1884408034
710383565
-753909290
1739191951
-1356685684
1230320458
1282958671
-1821718923
-836418712
-1984683989
359779380
834224405
-547010791
678064960
-1113416431
-749631794
-2105974877
1826528423
-2144129984
-152159851
345979485
-754833809
799571907
657659452
1979831784
-1006159491
717405267
-103719434
548865884
166661299
892129209
46847002
-722231613
762159694
1573645403
-1849666521
-1845961014
1048672143
-766334439
310723592
2083863477
-589034851
-1247485863
1845585560
-1975675501
-2006820183
836144480
-788606361
-1427938893
-1871002029
274816739
-736489282
-1845528746
1217391691
-120475683
1860610272
1859154853
953578043
-119205981
951753618
-1454970652
-971123228
1713481269
-810052898
42519784
-1980584825
1368328662
1792068115
1805179590
1134228613
1336826333
2046358031
-626664499
-1085055671
-94850355
680760767
-682554443
1178511717
1560825763
-1107705113
1333398551
2095484667
260172911
1587149598
739384096
171948638
-1810285018
37204252
-1486913151
-602351880
656708533
-2125539784
1597336489
1777779309
1776350297
417610795
-986471882
1658736128
-1521922259
1767100185
-664480344
-810667467
242782212
-1103500334
-439783081
-659416904
-682119815
-609921452
-2084034138
608297085
-1730804669
-476867436
-1503872647
-1412530137
150705101
1855041917
-898596124
250620589
201977861
930589752
89130788
-551577029
769260660
-858450002
-1393858094
1157539157
-319699826
1862905418
767521621
1202881090
212796746
1886182915
254264984
437542055
1150827509
831754393
-1515045380
916660593
296701507
-822889442
1075225488
-60054280
2025725863
723077047
-436914049
-1966438559
256288740
-1718030173
-357449783
171801411
1497718498
-1222091908
2045247542
-1951411572
1032720837
587525565
-380505722
2013820326
511210811
-917140604
-2067330836
-578967339
-1173157611
901543320
-411084611
294994914
-647487207
890930092
-247695516
1409171453
-1563810027
-1512751388
1504010649
-1176846369
81357367
990224537
-1623077934
1759508015
-1471737956
-1324517031
357865209
1881378342
2055075878
1299039281
-1684251554
-1614513547
-1668042863
-795317715
-1073986322
186076773
225491144
1394358815
-880894043
819758400
356567925
-130934625
1564863297
-1937155089
1882248918
1251912787
2115520311
-384687900
-1333142057
1582041712
-2122547222
-1422975431
-644546468
355673984
85928474
1292075545
-291093027
-781905819
262767002
-241178274
292617528
1551904669
-862257339
-1303351173
-643709503
1323180743
-162407886
-1673498980
719820190
-91560859
1769859110
821837579
-413773486
132009442
284987722
838581461
933415062
127743447
-1110193379
82203821
-1704907665
1092071049
804081323
-1377054449
-1402187140
-1240586058
-1601012225
899368104
1747802512
-2105573744
1253878997
-229394700
81822592
1881025289
1851048084
553678633
1399674941
1548431697
230185850
663566675
1899324964
1079605404
-2020997352
-744726080
2073965460
-1631281112
1161105921
-1681120611
-28297791
1764921214
132453566
-277000224
-1687297849
1120356087
624710148
-1294398103
-1247599358
885437569
-233609688
1090567011
287239580
1761120419
255850962
1998963952
-1483901850
1912506302
-1576571920
117257477
-1790738709
-972213356
1119725294
1742550417
-1338517310
-931354354
-1755343581
1645272292
896114468
-1968333255
-654579570
835775822
203895229
151809169
-1867241023
1427532551
-2121081658
1439396738
-2025111012
459680846
2130677843
-461201621
2144728382
1057146835
479279337
142219108
-428540487
233080153
-466514605
-12428542
373801220
-1129499497
144926133
1654410073
1765920437
1355288159
2123100129
735570946
-2005098769
1866728450
451564777
670620381
-1086176232
1039737073
1089184756
-1285831591
-1381694513
980411047
-107866539
763910130
474155805
1879812806
-1752956711
-158367493
-787172886
728215424
-372767136
386787229
-1072234063
770182712
-294035538
1592196639
1636529015
1618404456
2077772930
-1119019418
631314680
562008773
1338507752
-1964016705
703243555
-155677024
-720590389
762244316
1934100425
-1183947378
-139376690
-574172644
-434007920
973657931
-265906341
-228090865
574475565
-273864229
-1406585093
496285241
-698706222
292494321
-1366379288
-512763372
1430586084
-1850467948
-117550880
-1724379557
1773349616
-394094848
-40663237
-220014971
48103391
-1867401782
800438591
1637504655
956865641
613128262
-1538160973
-921473282
-368719161
1387726636
794143921
2136675620
1369682348
-1973203591
-2011267648
1726639009
1139858549
2012966546
-2053617887
-1312465108
1053627038
-665576785
1452423017
1080019859
1215017592
161088886
1883281999
809594112
1486127896
1031570150
-1920565817
1059135869
-439668334
-1855287690
-1567878065
464797369
-1655378585
1182179453
-894932857
-1913192436
-2137597893
752350676
2012886535
-914403144
-1027654453
1296444857
628423532
-38046095
710328605
1188454902
1793366452
-703438818
980813816
2026839361
398136523
-1628201759
-2110818922
1197134822
983648613
-113164460
-1652290665
-564739421
570207246
-1151454954
1563791417
821450706
707356031
-355485051
1362588870
1708231373
-364289998
-1291238708
1738747725
-680082035
629021495
1105562655
1059847060
-1476442988
225203784
1623257157
727267148
347017485
1766189851
509370710
697159046
462944560
998729719
-1846988090
1263953254
583609067
2103197578
-1759908191
2078230549
-1928637250
-2106220040
-837502185
1326330364
230912230
-263367881
1558713403
2009826094
177512125
-644935015
585817607
197755685
-283040
1190684586
-1115876701
1154460592
614810258
463988795
-382824218
-1787089108
132754655
13781950
916836124
-1195037199
-1595414524
-1654333484
2146989578
-1548595441
-680831859
1719808548
365176878
-1500073926
-2074207296
2000618350
-881460918
-2104205054
-414950215
366139359
873683491
531225926
-1487239210
1808840870
-591430522
-83281174
1538493524
-483263801
-1134267509
1539833543
-598098886
205922094
-2003332067
411225315
20941429
-1237835770
189061561
-359700511
284919620
1577762635
-618310795
1443541947
-1155711274
2079500957
650173763
1756868525
-1231102416
-837908393
1190898038
-2021680268
-959331756
652886496
-13345147
850574264
778196383
-1355014336
637521167
-953388603
1257365362
-98596874
-1495563745
1970576001
-359978476
-621118200
-1560233552
-886871910
-1054793001
158867546
-233474701
-1922290178
1972689016
1272175939
1796324303
1225181328
-307070005
-279574947
2123055912
-621369832
-1788131689
-1281622884
-1778774685
2049545082
1099721918
877867937
-206784598
316132138
1334934433
531605328
223052396
1697773279
-1254962238
-883190113
1798657447
-1736370042
-1456019286
-1222142031
1509049705
1302826617
1712853772
1369397538
1420515987
-1624135952
-1669512919
-2145868636
676307936
-1927842121
-2120728202
1998026442
-754265307
-1506220255
-495918211
-499433437
53603033
616050492
1396656896
295084939
-2012299304
1676028997
-545926813
1318340028
-1103408285
-1984475810
-1640162997
-509574613
-53851797
1508836989
908802177
217651473
-930480370
-1986330969
-1003938788
-41866553
1535378785
492203358
1124567775
-1316416426
682820720
-1486791848
-1653118497
744423758
-83539326
-752960911
154085225
628508374
862096289
-45643551
1380020258
943774724
1339004248
-2108656719
-414739858
2142733167
640875198
-2107462550
-196856811
1665300993
870972595
-1558190576
-1052164572
595443473
-1332923799
-1904956082
355869457
-1183757904
439924262
-1036283918
714203937
-1148797118
480500295
-1717123174
383152910
-301236400
-1366250873
646798255
-2118555421
-1297672035
987479425
-2129400173
2086146859
-803505290
-1745282445
653830677
-571777462
-1155170994
1781741380
206372653
386542634
665420169
-1899146553
1155476709
600244761
-809411688
410693441
188793492
-2107625232
-100811195
-1129287384
796299602
-1777869960
-629224369
-579852755
657572007
96173834
-928211399
1753561212
-1959200123
-1132928395
-695086754
-468725182
1822679672
-1667723485
1550283849
1155265903
-1208333285
-1980483458
-738007997
-1381250116
-1486101299
-1744718449
298545196
1401451247
-680770395
1081176296
-1125722994
1520224606
-448095582
107573956
1806230767
894566065
85682215
-1335596692
490993254
-1935807254
-692191323
-783395877
-478355600
-386957910
137280153
384742052
2013176067
-1490706516
1358043833
1246389011
-1911091997
1891733654
-965457303
212174995
-463012555
-1437761808
-419712909
-1284495281
799404369
-1828927372
1736739575
-1393665254
-918412324
622549127
1808188832
689387923
-945590764
-332010745
1711701784
1546905220
-1956082579
-1002621113
828567997
897211274
1918605405
-662550697
-1000426604
1500896251
-279721100
-762675320
93815166
1086927363
-1157111890
1268652590
961743272
-1779099120
-1103781620
-1730405465
1055484232
42958959
515408992
-1932852580
1886212485
603878711
-126724248
-351422330
-1468201034
328464997
-1920573921
-279411084
1764144335
-334098360
-2137493170
1480200714
-1099057129
-1047485409
751235688
218670796
-1759121122
1040532736
-1288722281
1686392732
2012558574
1348911866
2050808594
-1144879999
-1524997504
1099766910
-788972367
-352292695
-834876815
-424649222
897481922
-196799312
-1560420875
1086281670
2054918429
1183631650
1299339531
2110869059
571280757
600565054
-137929742
1145047105
-1124918287
682528253
1016801243
1340727201
-908727558
-287837870
-1512541473
2146547771
1510122582
365130162
1465812787
1749876993
-451395211
1066304982
1353687449
-1664212124
79483147
1444565182
-1501412583
761005302
-236387874
-1772079623
-106337808
49119056
1205929696
-876286429
-1080891959
-185994699
-758175616
-135667793
-1730528470
-453094409
-1436182724
-2060140570
-1755198928
-158833639
20075386
2135015471
-1907676033
-189799371
1890139800
351587216
507706995
962591520
-40523455
-1876780940
1730381723
1439770187
166064898
-1357737298
271906406
1836473707
752422684
-525934146
-1719065826
-1675211684
-759233893
-855109807
-1101263338
-92027070
1056616359
377885198
-1455321825
1580653809
1459913241
-1590116209
444324928
-256234610
-1861037743
-2147094355
-1638005339
764828534
-1509553338
-212613376
-128428841
-232790946
-1182532386
-2062419291
-696497875
-1821802310
-1643197569
388829505
1277737858
-1654656157
-1835437083
-919939258
6695719
103416691
1290068533
-1881171851
679896603
2100417139
-1525811374
-1692410717
-2129002375
-1410666312
-1536815249
-1723159361
1635864369
29021193
-919282202
1002742802
-1736058374
580883589
-878988729
1111249353
96761991
-1819601981
851409586
-1189826896
1535086328
1982263866
1172313961
-103109824
1374952851
1645737699
-531049568
-1753802277
-3958861
-501363428
49223575
1931376981
1571796480
701906127
-1785616406
1192518582
100972511
-71745325
737936935
-1989106371
-2065577940
-799694958
450283169
1869627304
-2057930458
1714153963
723971971
1639767474
2068286378
1593836632
2087433511
1874426589
981235108
1113038419
-68474968
1535853425
190471106
-1755431947
1722000821
243396804
82342505
550352352
1281435816
-2047662662
-1123747348
369382239
-1965900330
936415119
712067579
1533010635
1483587880
880332499
63873113
-1148750800
766618858
-725652298
302819025
1640208943
-1321692446
2646149
526771306
-585149147
-1657957724
1008200052
622169561
-1291187060
1417928996
-109068131
-1934268106
-1865074015
1356739980
2006902600
770291955
-202461625
-1866485936
268014957
-1058250231
1130530603
-442726018
-1643967370
-639123085
-801222617
871509850
-1135914424
-349903649
-1474241557
-101480918
-845211516
-65529181
467191770
1825538125
-894938103
-1533932307
-38942415
778390930
-394114883
-854926274
-166778770
-1768244026
-1164178035
-899683047
-1809576209
834577038
242273457
-1414243081
-2006938920
-508929673
-1974647756
934236797
2081189178
-822956213
-171029837
-766337808
1473734257
1806291878
-348365724
-1185458456
1197999308
1731795912
-1331399590
161841219
109672819
-470634581
-825313786
1616298844
-797554811
543716439
523741952
-1543251587
-788774528
1234618229
-247916281
1260339857
202930406
1422319650
1306244166
-250133475
158336028
-1443501818
-1986317864
421815153
133480084
2127243172
1073381006
-364327142
1364420398
133743858
-1906434577
2136501146
1455079643
-259519700
914290048
254310234
1466014083
-1119146780
220727364
-545195553
1462491944
599517534
1410721414
1213821500
1865222987
-1204837862
-302590507
1468889287
-188162930
1421784497
-1644759729
785205263
1830336154
-238668828
422830626
2035900685
-1152952254
1741176561
-1138253745
1146601112
-805177368
1507896873
1624427441
-1098626018
1479575071
-850868802
-2006297282
-2115660911
1746728594
1052645345
-1127395189
-683026786
-263474397
927851276
1867224469
517998372
1489345879
-397966948
1670265533
646140643
11944432
1999486626
-486593772
-1668860300
-1991826725
-1213717511
119364825
406670200
-573883572
-940403301
-1543541697
-280148460
1457267239
-1654993360
136224370
-2088053348
1144811169
524325095
1872793820
394026125
-1603714265
554083465
-1074390877
-209669183
-620813698
-609227829
-1190521226
-1716425507
313815850
-2017120541
463684233
-2038282227
-152152812
1289054813
1833448669
250990835
-233132698
-559171794
-1591398972
239752924
1799654585
510861321
1734828708
1937880116
2097566578
-793643023
-1585851654
1046059324
-1269876631
-1517582833
634120610
-227455495
1755846090
944773829
-913674667
28647279
1409130560
1800462850
-2043180174
-1409881073
-407606193
1315833559
2090265600
-2078375059
-902994431
388693066
-902875662
1523830069
556244676
830340970
1660052653
372239199
752260498
105719459
-374159416
-853423199
-78488238
1088197203
1612884498
-687481819
108610942
1956024988
1182328024
-608708740
-1515132667
1909446267
-1279990937
-111092783
-881932431
397867033
639687375
-357351071
1515113548
1421867617
1616460266
-1922505686
-385849152
1926335442
-166947428
82826466
1706632061
-92069227
353867099
-209935062
728089311
-166181422
1070900209
1400423171
-1564379826
1255577662
-1129355136
2142672768
-99836952
857307128
1636322246
154950845
1033050973
-1503705195
-2022404702
1628561167
-1278453989
196719737
-1859408169
-628318852
-1076020566
-540307864
-1136970994
-1839661715
1189541208
-954989476
1864761121
-1086945886
504581144
-1326425448
-584788074
1984451685
-84302426
1689939452
1871823721
221922562
-1140443921
-772040549
-1251977459
-1014073227
1161749936
1544604554
-1365169227
-244435611
626519901
-1038749190
-1255209265
-1869327535
1774465603
851177865
1485338064
-359226104
-2071215376
571333588
-1715412426
-1573448098
-1636481070
-94427824
-1449106998
851210524
-1179316963
988149082
-1095121114
-1679950536
1595863794
-752753780
-1347242378
-238260155
1342609853
-345983407
-1619934590
1385553964
-1546948386
95942331
1638061547
-1412846308
2009369483
-1058837101
-29201228
1344050879
-1256562700
619044273
1457807876
-1675857747
-1738877785
1900711822
-529312215
-2046416347
1819689013
-340033001
1685188832
-1765270278
77217558
1149850819
228033491
1281742794
-934706231
989806311
-1456090782
-1752049802
-648149697
1043245128
158202789
178578381
-560648327
-1383909647
538369969
1583481738
354155119
2713159
-1885904613
1416706944
1653279539
-1201734822
-1575261767
1466600723
-2061417642
1902504573
1890754991
-672274454
604856970
826769944
1599349673
-1797520670
998088328
740224700
1353888101
898584645
708203828
1652518007
964766836
-818708165
-555795202
-1728333463
780097344
-1119007616
1279833994
-1994809961
396567120
946564182
1273047698
1700109310
-852293174
404031421
1991017227
-1215815445
1038763833
1838742242
-1383184762
-1270955639
260561808
396669652
467195609
-1682874181
-239749777
-104820611
1763363838
52710699
373651364
1111164623
-1420982214
-1794790237
898933747
-1410668483
-149525887
1009109147
2059546138
851744620
1258177304
-598798318
897301263
2042957610
177794684
-646192479
1321799819
-1854868066
2043755138
1010137292
262174923
-950718783
892041663
1317567899
-1552474475
1004118540
-1273796311
-21942935
44868984
-1282529421
-1938797570
610930171
954303064
790941585
-1392221724
1088787411
-1371809751
2026634019
-1261757615
1496074438
-1600725766
-372378182
853258284
-736213044
-19592395
126027692
445381812
-1712315882
-1924291804
1174287179
1558825120
803766630
-1831714633
-1062465191
291429512
-509273190
1112639876
1084129466
901155203
-1098724472
-504875250
-1665720981
134317840
-550640879
360841545
-1131564365
-1388360903
-98760080
893398365
453975191
-58572555
1191854291
-1091320662
346311826
1102479566
1721946668
-1974093812
225994117
-477564989
-572500408
-1048087713
980427500
2003232878
1896484127
-821385915
-1311506606
-1016278423
-1702941586
-1878573274
852610566
-358855698
-1570770301
-2120027784
-1810777073
-635909699
-1221291433
849193024
-52040612
-2135699134
1645104353
-1550136361
1633362751
1124086006
-342864984
414665201
1390687516
-4859131
-1206710118
445164251
750857309
950421040
1357811484
1939977987
1071536808
505116916
488915554
243101885
-1527330476
997860075
-1520184065
-294033853
948485400
-291411853
1811557823
-1852530690
1642217733
503923853
-1176242764
-667373821
1081535670
1716167942
1949952910
-525951009
-1072735803
885695707
-641820624
-587606633
-1468662656
-1661695783
-2068170625
-649129751
-1219734565
-1375444348
-490016644
1002317784
502178985
1394507065
-2145608812
-709283481
-1191463930
1687026070
-1763914186
-28563036
377042200
969358105
-1275798362
-85700121
-370876938
1450249223
1750924048
418828635
504190951
1937873806
-1208431904
710039997
-91390257
1185593901
-1524700848
-2141203356
829924325
-937232301
267539266
877812608
2019936169
-141587642
1808642639
864486310
436141845
246225990
678291231
-1671874165
-1320060910
-644618767
1233806586
-256329713
-1302081235
1666565097
-1956695393
1025137277
710391946
8067251
-1231707052
-869445871
413337112
-640832030
-684317890
1582460346
964936965
-1355877772
-367094286
661370656
321314932
2116631419
404635211
1517699047
-1975490707
-792597761
-1500438403
-1732178891
1531943957
-1593007838
-1604171926
-961044623
850936350
1130224517
-1325565388
710886478
310239360
-1644321046
1647195923
739397895
-2012943768
-266254565
-1619851417
-118166549
1644757873
-2063795959
438927632
-1001188324
238474001
1227698999
-1956083459
-1580207469
701176661
1388906584
1336126211
1514846054
-1199569200
-312111049
-24405265
551389005
-1406344752
-1385399594
1280127710
1621048674
755741395
-542756390
563184331
-1223097049
1507550777
1828334629
-1296644760
-1897066291
-414416582
-177317948
-840741326
842788787
982618137
-1835483636
1209058495
-651540180
-489962599
-549140993
-1539358374
1992359813
-207654480
-1304446733
-622518575
1635647301
-272405126
1935043957
-1280731764
2106343094
404318832
1036532842
-305826847
419279268
-234037543
-1324243849
-1924757593
248132964
1104746880
-1842135134
-232289016
537049367
305036966
1254092601
-621300069
1675109936
1840914490
575103474
1827283634
-1693856461
1469195591
1616926803
-1344876049
-2109252930
951891117
-1679275181
1396437789
-1655793460
976115475
2101631297
-756574148
-1840414664
-419953637
1875483877
1272916189
-23765376
2032946904
-667856156
899360176
-1422650420
-1870240388
-1252036248
1174606171
1842654510
-346761131
1275631104
-1593929076
-1869029591
1809144826
-13734460
70132561
-693033865
223214273
2100820924
1705959846
-1550744314
-268211853
1440571777
-822979249
1006455108
-923569342
645205541
-2081669400
-620487268
1966452987
984250192
-2140814278
2108647999
1347682167
-1786462038
1382452687
-288955609
202336599
1143338368
2123999688
486511704
-300058641
-149833567
597510125
22605416
-2135613566
-1571516791
143237893
-174090431
1552005808
785589697
-890459289
-62520538
-519714517
-1717878395
1849509584
255793651
-1965136463
-1618597210
732051831
-2088276824
1760798518
-837367118
1779829854
516800295
-1179557537
1954272593
766674155
-596383172
1797716023
188785649
-696024649
187521502
2074360604
-1262639195
-1930800988
1695591348
-1487635718
235115850
1754780212
-851037734
2042122171
-1509249045
-122356200
1087725028
-2098085634
-1180576410
-315187961
1336891426
-807549434
-869322417
-472757295
-1338685659
-1003400972
168737299
-1009247309
-2040722558
1988057400
528014432
882205676
545223637
-1032808123
144570564
-149251952
-754504440
1959588740
-347498604
-1081656677
1642590933
2055320202
36337423
1620849993
-281426807
-2033248116
604690370
394673315
-1714675191
-1736773102
1075227437
-1160314531
21075226
2039291882
-368867162
-943895073
2005142236
1408650335
-1882682243
1626955937
895926679
-1093648470
1557300576
2097944507
-363671879
-286619735
-159181823
-1040924228
824672543
-1588762930
-644898571
-38099015
390603667
-1031258535
163531999
960275625
-94051435
289400777
1003830989
261250544
-1775968162
147108239
-2040072991
351269177
2025039393
952038149
-1070302413
-1783223416
211065235
-58954851
-342709002
241606030
-1958537299
-430448291
-1261050920
1087643967
391007664
2102899338
263043503
1599972513
-905179799
1672957603
994623569
629820903
284041654
534432401
-517909566
-348435266
1832511304
2104165403
-54334828
1847127269
-1365627478
1967917215
-974550901
-1457144317
-2113952639
1476834046
-665634945
633070772
-1698408172
1650046168
1471523462
-1729763100
-2008348658
775257849
1086877521
-851077792
781928322
-1901478638
-1938402858
298892458
-788017872
981620907
911136303
30734092
721179910
1388132184
-1250235199
674278895
2028268521
-555669462
-2046409567
-4126612
-638016844
215069800
562094130
988384547
-1479676544
-1824340097
1074974738
890473803
1379873574
1890214454
-1739179978
2018553099
-779464447
1136512293
585761619
1747787015
-1375856904
963313255
1492248703
1316182332
271908795
-1911150962
283027224
812417296
-418600629
-1611753257
-1121739548
1212521636
1434309056
-1112702306
-2094196103
-1611439251
-1301226426
457451027
675092959
-831301630
468132456
2082901038
1409956723
115494198
630298000
1010491872
1884761357
-1613911959
1970369742
-331025270
662101861
-1448741605
665328344
-399998542
-2079052366
-1701929535
-781768623
1272204787
819583891
489676251
-1304261042
-766298315
-1459483341
-1662172858
-1757790955
1218426398
295869863
-1120647986
-1410761945
-693534008
1358821273
-658772985
-1062852480
-339455820
326521899
1506238556
-1204129252
-1011755523
792429589
-217387672
-242763331
1575522768
245999376
-889983356
-1324763669
886834715
-405703306
-1375108704
672992828
-836609916
-469172183
-1843063978
-1671628843
1503563420
1861094068
-1465968580
77567536
1955977556
-1892588623
310216569
-615439330
-385244241
-283844759
-193533286
-748017393
18307257
2096879809
846599846
-29540719
213521591
-670540717
-529014161
-115529194
-983976545
-4365861
1784507947
581193465
-1051328822
-1975470124
1524813890
477281475
-1854684185
1901954402
1553152872
-3646039
100486962
-317553038
-1148128786
1840580953
-2000259354
-779786721
362322517
-823099403
928519664
535223127
-1676883676
-1207398049
747494372
1953065918
-78654469
213120183
506243124
1629944017
-1602272793
2096927777
2024203422
-1527809202
1141206262
-1461956405
-1935174938
935170259
-1179965170
924025646
911475141
-214712379
-2028174342
-1699693677
-524329695
-430992013
1970336453
70616792
-1744138883
1185809018
-1703378869
-138658957
1700666034
831428970
1754583308
1698632375
-929888801
-1317432407
2029916227
-1688137130
1463471773
-1924743017
-1715398090
1948092966
1460017015
1887552243
1606776784
634071591
1166843288
-703971204
452919148
-299109180
1349547974
2056579035
-1462227213
-1726770855
-1576939377
-677613377
-1407216856
-1262370059
1730645953
2124413514
731107394
598148960
-1767594210
41839531
1439637434
-232414625
-1088883120
932494091
336353126
-1220437706
-1550321126
-583057747
1783418311
-447323539
-711017776
-1967362992
872918942
-468628009
433434121
-260986153
1040227012
1935403215
-2103279726
-75949525
-915631557
265413317
1129903525
644445536
929668991
17970680
1075405913
-1648921834
-1757498078
-1997301628
-329358244
-635287519
-1960925545
-996116065
-1138573088
-694996884
-142456499
639569695
212062419
452076058
366678783
-1307691201
961785682
-386920723
1033947466
447230625
-2100164769
-51816469
1272059519
1655208599
1744398032
-2113317058
1512642490
1757558685
796544138
671229019
566376499
-618062806
844916207
943322726
839183827
-494491737
1079095188
981584085
696462090
-523102785
1833856311
880748115
-2072143393
-81691175
664022255
-47366682
-653790136
-1578178846
2106411429
225945171
-1935012421
-1045146801
-1900437310
-634162240
403661316
-764540574
-909873367
820085659
-1004520103
1069718443
-1897494168
-2115034437
-1107504725
25458129
1077371689
383283652
1308871998
490271122
-1664968210
719465422
-1634515333
-645056505
1314846461
-531188920
-1697902332
-597593300
-526443368
1686931738
562876425
798430111
1745048177
-256208374
-967091751
945237672
655828316
117493344
642269372
1146239097
-1566781882
-2007865397
188847359
818585270
831755365
1666726277
570897487
1548748598
-117072208
1680946870
1732524618
371799819
-245569391
2070434581
-59349421
-507058753
-2100933159
-305278507
914721445
2038038752
589619700
-1319362882
729438378
-1773395009
1233585757
-1825663591
468000397
998328180
-734923693
303225808
-193312243
-147460316
1852812749
1990438998
108250260
385700998
-1785296470
392582596
-2036106105
-610838366
8441644
-1018037564
-2062241825
-368165669
-2061626201
-2118466382
-690041864
2131257392
1009735029
-1710202753
-492439895
-1290093378
-556141780
-1300611623
-1015901036
-1599323768
-338881006
-1202071416
-1236639554
-1379654534
2105024720
-1017269221
176875873
438786219
1200106342
-1319768637
-1397848575
1018909922
-1966229153
1889896574
203561660
1450686043
51060549
-818292873
1348680934
1435028427
-1522578602
-828134740
620989653
1558269088
772269431
2038702545
-2136516360
-208027508
-370083224
-1388754572
-1377640914
-1201644732
741844536
1255466593
389724500
-1339797372
-1494715909
2116686663
1321295392
1616110679
1352227003
-681274214
-149641427
-55264364
-209016916
-1922627909
1679545173
-346935125
-1762054750
-2091169194
1595376710
-1502236511
287272391
1555223308
-1466265009
-1051106216
-1911895672
-1366639535
-451163781
948283924
1078253007
-29243242
859694048
-1228004550
-1012904073
-380850519
-286501576
-1947510183
-1417911556
1547131228
524336048
1979336046
-339199118
-595067547
-670168576
1408968803
574360760
1965238660
-534004037
1627233241
-1965290259
220083434
879541479
-1103119321
-1557327583
-1210077223
1506974160
576898209
566870351
-1455179129
-918064103
1295489820
528652171
-747346360
1362470931
-154529871
-1155391881
478446827
-420088495
-310782783
1955734267
-2116187549
-1333663365
-698584262
1052101940
1031234729
-949902238
-451690729
1410847916
249261537
1705593173
150507565
550192076
-2040406853
1984672178
-1523465437
-1227850098
-1641326820
1481454783
1548469953
-650674058
-263288068
-1850042182
-1234880146
-2142009918
2127294865
284524846
659118835
233018336
-1235738451
-500633977
-266774907
777426207
724520548
818782952
-2102286079
-2088174679
2099964657
1666154556
-334944392
-926605391
-260279079
-966642805
-1566873106
-1230058264
419359568
-677068402
784899679
-883576012
-1723694372
-518469500
154208258
1982967459
1921810488
1777044294
-827150640
1820793501
-499163782
-2107893351
1595147079
-136272807
-641884809
829106627
2060352107
2033143954
-233049754
817264480
437806605
-1493653383
1797100739
-1498760331
-1552052913
-150584851
-2025847947
-28012091
-1085650586
1535710952
189361714
935976803
788867745
-472489924
287281442
-911569272
2037344683
-1056249984
-505229118
886092710
-1807439604
-1304624060
1956888843
-600477763
-243873035
1907669131
734493394
1032922092
1848303420
-1742430086
-846109839
-795686326
-762810972
-1286231732
-1299232089
871598070
-1698914206
1583530888
420414140
-697774996
665260764
-775879562
898815720
1992856090
-1061271373
606333646
1470923765
-2583502
-854191869
-904611149
-1761831133
-763720255
-1487775255
1947149535
1603163979
1098176000
-2081081275
1499770142
-1381589946
641199594
589244352
474711040
1235105935
855036686
-758855920
-2003515447
851892518
896609190
2093847674
1976656044
518225847
1814798311
-1044156776
2121002040
1621883643
2126771354
485678428
716270610
761594206
-1898726677
-1369938092
-1205228572
2114769378
984459648
-105416913
373002901
909541186
-1418792243
-453274241
-936848710
-1079228070
-710988634
-1160971584
-1926255029
2022942917
-1272013547
1833811352
1633206681
-1605111608
1380712557
-930799264
929171839
2016062318
512236702
2018691298
-979920680
224859123
38712779
-2095328924
-1484934864
1056461669
-1457407975
754981349
-1539886403
-1936694392
-327374134
-1350157658
147756943
-984105990
2031337609
596701419
355921414
-850645609
159586566
-1084685566
-1908570491
489132062
1723336645
-1135419260
-1526970268
-279894508
950498355
-107511078
-924327381
-148448536
1602332410
-1562619390
1402226940
622444375
1875187861
-1300360813
-1342358705
468412433
932648230
987699710
29866725
1074795164
853690759
-1332125162
-288574986
2081666168
589860254
1745427665
93075372
572414084
-789151755
-1782780081
19670996
-1919521120
1421657737
514130716
-2036596270
111538578
1018956001
-1565886287
-1046265130
-967735507
-353503390
1861025344
-750866612
320798383
-1717111839
1954320049
1342455704
641388907
1834037114
1229036775
344761347
-1511880281
-1101311585
1797664583
-1570991120
-304860217
-1786643341
230076281
-1464378286
1742814634
-12795304
1083798128
-1519951519
-809146285
109863110
363347112
-249526389
1011396556
-1930341282
-127449426
-1930709080
649940294
-500229570
-901151259
-1857424782
-950454395
-1812876650
-1209385594
-676288716
-84097670
-525322117
-2023744536
-219659840
1810782001
327197435
1196320769
-1779358811
-315807507
-1388444816
2107441964
1654815905
1299952784
329504025
-200785108
-1267091884
1852065088
-837406234
71690352
1078486838
444637511
2063073426
1301066904
1775894731
125300283
1290629111
1310745911
-1937134316
565457758
1182421917
-1118038310
1716784968
-737993145
-1454295661
1104237641
-1787307068
2053893569
1319186818
1269978636
309558079
-1078024462
1543367934
1243756080
-1570951871
-687933249
375275807
-93447094
-76128811
-2029031057
1466132816
1323214268
1186079357
-299373938
1508100966
69174
-2014178714
-169062637
2127670516
-1422140289
1933307356
1185357764
877095389
-730130571
845007103
1652382169
50855977
-486783150
1939713462
-1767398433
-1134820068
1929561904
-764614428
-350821153
-266315900
197208782
-974752038
-693589569
-362994862
1783413908
-245153012
-1854800665
-32437652
1547458516
551956230
-1645374425
1900381889
1457791826
-1060301664
-414943017
-499197539
389279750
223557488
1555467839
-135586754
710295583
239393152
-1566926279
-170310234
344603211
755689280
-1899777003
-952485454
848497973
2050027197
445922748
33240427
2126219087
-1426663917
249875223
-1809175397
756344529
1252197664
1600625585
1741286563
-142334464
1432417914
1251445402
-2059069301
-777959501
1858298786
1523292302
-1475587494
983590930
-1816100743
855012439
-186833496
682923425
-1435371022
673949039
-2097903759
-2116503940
-1068913656
1853504744
-1169621205
-1309999644
1829192434
-1639501680
-2045391591
1640740345
1825192853
2102379600
-171859487
-688365111
-1990265030
-702634540
-473908388
-1826063479
-1046686079
944021104
1941666477
1744917281
-527003756
1431306049
-599799916
541774061
1958556574
1351363475
-1110125308
-429449023
338270078
1682236802
-693232910
-1150580434
-834202697
1021264099
-659318417
861467395
2136330155
47472740
-2073904904
-1781078762
-823522295
1320706289
2137807885
-809764797
183574658
-533063847
254408191
-321189963
-736354110
-2136046543
1716304654
993829220
-367305570
-1249566216
1606892978
-1520403746
85274505
-315592325
-1339880135
681242185
-243936436
1675651194
-8836719
-1151417433
1792879093
-1021139316
1247633511
763611739
97170192
1112970303
-193337488
-23132435
-722001900
-64892797
1436141573
1284077833
307117088
418615367
1052110837
-1837187635
-1821173018
241947748
427948950
940380740
300139239
1634048442
1194528029
-358319572
-1636776224
1387358104
1141654831
1965756159
-99581308
-2021662623
-1444826953
-1965507791
-94572950
-598591381
1568391161
-1778588235
-1048166584
239122218
1053989607
-1535847995
125027425
281388685
1807345331
-1698580766
1332721980
-1338157913
755683493
-937831142
-229507434
1630669714
-1193053650
700451209
-605491560
-862641264
510648892
1184999201
-1432436660
661951346
-1843230769
-1242392659
760032845
-1278303428
1636205003
-2005137134
-1676127042
-837049079
-1657784304
-590206248
692386428
-1304438740
-486708793
-1763065880
-443696745
420862616
337071358
1003391127
1673378557
132402305
1849594743
1321715938
-259065480
-1692956094
-804099907
-1102549253
-1321910310
1472372865
-1853833865
953982468
467555957
569958032
-1918929920
-316759783
1157829584
2068032278
-686603722
-807826796
-1578351464
713981678
1025662097
421528459
-1886806315
270346830
-1025622409
276959133
65549405
985581611
-2068765745
1374996718
-478603124
-1984822308
676399060
-1934927761
154152244
1456837885
-790414037
-78598558
-460436782
151655830
-96931018
-570048739
-769050621
-1520920965
1941847210
2055227405
-445176778
-1060923915
-1422234786
1105355005
-1798661727
-1159840607
1511642470
-425501288
-1513678216
882902168
-1830398112
1533461292
1483070812
-173461809
-787142643
-567912784
1411734801
915319489
-1868181213
-1780447480
1836429172
-955624374
-1367908000
-1538476154
1411307435
492219350
1391864802
1697328820
1836943262
-959746886
-267016011
1910418768
172360869
1396876769
1051675309
-1369837161
1178870657
-215730005
-1885839754
1951115974
-594899056
91218449
-280082711
-149446435
854774076
-1912851956
-650532192
1322521765
-1477261388
1856181559
-1367447860
-1771136012
-1931245090
-1636117326
223828805
294387247
673243788
-221990838
240804834
99276049
220716013
1009284822
1978798858
-2109147734
810421829
40288483
119538059
-1639455319
1863493088
1864479123
1651754922
1137500381
547705924
-2013896255
-1773145222
2132620024
1666097317
-1625335447
-1386770319
-541070954
-1238873187
1920645959
-495709129
490349181
1783347740
1096091325
-2004040511
-129271258
780639132
-872180743
1409674142
-140222852
2081243033
-1285018025
1320118928
-295155230
-1130803648
-1406570237
-382761634
1063922299
1520621670
-134100510
7337192
439450020
1968632507
1094796978
1197512572
-759511099
198594623
1471975535
-423341465
1255063625
814583795
489011448
-1292764979
-940119574
1037578708
-1083064590
-1950594115
-1547196623
1403610884
-323490836
575760255
-374654147
1240805706
321286340
-585944528
366073538
541558204
-1015421880
393191312
-257494700
530474682
-1826912225
-723984870
-1586728219
-344512226
786724842
-949305003
-39816820
-1588701007
-557701467
1976302954
1239058311
-1781207072
1465568851
1571751925
-803601021
-468396369
395752922
1111470623
525239578
-1209410324
-1898090197
-720908308
2088279964
1372824488
606371749
-1784250159
257477905
964176355
-807473989
-161813111
-276910210
-445255546
431216339
1914474280
988499559
1973414293
-656670607
-1979165840
1637680789
-1750292828
1633996692
1686844002
1770271257
-1593476470
-1013358752
-1373107944
-120861552
-1711701420
1136166908
457166289
-783181913
-496776836
824770749
-1860144819
1004372961
756219227
600506499
739246427
-731881065
1899258843
1712914531
-2058428241
-1501684160
-1226110608
-641760122
1348806649
-2094525966
425155144
-59895984
2143061042
-1588584151
1004706496
1243718340
248063544
-1392134458
-1243286758
592147494
-1726376035
1574558297
-2047606163
-1908623903
1657702587
125298338
-1869402916
-1100309589
360246283
-1707826092
333322506
-1079247642
1970139830
2100153629
374935757
432290121
-863650196
481311458
1637497121
-1079688257
-516760459
104548175
-46541474
1343027086
-1993482747
-874766450
984025517
549460924
1322361299
-2096885675
-899559240
-186140499
486154988
-1549201882
-1913513824
-1338268656
1879105731
-206570030
-1560331469
233793276
1888433293
1821671742
-1435876002
-100343211
2142250955
238701673
1971372512
-403024524
-804216792
101729965
-494601408
-1996510458
2012607620
-1519518652
-735844095
-533123020
257965904
1234707469
1413495827
-1823204860
525271580
-1956561520
1291665035
-887915266
-411832723
136809279
-93619562
952277778
-402069549
-1706955522
-1494983509
1021553593
456889147
1744920293
994133247
2000716377
1576142721
1451565124
770554942
-1695238419
-2016316599
-184826137
-543441033
-2141244187
-2018980849
768328346
626808663
-2057087926
1089395323
163714287
-1118966119
675275045
841234425
-1374797506
-2009785411
-591088351
1071583625
-725698324
1718342135
-1122646161
-1773157421
820070384
2094935402
1622464233
-127228803
530531731
-561295723
-1267133831
701795521
1592102262
1131673869
-1498520644
1551169849
748979417
-1371018900
1108099041
-1251355907
-1615548391
-239200631
-221371689
1950758383
1899011194
-1399631384
422975655
-62470060
48046631
49150836
1315174685
-1229228121
-1320861066
2090646635
1374828974
1502588585
1858020975
-1668186727
309557653
-1177069380
65274254
240717000
-1493554114
-1177008527
-363012920
1835214198
-24771096
-1452488865
-1803383349
1727385800
164171397
1075154230
-1485873526
904024255
-563052828
786312211
-1979373320
-1782510935
-683946991
-1231500267
173206291
1574773977
-1276214021
439017519
1475417891
22006681
-842013097
-1511131585
1302078531
1968591199
1396000964
700773471
-490134752
669883967
1153617200
-1934141573
-2023204096
577807009
1675619193
-1008122076
1288057606
-2053193421
160679767
1021350562
-960828493
-917871584
-1042845832
1366551375
-195171152
-1858129535
-1213568276
-742199262
-1216763190
770872084
1276655811
795532938
709454396
-1450670805
1411622388
471137404
-1143316172
1809965286
1232543104
-642183217
1761476240
1510512036
1980192470
1774155463
-1303160600
-509508170
-1379400071
114537966
1674185168
-1756169643
1231582431
686919466
-1352599202
445244118
-1274536036
-381422068
403168745
1895256859
1244776639
1796109669
-894274540
1405285708
1953339516
-1320232417
655930122
1057383111
-1449052918
-1253165239
-1081114358
-185558956
1467937998
-1238001805
605662245
-2144339555
-273445191
908848955
-2004276410
942970844
-1986794259
1674061095
746908531
1958981590
-1878850138
1341866678
1321708881
1215337223
-597565865
641999537
389068525
35549214
-673571565
406794438
-41460295
1341238955
-696923090
330960470
-1050759980
-1857105386
-780323804
77344909
-1969837171
1290803154
180219832
-9253965
-2050160599
1794786515
1995218528
2139070401
-1931007260
76305981
881121504
-116426185
-1241778891
-1983051427
-727626700
-2015985364
176402774
406089436
-25157966
-161637466
35190275
-67175119
-1962540176
-798127317
2138931841
345691735
-841703454
-1944483177
407000801
-1279839040
1940858824
215254576
-6124411
1286157192
1681019718
655966455
1746186979
358114798
227742548
987691840
-49367927
1981346303
-1368807336
748252805
-474707872
-1442831725
-1178271984
-1055116682
-1377160396
1218159741
-1625524299
-978919597
-876225165
465756925
-1066108067
736133502
1139212596
-742574215
-2022931552
-555863477
268694651
141484140
-1942783874
733604379
676287419
-622201954
-104232833
318496680
-1838477157
1189068693
-2017140964
963250337
934750460
1245859915
-448733859
-873033863
-1490662853
-231929056
-1862944573
-323005829
-2002590541
-1037658607
1106289767
-476200927
2142466949
-314737110
21162082
-1528322906
-1598751590
1252282681
1501596527
1911995610
-873526039
-1735844156
-481463601
-1709825484
473216245
2066715708
1891769452
1154606125
-1074116199
588523633
174020417
-778673461
-1275073273
-967701943
1507499512
-1320010117
-634575859
921487020
1736636372
-1230573277
1043987354
607771074
1083737041
224486520
948339329
-1061839008
636424712
1270159756
-1102472324
173168319
-724144296
608810410
156003186
956771694
-825669821
13895781
-654841860
2035320201
-787628011
1727061742
-1496430043
632417067
-226413238
1032403110
163735921
-295867104
-1116031951
1835839732
981156640
-2144645921
-1673126196
-1790430633
-961400397
793262518
-1166796550
-1662236994
1472108719
1303350087
576267223
1865914647
1481246880
1021980466
249072483
1781496869
-615243936
-52281837
-1136784799
-1558607210
-1956796263
841378734
833833089
-1106856876
-2147040633
200787561
-1509124416
779177243
-1964766462
2033154554
142249487
1989472331
101390523
296847712
2120512562
-1371517442
538363077
-1946373098
495553259
-582077091
2120747095
-2101937530
-87708329
-1158385617
1332769488
1746499003
-1531453546
787235762
1210022906
1947563611
72332465
-1654543698
-916703598
-113762605
1043377848
-2908986
-1861671161
720432339
-852951765
350287632
-307740030
20112893
-1981071973
1554176488
-1198433754
-2135991336
1964057231
267292673
822965912
1868856074
-932764501
65426108
-959584319
36248006
1642045966
1239515068
-1939993390
-1400735357
-141684740
-81128518
1184569480
933752814
-2031017283
-1181319531
1026381233
459516704
350031812
249832620
900902894
-1296104173
1959087634
-1641537168
-2013100871
-228844974
1882683612
-2114904268
1777270953
1447401455
810498155
-1072801722
1550355700
-1676086086
1157977411
1318917443
-1087631050
-872511057
2142919047
775896231
-1284698768
36060592
561996955
-529348701
-1653026734
1119271027
-1868163830
1479225395
1096830396
2122862781
-28660566
457911407
-343254654
1592011216
-1709583618
-424785120
-1679275409
-1257032671
1254463963
-648591978
1302546828
-1089469107
1655941197
525408951
1169740193
1080671054
-1666666566
-954316965
-1520360708
-1802150167
1641254728
-294473769
696430448
-238126742
601672060
-1448472873
589415072
-1736519277
-2000343005
-298451599
-303306115
1580237777
2108222068
-1470371722
-571284468
328001969
-1624622730
-515078390
883101804
-1776417647
77176479
690202230
-750930409
-944808038
-2077800259
569925436
1189057128
830905581
1153690393
722667371
1671462748
1216029212
-1810537767
1994356277
-371117668
1266128859
-834285914
-796431170
-559394118
-1217974026
-390464370
-1735772106
373324731
-1522799482
975589930
-144449239
1935463381
-405125281
675779331
1940356117
354572153
-343273268
-671667919
1393913660
-405795950
-1504487810
497603653
-579878469
379625743
61447104
618259048
2036058076
-836481889
1027002351
1658345411
12697767
-1392912709
1505409065
-557144030
-1206896450
-1984288791
1493876804
-62462253
1137854058
-1202072259
1686726402
1095930068
1466233584
1534619939
489404802
-493726420
-947296983
927835228
-157904392
-1157398631
559325521
-664775866
-1857778272
504293738
-353963490
540300127
2134961647
895456430
-1538633964
-1579191029
-1894590197
1172657550
1846039575
-532748907
305638781
-619827721
-1408131519
-208523917
-12427995
-356040837
-374758922
1557221069
-425655442
578844537
-640725452
-1637365696
-2090259775
-1283696262
1362891055
1549172702
43939134
-983069730
410391068
1432017529
-1569809239
-1211495753
518763597
198804257
-216466014
933111028
-388253827
-1003510038
736567833
-193484863
-1708226195
-285890318
-1023475969
577231918
630889647
-991259999
-835790527
-1989068018
1656150209
-403717070
-530709007
1663564577
-331647140
753969522
-900924986
-783622795
182641422
772437704
1090673606
250731528
-832476410
386151028
1206521665
1202101938
369352750
-127431141
-477730559
110418497
1257402239
1133466754
182649790
-1572930075
538332559
1544056730
-1124341801
-1190800690
-730462354
619629244
860027455
1989669395
1304792243
1539282228
1050207925
-867683115
1461995217
1907271939
1068366135
1150845604
1691668910
1898256864
-502097224
-2026331616
1180641654
-1561644928
-1048156912
-997265437
373776811
-438282729
-1768947149
14360478
-1232062080
-1723354083
290933413
-446600318
350364007
752389205
2069780269
1276040672
-307984920
-1087533814
-649233976
-34774765
-1948224588
186557851
282153440
281633181
564193530
1665474362
2060021693
1389842063
1794533368
-928907792
-352765125
1178317870
-771186988
-1302663709
726929853
944581843
-973457237
-788381477
-48705695
193102866
1175464938
-1407008766
612382581
-981637090
936319453
621827563
-939200472
-289125012
1054249861
-1433742123
1770194308
1170499733
-781494355
-1110418129
282601371
1289675392
-635511233
-1752094625
1955403776
1372760768
-1626094381
-1978745922
1218706041
-704213958
-146542456
-1177761817
-1792115470
-1051891702
925268247
-2475983
2030701235
-1376208218
761311524
337458809
-397443371
1940639556
386850775
1400186660
1558645234
279201145
-2031714389
-1322131101
-1719124197
1163054370
-868411771
1167042489
1199143950
-563528569
-1004799224
-673471302
-1931403096
1680958652
138058535
584904724
-1615967848
-179156918
-616687621
291135443
-1488584107
-1654679537
-935965994
-11163168
8200785
-957769118
-901937257
521705930
-1422505618
729931898
-1449021377
1874419400
-2105626703
747335184
-1823314492
2038904318
108772405
66271041
1589223973
69268735
1311151969
374872249
1793091518
-1240778606
-51237795
-1627935218
-149671459
-1900790855
1498107329
1395108457
-1302011244
1043307246
1403646351
-1116104853
1502472656
-774600785
501594211
1512119885
1500103082
378351677
-17878040
-1122812087
-567256068
-1991352417
724738190
-1328080072
-1565108937
270178797
1560282745
-1587072132
1877737588
-496748342
-1382025796
1124877343
423141576
-1563014095
914051526
403250236
-12622885
1589920629
1831854108
-1014949731
-1251937861
-587423102
349343304
1652106405
1478862317
-826587288
1295754000
-143825552
-789985851
1178338330
2118668011
1072952120
-1629075465
-2026467214
197152688
-1601747718
-1941569171
1385764983
1313184656
-1491520936
-794801318
946268898
-643872954
-1816547392
-1238403442
83168223
-1341121652
1571465422
-1515544564
-770265072
1752993232
1827445999
454015705
-1385700394
959123495
1122361926
488891158
-1291525422
908389506
981512914
1597853265
1138811817
1072504607
1866098639
-901026537
-120103929
816178241
1835042653
742855117
-1145110298
-770380510
576620639
-1250053953
645269264
1233219624
1422487717
-2033709703
-783063070
-1637447593
-687558323
1139665237
2128686674
833067015
1865278822
-1753381035
1048580146
-1147428138
-1179429163
578230578
1658116021
1126159071
-472683140
261712308
-136027854
1982897451
780233880
-1591846844
-1211420376
-1869858457
-1962007958
-1786054209
273278593
903373015
129592857
1176531596
-550499046
770738314
87801814
1421336048
608375939
446761679
-1918568639
-1599809888
215445251
157742055
-2099231734
-539003753
-1137828642
689137147
2114120923
-1938828246
-603379751
363645008
176562293
321026648
-418524419
-1143523912
-1209387751
690891366
-625769829
464576075
994310696
-2014773077
1827315856
2024165463
1595605005
-1053563224
1654063306
1133370516
-989201830
2048963675
1538099722
899189148
-536829903
-1127705900
-2139281685
1218071193
303607525
-1282575352
1571242786
319974719
1676014304
-2007321628
-640919290
1467511549
-415008058
791033509
1026904914
-1914648210
-216114982
87332966
2030749482
-934275563
316708512
-1413987846
892815963
1951074633
-1188741436
-1249085701
706898407
1117514862
-1668767430
1380626723
843449535
2015780709
-1661586011
1443486938
-1753739566
1530198341
1242021885
-369341681
-186711994
-1892433846
-1507878037
1731658
-1457031932
1753591053
-1205710985
-799692542
418758778
1918020853
1968296804
1102048043
-1074366053
470734829
-1206967334
306818323
1671250730
1397935447
1835863749
-801005202
1171346488
1806199871
482957693
-1889646417
1539015915
1349409491
139437351
-1641347176
-1243487360
2015891731
-1516522150
95916820
519640466
1136089796
954662148
583124292
-1366029925
1784120489
1032295823
1124020183
-1738621765
1275177205
-1438317505
-1765998690
-669443912
-1302016261
1500082653
2070021470
-1168953786
-736898521
565983385
-1077413912
1782337415
-1321843663
-654513108
-182566041
569036500
-332874098
1212432445
-1487275528
-459643459
-1773381846
1898082565
-866403968
-1782871986
-2129908652
-1515646411
1110284984
479078548
672873466
1342728214
-1874297460
648457823
1532754453
-1505317134
-1628354907
476325704
1074158182
1578759346
-541859260
1430975221
-659013278
441673928
-1408556975
1873244059
-26767254
953501262
-123617869
-2096076092
-1294018
-1141195665
92942050
1620662865
508314803
-957646587
1670381497
570466754
-396748636
-271926909
-2053186416
1529243573
1540507942
256640533
-2140628854
-1965244500
1815302399
557185797
-2093693654
568994835
-1823568553
-822229920
-1067864276
488881280
-1001899857
-752078887
-1014508398
-1038857156
447193363
602372332
-988928004
1358603521
-76018293
-1156893882
617526588
994085381
-645003562
-2065041565
1929411370
-1356271817
520877914
40547705
-246116684
-1600921401
-797157803
703451796
1105320760
932896492
-1333341607
444888066
-1684270059
280015329
296300278
-121201424
-1152406657
-1692665297
615762360
1648034388
1566958226
1112801586
-1437271469
101562638
626083497
-784626219
721273372
1040261705
-726388752
-1951546977
-1642234181
-1151944153
-883419848
-7519757
257528863
656649373
1126549770
986067347
-515817039
-1101048678
901510142
1538768485
-934471988
-1506277010
-2059247540
-847100038
838646379
-954409366
-454169949
-1375510709
702347811
582039747
814885945
404303429
-865381292
-1396088901
-757386717
1583020423
1164669339
-270701822
-2003118618
-1324559895
932594058
340931416
305826637
-2114932928
902934171
97397111
605796220
167214047
-711254688
1422538544
1623057733
871945313
1983785727
1659702996
757295801
1958772646
1947492062
1489079509
1717720066
-1607671014
1772209049
691998635
534292336
-183896259
-718431428
2107959803
-1453828399
-1979154338
-407526738
681071350
-854560252
636063657
218994795
-1266255617
-214012208
-940404636
2078538357
-1388143984
789289457
-1405196939
-1702875252
1911703902
27788660
499407655
-2120380516
416824250
1341491268
-1506414291
1426718582
1286623289
-517299453
509657318
1894126530
22390679
452877854
1221723106
-1513099468
-2053769000
1064006939
1078820516
2099335166
1352893359
1915380532
1686229929
66879621
348734755
1441211689
494961321
527114071
622547568
1278264402
-635430884
1485632091
1125613099
-865206541
-355249921
1157904713
29928360
-284974637
568866519
-1062194340
1212249247
395208463
-1882294283
-1583494074
862520589
-1797558741
-432766980
555852900
-513846953
1684513129
1807684768
344844339
762055349
-354444194
1545042608
539601665
1421735373
413067201
-1052219563
657897703
141985694
-507076986
1948402075
1731073014
-489165665
1248907306
-169641935
1781174447
975822375
973550672
904523628
2147239352
910944783
1511588749
1325321105
-573127987
338825365
242551167
-1726080173
1027031796
-17638269
51004452
-1699731814
-1564520972
-1763944049
1633854568
-146643579
1620278535
-2038985467
-793721857
1042965426
-459974962
-1447537501
1503831157
-1050864708
483030660
-1223569469
-541537406
2020169477
1387426422
-620382529
1845645474
2100084148
611333554
-1085848432
974368741
1137033985
2143469822
1559271096
924284419
766970287
840206092
936617826
-382395981
627268826
833083371
366888390
8099388
859994354
1499074495
1931129042
256023371
1705697543
31358132
1061992454
2077124103
1594704966
-68341713
1740998303
-181430429
-1589495869
-1376702650
1023835383
689544114
1867729016
-259737998
2054011947
16742272
1580509581
515998851
212682750
560991646
1752498905
1163288787
1148707580
-190303618
1430070184
2092060862
-337835806
-236838719
1213308350
178860113
1484761916
-1420877042
1801751708
-1644387776
-1721134000
505513765
1629883649
-1116763363
-285764550
-942002637
-328849229
-1145467961
-461841320
-1284616601
1099119230
1024667423
1474178279
1829714372
1921781373
-1586839806
310098158
229064249
1865237143
-1294142350
145417306
616297198
217426764
2047604502
55001194
-1852340512
1660272817
1956798436
534014541
-1868569425
-1585817672
-185126116
-523194360
-1461993546
602090421
-1214053001
1100128157
1561517660
999947293
-1138376544
-1773280151
-1124584023
-1741208944
-608191773
-1010952499
849455644
-164772584
479729187
1086087696
1215990202
589727923
846567953
955196548
286987114
1909123086
1357807003
1225846246
1447075712
1850921619
1749472161
-1925283830
-1815659114
1443461029
360484590
-560876105
-264315998
1314578986
578507109
290026447
465783365
807487561
207714938
371001523
274707041
-1978592396
-161273628
39558629
-1027911699
495903912
-9493616
157196270
-1621719541
-332719885
-1702568488
1491091585
1165795418
364024375
1021971188
-281708832
-293612151
1870448684
358708400
-394452354
-887464148
1369138602
594282847
1288451045
-483869998
-2045774296
-1195879153
662241241
-1969330090
1164994431
1886640637
220602557
-1160267403
1940612084
-344654773
1162840630
-696219999
-618018700
208368880
-2094877939
-378479340
1956297505
531660783
-1835730599
39713319
579610125
-567330357
406430941
323954659
-238446012
-714022855
-1635046482
-324317480
1989664528
-1486886377
-1334731495
-1901244115
1401139575
907029148
-653633853
-1285913864
752777224
168391633
-1705809904
687330255
476835542
-1485476800
-107001912
1068465567
1064308677
-1620538390
937148408
635587771
-696468732
-1316391811
-419351530
-490941128
106095577
1993939142
1806542184
-1889916553
69420451
-1282316444
1547770277
826467842
28763421
1798794430
1007110107
-156195172
-1211637281
844701750
324317076
-1427425134
-363373526
2084458654
188448308
-1198121385
-1403686172
-78158870
-824252763
2115647567
-1178821151
-1062478297
1001508661
-1363106070
-1181620125
-197794901
928512446
-422495755
542101476
-1791546738
330238470
-78118612
1197067026
828837720
569839209
1012584979
-344802022
1671479547
996699829
1132517125
-216999639
-642533373
-2113968812
-1095009395
839760431
-1134039797
1042507440
1067534836
-220613915
1877639795
-145548590
-1709142502
-1169843695
-2064722609
224644428
20500873
-496593144
1461397922
-1485998247
1674020038
-280251788
-1424529973
-1553283006
-1352308246
-1921700009
-922250946
-802762750
-1994943374
-361107377
648219255
-2004340692
-999288238
-62427877
28616748
1306785548
-957902257
-2027094947
266287554
755009805
133864334
2125165985
373627649
554908762
-1003869593
890138525
979947274
-1081505082
-1700215170
-1302028614
-930621817
-652673552
1484416532
1086396371
303052069
1721711010
1767813786
-1979221189
-1411098049
-1391605639
-599620985
-1759425532
1864917211
-1993109813
1198431338
698021758
462346969
-185595964
494344002
-1685368578
-1228235927
561688786
-1068504051
110134752
-718392131
-1473558718
958434462
-2049323570
-489087745
-355091413
1790546867
417684289
-2040680827
-2137587062
-1490230714
-519155641
-53840061
-1709302866
674872867
327072647
1052019585
1666123222
994297274
802546050
763875277
903049496
1168428342
-1978444261
-2093126095
-1157144957
-1164511026
1885055576
-1008211287
300813704
-503994278
-1556893078
-1282962737
-2118263915
-337049560
891004906
2056324312
-380110334
1517902608
1967369317
-1950635581
-773120464
-1270591035
1286041626
-716472626
223252463
-1134558355
1970733313
-765527508
-107660768
-400794764
2123302415
-1525721355
-1456561765
1695355037
1881336504
-1414679458
870704722
-170690215
-1210073419
-1588169687
-1486015818
197185884
1509346823
-1615360930
1613118809
1943979116
501953851
-1937915845
-625033004
1752519291
-370280978
463991912
1195511274
-368942856
-498577517
-2009132434
-1397810195
-1928819359
1410097267
434384746
1127529312
-497019620
1598051061
378399229
-1188311331
-821172601
-1388799201
-1477889146
1711386169
1817325389
-132511652
-1033832301
1824724965
-773784581
2026155903
873684116
-1877322602
-1068712750
1962209543
-1825407791
-241602264
-640433186
-1602740316
-390467939
1079227071
-1589702585
371624698
1027697867
1968679215
311556838
-1607667036
-582457247
1238205341
1831835675
1733010810
2011000971
412322662
-602676515
-28192489
-1858099758
107800895
-1945369327
-293616235
38251661
-1502275428
-2101718753
1122185626
-129445225
248294742
283623619
812423832
-1494066110
-1986375801
7212320
2125305167
1506028682
-87748168
-282938342
639861398
-64406387
1367049534
-2049147164
485151835
1769838138
804073696
439508439
770907880
-1200830903
-2116923971
-1809076859
697072231
1248917866
1303899756
1141324046
-1263863640
805976256
1405416548
1623166385
1858417440
-1614251632
1494120350
-1287097434
1358902580
-121998283
-2032630663
367697962
-861714761
1803449943
1670009820
-673188646
-822191439
-1085168548
1575707041
1151590468
-171039134
1028480541
212927793
-644828230
-1244978042
315210461
1790603371
-2070150550
1287194841
534204534
-439142199
1502698923
638347229
1194441172
-659370299
-783547751
-186870054
-986738521
1936820089
90524899
-1950021595
-1706308012
2115116165
-1411972382
1271506853
-1355823060
1095288372
1718472430
-2105148526
1927559903
412570593
1792637421
-433648256
1933777202
1080551063
-1897022676
1999396763
-349498897
-1052364297
1786753393
-588484044
-997129955
1894868830
-495363760
110992764
-711278479
-788582586
8230077
-1351859314
-1565390076
-1419094804
1024235490
-718037326
322267205
636356659
818007859
1056878559
-430419408
934861256
692163262
-1630858879
1629686463
-133114490
553532103
1902097021
1754649761
-1036755174
-1419679341
-1952072335
-1157987543
827962602
845127300
-686673856
749376905
694762802
1682531941
1788012493
239030591
-1943207568
2047786247
1264198661
1199869902
-1854800894
1952347148
1292879907
1121858481
-1858200564
173323010
-476062929
-1151633268
604513183
-1811356493
642911431
-1951231324
-334707689
528262586
-1404157407
554848657
-424764221
1282574425
2054057807
-1990280655
1938096075
-858996342
-1585561403
-1001862176
446144846
411112275
-552773352
151053541
-1299999542
925927518
167847688
-901350866
-1406649151
2068239560
190814144
261035584
-1304358760
-999395271
-610522789
388617064
1379622081
-966542028
2034573738
1910752566
1189437724
-419245649
394718516
-402324181
528904602
1611707622
634907261
1891980977
616955171
1476011627
511649163
-2083350965
1925291705
-707837311
-741554267
-1351456756
-1827627811
-1587243093
-737984675
-127149747
1685420849
-302546561
1314677969
1652353433
-1494973858
-717431617
143007277
-1813303572
194011703
933128361
-1884927885
-1006761699
-1877192162
769419661
179169406
-1373366121
874861478
1301176480
1505749059
-1318261681
-1488290950
509013264
1877992538
1629166321
1844864124
508308056
-975057476
-694011044
-1700122319
173481940
488334286
44527697
-1431519397
274863511
-1989883234
-254641306
1309077991
1985405564
1470480747
-1935111360
-35638007
-949254277
880885098
-2088158976
-1076059995
38579261
818506951
-1535547139
1934646512
-1550135055
2063754729
-789642572
-1942868649
-366458528
-339081478
-1651788804
1508984223
-759999169
-1419785818
98841469
1945161037
414771651
418352930
-1504397726
-726813369
-290324357
-722556817
1371180365
-1514552390
316047193
-16081185
1240865931
-67044802
-1281487343
-1038253864
278373256
1669118520
568880294
-1785481513
-1806923899
1573538688
1262231360
-672422729
1187648903
105949506
774079299
-1044931789
1900933010
855357737
178102686
537845161
1788582167
1347506361
-1441181088
-1058881504
1407309482
889629948
1120306576
1064903052
-513157897
1921204320
-898448067
-1415723440
-878884106
-1758987553
-219986733
-550480125
-1542452387
721449056
99619248
-1009973386
1946990934
1240826205
-1077331722
430582262
904631410
-437294651
-2096630110
-777702707
-1821012004
1506761250
-1849998883
-753012721
2030381265
-637075714
-1447015790
719780242
-767971249
-350840189
-1632846784
2139004221
-248972276
-1348430751
-1986405872
540265349
-1354321239
290169844
1954334761
-1123104715
-1225283801
1603991716
615093827
1955439469
-1187317862
-2139749233
-874258566
1455472364
-1288051941
-1651520155
-96922780
861135761
522881794
-495458412
-1978811291
-1244353762
-1174334635
1327333284
1552439105
-1320205761
-550644102
1815025123
1545179122
-2040084790
-1000431564
1212665924
915077051
-979450296
-1272699956
679839364
-990214020
1457496244
-692313714
-1020203891
-407205560
1335350146
-413929609
1372815135
1265805364
1182298338
421419307
-810740051
-984064655
-286570683
1439894316
-63617916
-1289622627
1799716128
1172110665
1165155890
-1581739691
1805755631
1289785427
1169578789
-790380530
1954057596
-627485929
-1712723823
1936747557
-1413459360
1536860807
997480343
-1745565133
835547338
1719507258
1490700707
-679342682
1017767038
-608566762
-1524941035
1922759820
357732641
-401653174
-444699613
-1293980494
1720417203
-1103270270
-228755459
-699793939
2030016603
1813905238
-1749448143
-1461803593
2020159594
472832258
-1740027312
1216208893
1842095257
110729820
1064613330
1970903350
2073792405
653027074
1184755766
-1228528201
507022525
-849829678
-1771802259
2071124549
-976214230
1453278366
2139240056
431692267
1517991151
-1273373152
783865935
-4592370
-253812063
550127403
1178512644
-673745474
-1195314407
139109923
-75868376
-1666656946
-1744308360
337272751
-874682515
1114658598
-801307797
-765726804
-1516964724
1895101654
-630775377
-236790428
986795369
-733640849
2045316311
-1850720513
2127833460
1869429262
179761229
1089437753
84343633
-1906044488
-1372015210
-1620287403
173099450
-35676563
615342553
-527017135
1644245668
-313185929
-1960294495
62190170
-1072268128
-1027607294
-1735847711
1446217601
-52241788
1976787185
1247536440
-1339899729
-403159734
443156718
-1113640842
-361191978
747147319
-981454909
1933626719
-512233879
635935551
773393384
-990078802
792343053
1913898919
1767098716
1633857628
-505417584
-1740729620
267277495
1433133857
832873754
1686731747
2025931648
1265046587
-2075895647
919180833
-1868468804
309499757
1879271330
-1570345060
432606406
1398851914
2021682957
2005871762
-1129090203
806840243
-1518103424
-599065175
-1619807461
-848466275
125672888
479745111
272614075
-578585321
-1583576253
-1910474365
-378602946
-707852661
-578639238
1950050924
2042886101
-1060055997
-1408740690
-2040913975
147276353
-2081187025
1212137889
1135321906
897137762
-157832732
1769327416
-315386178
-218677746
-2078477592
-1251913619
164565740
1679353380
135067436
-799100534
403635910
969406944
-1516612391
1303621523
1184712259
19293551
314834511
-2136248061
391418605
1404776902
-137994903
1075944891
-108500285
-2045213778
-312154362
-1139882441
-1753884321
-33949661
1681580741
-1357411838
-1749874853
419164639
1827302159
1346580844
1609982961
-1509839824
1357703513
974499449
1358185697
-1637275886
238588586
-7063269
1973166231
-1769389959
-1188911013
-864355676
-1729313140
1743228653
807305501
1465744501
-1490470420
-665267876
1484103232
-1311584773
-1884417416
-2129131477
-1173008078
1869190620
373393325
1426951053
-145574587
-282099092
330730022
-817843432
-2075262540
-1067791003
543002430
-821828971
-1532332057
-2007251241
-45878535
1343492119
367030773
445094749
-437447645
-1360914610
-1396484757
-1494431343
1094618809
-976392676
1445817931
-906691903
-1878312824
2088570473
1767896663
-1870712094
-2143370220
133998899
-1631204209
525896644
1600531898
370243304
-1683250953
-123146361
-730900712
26949879
862492828
-380860851
-2126744404
1577795748
-593580583
-2106995920
-2024918597
507809563
-2048241450
-467698570
-1584288141
617964232
-724759471
874830595
-1232225197
-1985231387
-736677216
-907416306
872217802
-1989414316
1490081526
946649111
-711408098
766025390
-1646094620
2010359320
1991438991
-391477093
1002633251
-2060678662
1736113596
-864694173
712334992
-1867319478
1168970820
-1198458427
-1519133065
-369630932
1127217583
-302340601
-756191469
544191631
-300881777
1509448526
-27901611
-1786027614
849006818
-1741034193
299908836
114559109
1412995258
7494277
256767333
1506295108
-1029160161
-197118844
1727164924
1538594560
-385933004
1296884494
-942354159
-726368658
-1453493865
304831045
-166295978
-1851953275
489820685
536089952
958898441
743055987
1020602207
-131765566
1782878326
-681357360
1011539838
1798081864
-1184027457
975111189
342733293
158125794
196937695
475313743
-640564641
-1814038427
-838251796
-617638385
329861535
-1681667426
707306396
635651236
1191979183
-76153687
1888355849
-1755943541
-863827404
1122061187
-215529800
1492775462
-656886255
-588026146
2113720535
-80044884
1564113744
-222492876
-1910506298
879136353
534434889
-1856382689
-1538667816
-826352378
-1411929859
-1697584666
-563870119
-50261103
-1755851838
-1526640294
-296545069
-918844895
669633573
1168757987
-1661536883
-948254421
-1184392181
-454647851
582890836
-2079495175
155353881
425831688
-1819420035
-553699755
-648352683
-1339574874
-2039640791
860049793
1487903245
-824395450
-1567129654
-2096044951
-1619448841
1730704186
931126246
460618523
-302685287
1457803556
-463489253
441184630
-2089301269
-954614065
1108071522
-754330335
-192175815
1836636987
-1348487785
1123578559
760033870
1574759161
-1005993672
478413408
1994324942
-856351815
1947041900
-1651071174
910247139
125660449
-232965817
-1903675752
-434566116
-1948462369
1807509836
-925959663
1583181713
-1816468479
-1825512397
1304289533
-1833897142
-244274301
-463430933
-915417819
-325170719
1197305385
-1793700127
-741923143
-1874427035
-1235125873
1942467970
73614214
-1702312319
-363966338
-1331965953
501099879
-1920337956
943507584
-1021805745
63333372
503641027
2024729781
-1345684359
-1528744550
-1087226363
-1620264473
-1129607917
2072816513
513821726
1516767196
-851563515
802653524
457428375
1491416044
-795920750
1700329413
630822572
971727058
-808874599
-382131569
-936767186
-1915199546
-1274524905
-1770622551
-497526869
807507658
-103265297
511925688
-781885749
1963751492
2023887341
-434421820
-281947908
12476364
-1606335992
-1193006034
-372277167
1923934279
396313319
-715192095
480088743
-1888153804
1081786278
-855223608
1102629897
-55527099
-1763831079
-1383119233
725326677
-1949864911
979557840
-1756864436
1029688607
590369224
-1132376036
885745488
-951187244
-1905731513
-435297454
-655853575
646282274
1833206765
-554660082
1813168570
-1970775913
-2005940786
-1706247878
-772871170
-903870584
1950936038
-1090427248
1160664665
-1017759692
1909423728
1558015836
48343040
1366174760
1218158200
-2107917178
-501194117
-1023679004
-1714144849
1635242191
2022337432
-1947394626
875833214
-731176358
-1157381470
2117214470
-644119715
824707182
-1554393901
1307770730
-525608860
-328253062
-91937530
1579133596
767750689
1336497496
-1557054800
2112875569
1066493612
-1216522282
2086669329
970085836
-372822535
2024984433
2141018021
-392720517
-719201683
-1383807901
478781665
-1835423648
-858962253
459815903
-70532069
-92975725
784387279
-391601254
1894995401
1474628423
-1127196046
-1906249331
-1799012115
195886123
1607071376
-293569543
-1693493040
-1450734830
-764572625
-1829319253
-1078537747
15346389
1486229122
991033985
-1719609808
1233332343
-1396159946
584005676
-1387026336
-1564476534
-858982390
93699894
1705118424
-1329743662
-1170152283
785397830
-1365648003
855345959
660554147
-413582941
868886251
71390879
1073181680
-353134346
-695993103
1974135275
-1144982695
89101651
1618804799
2062180865
1867845472
2125077881
-1687068835
-1713724421
-46158513
488879705
-269576993
497357119
-971680881
1975567828
172971222
743168479
109975097
1591559625
142892425
782012737
1250572525
435823438
-1798496411
-2069567230
618568162
1282068028
2084466737
-302139881
-216778178
-238174991
-1557873275
-337730507
1797748648
-257759152
1211265660
-449889422
-1391932646
-50363380
-649952088
284171308
-1955979013
-1618053338
-327001018
1537316137
75570796
-335456077
1851100082
1056634879
1427630049
437122274
-1569125859
446189494
1674263796
2068880957
219342204
779771307
1089338741
1596706607
-1044996157
797900983
1048013765
1346494406
1916119890
959867535
1675804772
-1381117000
412531375
-283392147
1094443719
820806827
1711658870
788413424
-67216530
951561392
-1757776755
342973760
-852962506
891852048
-1125126245
124422005
-1959218197
-628069045
1876964794
2078455352
-1712931295
-1697608099
-1032355990
858440619
498509891
-1596117437
-1166846007
-1593167482
1475943148
1001998268
-787586304
1570693250
-369058187
1709357652
-1132619776
-1149871623
-1858122290
1074914973
-526720658
96440270
-217292143
-895464769
837048795
251541130
-751964588
-1944198349
-2068408520
1939283399
-1254861506
-841657397
1444657544
-954258736
1668963804
-1803870987
720384215
902617481
813034037
-331062977
-122065302
2131126156
1563602459
-1201275106
1754920247
-2130375275
-745441597
784663274
-1684963945
1781000991
427546520
-38947540
-823189447
-2129164210
-454733749
-889796324
1942404186
-343600625
879771694
239759204
194645298
-362892163
119421634
61296938
712581809
1275377542
1406701966
-1547192499
317010283
-543079986
1628907314
-969055763
1694232015
712959443
314105786
552916017
-1340021089
-1890034351
-1048427977
448469059
1874694811
845027046
434904972
-158515297
537396607
-1051428359
-801811835
-601283699
-498368464
-1611135784
2068311341
-1815402005
1210929201
-335369952
3368800
1467814448
-1239698853
469764705
-637361506
269881005
-1245991731
1322550017
2127419170
1598860820
352719904
-2118839456
-933904846
1866422590
-854380577
-41115843
-847868488
450914600
395817526
900537687
127310098
1576999230
2064447208
-1099850409
220048165
1467406812
-961954426
-849328147
88042936
-2002598127
1206899421
464108856
1127510526
1791707045
-152674896
-371886742
77770356
975181917
-480263514
239142827
162498029
-969848964
2446213
1376942910
-498947094
-973216627
533872032
932972258
748845615
836200543
-439719026
-1942887814
1124567954
1539643729
-615428580
-1269231889
-1320243179
1208152015
1083162756
1849702485
1322094135
1189855004
-2104001570
836900428
-1547729529
810985041
493211094
1648553640
-888822151
1248595365
-1295087970
372317780
-783428740
-881413139
273895974
1661652083
-2023596213
-1149661082
-42274678
931736519
1201978499
2006682802
-310443572
162786902
-1815408011
990272288
-111257406
-668610742
153209661
1457909040
-171112111
1576359704
-1542492397
1913278037
-1705335333
1478704613
-391487264
-2004490500
-944087050
2107772964
1528123412
12479437
1101004893
1445001603
-397380682
369556784
274721323
-1711416825
-193273156
-448906478
380607813
-983496331
-949969508
1850953960
-876123112
1002925300
-387506910
-96387597
16603268
-697974033
-1514964349
675274182
-553890793
958024000
-1232960333
-757172987
154804093
1833968010
-1017358605
1857275502
-108911305
1250564069
-330152787
613151773
9513867
1199615936
1829711491
-390287093
-149214789
-1223058685
-194014043
617383639
190975097
-532873356
383253090
673330120
1846039961
552545883
-564826367
-1136827118
339837704
-1705266585
2147307473
-1454747304
-1322422020
384358354
-1749117057
888534898
994782061
-1288105276
2083016359
931202415
1354949315
-1317935116
-1748110932
376155101
219019216
158743445
-1490296884
418701639
260002559
725363311
-42260626
894163454
-1415742771
-800796341
-637189186
-1107642340
1432558969
415147667
-2021810309
-1711425594
462553591
-566146502
-1326452465
-815113296
1687131177
-1684279335
-1724922913
-994157083
-1778286512
1696450330
-744045852
1613129928
-137096768
-1320024487
-1255892870
42523733
398149843
-2053145721
-97749128
-1239342164
2111495199
-2032810158
1936302464
-96706864
1699780843
1638966914
-642417001
-1754241877
-685779234
-1929646682
-22078985
1437753685
1655960313
76094191
1049434147
1212322965
1478165958
-472800677
-1865385412
1857483943
-327595823
-1221634027
-1727020397
1858517311
-733421737
-1790534373
1014451838
873796302
1476458045
500445729
756349295
-497446397
-1577423037
30069941
-1898816190
254346132
1595378553
-926217565
-463322155
59360317
-636008207
-742277222
966467037
1856688392
-2100009035
-1172268786
2114032375
-1698359345
-1841608197
-923982752
48463613
-1079849985
-524213353
-1089322180
1972695195
1673577374
1926900912
-1557038525
-1385824991
163192974
211012534
1659373033
-2029945446
1542375954
-699209069
-1672095329
1766983964
408517265
-1073353952
-1359811277
604749921
-1567464038
-1860374822
-895386505
-1563509098
373799464
429024724
-508420831
-1967176845
960857382
-1636230929
-25637135
-1330779509
-977618892
-1306254519
-983537127
1824228324
1006721195
810585843
-1017376808
-83271222
185342686
150964454
1416397159
1086336991
939257251
204169270
1491697945
-1362843785
1417951761
-1536113529
-392322627
1762833698
552393610
-1301743680
-1429919674
-131275895
-2048060421
-855054593
1206313901
1385635709
76218466
-2010882356
-2004345066
204548429
1927238032
-126628208
-2144660943
-1850325161
72699184
527322951
-1592167453
-51573279
-1627694329
-802102924
-1452076252
-882159575
1308140156
-993585579
252877354
1937739450
-276792229
1069062232
1415110599
-367888640
-1025196843
-1409136947
-1777243377
-295155682
905189835
483973340
-1599533763
-1227673345
-1075695285
1912486840
186234326
283442091
-3476390
-867033068
-1233328882
1908382171
-38045197
735668950
-999792533
-452368690
-481919409
-1140884214
-1571877464
1812148829
-733277593
-410024168
1465522139
-1349818035
-1778892873
-1424794823
1657586393
-121966876
1098949699
1428714279
1564971225
427654078
1973242590
-2144133869
1298505303
1112577504
-164674647
1256391644
1920555066
24213005
-800866086
-595884419
-858001352
-1284280744
1387707326
-100298042
613757817
985507322
619472384
-1313343666
-480794758
-1408745883
-1378227413
-180461401
270995764
-555862632
-904247700
-514427437
-943863172
732600757
2018783388
-1665284105
-14186068
-1708334640
-469603714
1357023566
1817083779
-191266807
-805312700
527712096
1956769609
-1972829988
1481481048
-267328398
-1161059018
1797868471
-576720040
69086272
-1277432044
-624305972
2040412001
-475668503
-659948765
521465896
-392274289
403146026
-73350852
1184187908
2035029700
1740686542
-737224136
2101905499
1683096745
-1263451035
1620175250
276083132
1242071026
55961395
-1331921590
-1577110176
1520259045
-2000508309
1805617164
-905815937
-2107888612
1440845981
-380708463
-1538372386
2146960777
1945129068
1678391621
2085150892
-97428550
530430595
585828138
-42477681
-315219363
-1866265912
-158300421
1596932344
1390148358
600086738
-121423468
-543268930
-207763664
979934105
-1112938352
1393227498
1431426689
732558444
-2083436492
1756630992
-1071762094
-1208470233
150033291
-1127051938
377806702
-1061857884
2053752529
-1614864200
-1967531240
970247281
606166036
984249091
504463442
713490115
-1928745448
332241024
-545951652
18299819
1212409211
-473554723
1605566843
-573458809
-218065895
-986556217
643703547
-601213766
1408721585
1809289411
-1271923339
-810327393
-268864312
-1159365314
-260517035
-1627257926
1642833613
-1886977054
-1565465194
278295088
2040793725
1193413162
-1213439793
-526769799
1459111304
-1532159688
-1213032845
-1461315501
184596084
-2019890459
-1342634412
312645113
-1955691583
105460762
1527184489
-249604460
554760526
518078557
9357008
-75027727
-980887557
1500394158
311805973
-2046240907
-756122738
2111176596
999614900
-1237684659
-719717670
1436513394
1674523356
-1994680087
1972020765
1430315038
867469173
-1636924246
1121814442
-799526733
302175076
342255321
1100532423
-253322586
1589126669
-81409061
-1341379368
1219960087
1275888153
-1468652126
-2140873540
1320712041
-858626695
-859484825
-1256887178
361260052
2013875625
-502469483
-627525360
-1107874631
1549646905
-552402680
1218505915
-1524110474
-1341751416
-189665162
36831035
-1285354117
975651794
583655213
-96905087
-201987363
-1361268627
1046756862
388659609
1221822378
-292121265
1571668857
-1774006330
2069353020
-525800237
-939899815
-728427030
-1882197294
809809340
1934171970
455010347
1618968668
-2036995719
-1393021015
-902730285
2013507221
1960055466
-474055662
1101020536
-1754085033
1642547171
887559041
-1531453604
-1951952598
-1055158609
-1588081110
1026527766
67980573
645458646
-545856150
-849332879
758818265
-1980326430
146642682
-1035698285
1609997810
153377504
-1007335583
2003099745
1394883456
-1890815389
-1694509142
-736905438
-775506194
448674509
1810047575
-2004566430
-149339375
2065709265
333108117
1419039256
-1361919364
-996291533
-1078783824
-1480231925
-1872822767
-1229167406
-1713265976
-733891984
-698601253
-1478458393
-1275422523
603477208
-112919269
1481313679
293115016
-1456377016
1914445472
1423683206
614479714
1371790249
292580955
1131239988
248078793
-412030622
-1385886926
-865196818
-1294976440
1999876931
1204993044
-1750860171
2115710903
1857729444
559210317
-2128342847
-1983747412
1494306509
-127567078
1335543556
-583507407
-470754408
1238451072
-1705066263
-1516599370
75960917
856009049
-2069285348
-875807159
385484269
1414022830
-1879929330
-1762815741
2110786377
302529612
572141561
-874357563
132395764
-26258287
-789786846
-994713308
-1829357314
1080164230
-200493219
1190259873
2020544291
142244914
208920022
-574613475
803300653
-1334000851
-436225523
1327416715
-1184902250
-209320333
-537711838
-2116364825
926452849
-837559686
-178590382
530205286
759215753
1647074437
570778561
710100206
299357898
-1498289606
-729367943
307108807
-865211425
1988247154
-1110530894
8942739
-589488100
-1649801392
2070231891
-1673880965
-795724386
-168605292
381206456
-1600158805
1552748721
1101407536
-365017418
-449627649
-1879767951
-793194724
952340443
-1113416962
-1600993869
-1020996506
879791354
-1159552250
2067540005
-404424052
-1378132506
999602121
-1805907533
1551913229
-2139503492
-230644233
579014700
-1841543107
-1394125594
-1690024388
-1936450267
-1252466343
187164190
-974914195
552180765
1834437594
2072118961
-2098820099
1090457313
-327384051
1678080453
1658446005
-805536718
2110179043
1200488541
-976887132
-2009619292
2091249413
156431066
-1595054509
-1365696056
2117340971
1914203844
-1936932291
-1726884979
-1582506578
1109335242
-695683459
2033139682
-2101885605
1094439687
653761481
-1952200544
1023520649
-1789880442
-744878690
193059751
-1025451155
854902536
-1627946052
1379369286
2039371436
-2068683772
1378258645
1179249888
1915087665
-1222979090
1552919681
1755771851
-1739155904
1129676988
-1770723724
1566346875
196795595
-353416027
150450417
115656671
1618055428
-153512405
-1946567551
624344842
1543822643
217339483
1724690144
-1179410666
-1506367544
-1284590765
1735391032
823177541
-551115596
-1006774011
73085329
-489820824
1052223475
-895346119
-1178153594
-723866492
-1050735251
11443672
-2075399108
-939499087
2111982078
893918310
-355489392
1757773125
-348915245
886272464
-1203944305
-2030510542
249757687
-652933273
1171643178
2117629356
144935725
-665953748
-267145942
2043412750
-1885137921
716644685
495589985
274136574
1742055447
-1216096017
-1341468638
1450392782
-646179124
897824046
267114994
477607205
-519580929
1400652129
1993443710
-1715109666
1249549864
1644769186
505047504
2033131823
-1230155605
-1339351923
1547350461
-1666420211
-1278586000
1830308678
523757986
886042575
-2114085198
1234083264
407681103
144192273
-886746602
-518632131
281545538
1048757979
-848610818
-1936120048
1908018711
1047772417
509662751
195711402
-365648577
-1621646132
-205736624
488037843
705454064
-1449408551
-1854850395
-635983817
-463334052
317903169
935468988
1711361827
1024237860
-426097926
1618954326
1054294161
-1719831793
1639406972
-840910040
1844651105
-1338907146
464018855
2028524531
-1019074839
-59862525
2022782179
-1108409646
-1381111889
1042353690
-549904504
-1119441710
-1335947148
-359148394
-591348352
421200327
-1293690763
-511230152
-1894870741
1909578589
-903546900
97373787
-1001781118
-53151379
-1380462628
-1579602068
144405630
-1614663791
-255538674
-1750026598
-840330566
1090017274
-1549453994
197214153
1236503895
-1216340096
466362906
2060561099
229676319
2091712250
-423492844
1850107601
-1630766612
449050063
187897430
1766703391
-441785014
1119541709
-1668490610
1291184895
-1437525157
-2130948040
-1163455349
-1681331465
-332372485
323601446
-1816581889
1989799229
-1094087133
1502998026
463785606
1458743146
-205256814
-2042118003
1688951783
-683228306
-1143360855
1761529508
-617400680
-520190524
581064854
-1628471586
-594074233
1808343781
-598194763
-562126851
5344279
1538947073
-362699214
237581000
-9318040
-1279321364
-1442805518
171867423
6977499
724366678
-1706709837
1723841103
-2127910700
-1629102273
-1719633039
-1407583065
2136881346
-471536471
958978059
-341568437
1926981468
963011214
-1478122970
-1928097977
1358290988
929400596
1310528593
-1380374809
81968976
1244315902
-1331011478
-1232720315
2043780735
-128468378
1093021247
602002978
-1424298422
-1383695703
434495607
594434553
-568057948
460041121
128959411
1162570321
-1533124188
1975221785
-496989201
962881619
80541576
-1928076931
-492780498
1932412571
-456365316
-1037696303
328143958
-1339940014
-710664548
-813414684
237928792
746516348
-1619000137
-853986364
397806483
-810698866
-2113372586
-1751188108
1708216186
-1689689789
1185588860
-407459364
2058882163
377746095
-687632978
179896320
687650306
-2001684845
-1681577547
-95766924
709915430
1784402419
278134178
-765422321
1065168899
701308646
-1815560687
-1493729825
1622975936
-279093076
-437160526
-158363300
-1768063822
-2065554171
815918597
1538843103
51768505
-2098862400
-287612828
1374906964
1920303082
-475576943
525316934
2014002222
1658706798
-1607243993
-1304115263
2134186139
-654003543
-459483778
-568288432
700377337
8341662
647065201
-1494269482
1365953159
-1896209519
1118255250
1790966754
-876437153
583390957
299970878
784788788
1159554723
2018248552
1466591211
-66766976
1626252790
-712110748
-1214842173
504462705
-628367826
-1862215272
-1306539914
397873648
1008384327
674234351
-2088309941
-1346218075
1964396442
483134639
-639610503
1756697789
101247565
1382451166
-2128935244
-528105746
788199693
509627104
2006778633
372835256
418328314
-1128985500
919376622
173347052
198114019
-1583790463
-1321227115
19030385
-1733701965
-947004645
2063255168
1118179909
391965226
-438363509
1957561177
947782594
-975135537
-1833234305
-226965757
1837583138
1238577956
6634269
-827782932
716945477
-911670501
-187953042
-630392924
809202609
2104249289
539424249
784515507
-1790707495
-1636901800
1216974510
-1738827866
-299503455
1559934530
935559942
-1494992021
-127946719
-902947140
-1263392921
1282846942
-1021681751
-167586961
1939580108
-904010845
1638141444
1430738541
411142053
1267553845
-27184127
-2075359902
-1932338949
-876859841
-1286312914
-931598327
-708565545
-147574230
-100441370
538354146
-1139402524
-455439369
728515214
63394593
1199147603
-469670579
1244602395
861287657
-917886466
-739331883
-784127018
1868418234
-767088688
-1628064571
684173923
-39087322
2005106275
2131110587
-1661142529
1588742602
574473194
-1402140469
-1317918712
-101237636
1458152784
1588611035
-1606952254
2104877505
1471377313
-1942996179
-89025705
-1413968255
-664253527
1557024061
866815007
-988008195
-1691086886
-1484638772
1491318562
899696384
1498401906
1069808956
832872666
-922516652
-825592356
256008478
540097340
503371383
-1085845161
-1883083255
-1851599623
512216719
-651950123
-646028627
180535552
-788102502
657621797
556216359
1298756167
1166703849
1431370067
-1089655915
13438923
-1008641842
468503118
338281709
1414972629
-1120335980
1210258379
1393383178
1615221118
-1756696401
-1006887062
659645703
1977589620
-535011020
-630386922
-815736624
173432573
991035018
2006805424
-1351805195
-1738018757
-1178914718
-39552529
-92275775
1825840306
-543836700
986478977
1695028619
1172923655
1197005354
1319645814
473804875
1986127626
1968897009
-1456900898
2090108528
-1810227210
2090556557
-2136117584
1347889903
-470085898
-1775932899
-69338131
734429343
-1308263445
-199100160
412439812
-957820221
-1627101588
-163700601
-203178120
-740728088
-246882034
1800842987
1194140863
-1407025167
-214835996
-405641087
-1655786643
-2051442064
-177821367
134514219
1058729617
-2116744650
1003695068
227813138
310169439
2051799340
-807332660
-310597231
2037964046
-1363990684
1213829973
352722804
-1605542141
1716468842
873418377
-699117215
-94302929
-396387872
539534931
874382742
-289283404
1183671113
-1713471304
1057324500
-856951090
-425545948
-33282208
824598682
464158704
1583035709
452000085
754745750
-1671207635
2137067070
1403843849
-284541608
121635289
-1482860404
298671773
-992191416
-2035548304
-466758064
1719600736
-747327270
1825401269
-523380525
118485909
-1308367617
36135198
999427342
-1641908360
-546428194
-1010102417
-1162084991
1154477187
-660749117
-141507932
962813251
-291396115
-27158441
1343050259
1694527578
2091570034
-356171503
-23711278
-1429985972
-545890983
-491563540
971561045
-580930571
1227357363
1082775130
36723292
598136219
-1855974432
-1034685832
24011019
-208344513
-144307369
-1042570622
1878711898
485400373
-854247771
1761132936
572531631
-398529802
-230390347
-928342175
2081373896
-611880395
-1792965038
1625570784
1187168478
-353785297
1551596010
-1597854394
-249277433
1779387463
-310148203
1718107126
-13909285
-2140279087
-481086892
-1305580177
2062833242
-940910803
-1948587107
-175379339
-2077250035
136403224
-1746011625
1915415697
1462466154
836720446
-348502879
-2072006980
-1206804100
730904850
-1453985384
-302637738
-547289661
294382050
-823297447
-389500067
1008109400
29275429
767619844
570565338
1826434900
-1302588393
-1748530557
2018406046
639489394
337690759
-977500470
1465346862
-1389543437
1405985007
-272023201
-1296835845
-1688085055
1087660485
-936122339
1882167766
-1664581929
-1843146736
942868020
-1566143582
1472311007
-1429812931
-763225741
1678983754
55023132
1742853170
-699156535
-1307734283
-214530934
-2050443357
201459976
721711736
2062584643
1000776101
-207185684
1598169356
-1990801373
-1849117568
684639580
-25162432
-1013364817
-2025583416
-2045621009
482094640
1091084594
-2052221778
1000718769
643822839
1596109096
-1507116909
2103108646
-1478711967
348526048
2139836638
-1289934194
2129135077
1007571548
1116230926
-1021773718
1321179858
638892923
-852743150
1923107390
-2071469881
-2131717287
-1448628777
1388829081
-264226201
-653068554
86518307
-740033198
-115636915
1640071701
159254689
264030739
-57112002
-281227930
1980028476
-2117781733
632601757
1179527910
980308911
655969087
1615265059
-624278394
1712806237
-1983670735
1396134862
1867284746
1101440093
-1140164092
237229338
-1907797196
2082660569
-1249244945
1397892718
-1244408031
699303320
1424456528
-791652903
508912114
-303213352
976716276
-627115779
-147069011
671127136
63637
652855115
-1517397147
-1086038314
257539235
-67951760
1034186137
1204385869
1865657415
816465934
-47100710
1898758178
-875818588
1277889455
-1146663761
-81392120
1502608991
551645174
116692668
-30017440
-1158915231
351957015
1073170976
91949517
1252569307
913228424
1997122847
-433308665
-120067446
-2071232008
-605203199
717212656
-1487233989
-22548096
1197893689
1487059684
-928871791
-151597033
373710536
-254373548
404716550
-2074808501
1069016291
1125136021
62494255
1306394926
697549779
-1991511563
-1187132605
439079309
1201730844
611838223
1977949149
-910991768
2082489313
-1424511136
1768403200
-1560902755
-1960435578
232307481
899224156
-8901147
-1253340522
-1120349386
1335557327
-1798551292
-748079897
601672399
-1937203923
1425792316
-1835120644
877075885
961819460
2013859842
-669620566
1266893343
-793943782
-454689804
-451356419
1850983438
-1033459080
1307350025
-1205534373
1757314383
-1573590869
-887814647
-310476822
-1447854280
1342944905
504057920
986556463
-1153400459
1594235058
-1592000914
-1533072137
-326374884
-923081193
-453295615
-203938182
1928315645
1087419584
1642649989
1524750012
-734121921
-1667412279
1105623899
-391983050
-1967244248
-2032602195
48084904
-2137955658
1292438587
464382406
-1947368048
-578456958
1440535431
1089545236
-806948956
1454251459
595334717
1557725245
1803785112
91345953
-259714428
-850173740
-11015879
-1102723926
982934153
-399726627
-1355905891
1744029175
-221041703
-548579952
26789787
1519656081
-223711246
745295709
-699091331
-202194032
1500140054
-252701904
-940645388
-1066525819
-161388958
1369004790
-1207785396
-539548775
-1797431777
1446376542
-1662380064
2075762934
880256344
1413664995
-1093505841
-1443571611
370525612
-1001352694
809555951
1240710711
1175233125
1970148840
1851714817
-966934423
2066932168
68208615
656743974
117935874
-492824658
-215303736
1240267409
-914520384
-1248098989
-1298478869
-648272770
1878499827
1276543597
-1373416498
-1087098269
-1457450073
524018560
1742226387
-492638364
219934984
-832638608
-658673851
1802612491
2144046338
2049558103
1448777628
-685135817
1274440231
-2020334696
211453952
-332493995
410707670
1126765876
2090801163
-1188050994
249563032
-1364003236
730601171
1885615296
1799226317
-1798657210
-874028505
-989130513
-1089439609
2017469508
1095544343
1776848381
490628533
371162641
1024966841
-937207079
1002592643
-1988668562
865084970
306962805
153054721
356127725
-1471307565
2125278139
-680133374
-1545767925
1849481709
-242048063
-824889786
-84391292
1478497862
1663902522
-225131557
-732926237
-505416892
947193391
1817495743
-1160811176
-1111723990
-233949969
-1460206134
-101833779
-1699821670
-1961993916
-356491062
-1097556934
1599135066
-1563118873
1980664303
-361973704
-291027878
-869908683
1039178601
326861268
376905973
-1078450143
-1447588017
-759286362
-1046385801
-1803702676
-1904365630
1254447649
-124692769
-743570668
99771730
-1273399253
-1503404059
1154073609
1219102624
-1780856593
-817182659
-1641082842
-469265341
113405170
-1274183139
205940318
1959817199
583467108
-609300483
1531036726
-841443884
-1658085192
-1083827043
-787826830
272095555
-1554466954
-1165504692
-1248635117
-1906369129
-615834033
1206394982
-1568057472
1466869842
911306865
-1527238115
-408310270
1520234885
926719261
-795512452
1105622901
898602613
-1620144266
-192969815
1752700476
-629255557
-1047855206
-1930869910
1460517749
1444028972
-667172618
-975334678
-18821267
-2022640456
616243669
1115227579
481422678
-1459056745
-1997787078
-762992866
1055745591
212961377
619837424
1466498
-1465876701
-2081588995
-441184801
479446090
1120394925
328323582
701496480
-746307373
2031279514
-345837751
-1034131886
-713687115
-390156584
741954298
-975442002
-149883577
-1696099665
-58381688
1795901528
-71572376
-19035851
1369604646
-2145983368
145185404
-1880279033
-558708116
-159761527
-2000820299
-1947928779
-573139914
1569955952
-1138157677
396966270
552380108
1393886928
-1425085011
-727006276
-1582705598
-903132772
589556401
541353889
-399560670
1169868525
1995038120
-735234653
964332615
-2002164459
338953598
1887918645
-563650549
-300198669
-1441970495
-1679615433
-1498120796
1141450120
1957001641
252748462
1675966923
703265994
-1665723304
2031263671
-1407522402
882772408
656848225
103730872
527293126
1566999470
1035096718
-885456935
1763387868
222415609
715001821
-418891086
-1420879096
-1126072658
61407948
785185349
917100779
232889271
74737110
1509602350
-938033730
811137326
304873532
-18473191
-697529669
-1442531859
-370751992
492629107
802107835
1329884005
1831007310
932374883
-1691216608
-1423558225
1009855925
252427003
-555490828
-1071709984
-107586763
1911007658
1341876306
402414496
-744205023
1080897525
1779373572
2086874877
923113576
168837222
1226241901
1929831292
1173916695
-1613531452
-1024236887
384998257
280697633
2129569923
957395186
335477392
-865098142
1969850494
-1623020987
673469123
-489647391
-1039117853
427329348
2030193213
-1365772203
-854348179
-1869304483
1878216398
-757779478
2114210777
-1245607636
1838377592
516055876
-370289518
-1118885090
336022851
-397931581
1348222894
750488150
-825647027
1165849097
189901853
356618707
-1668155868
-447191624
-1813890273
191454162
-2058752936
-777550464
512663030
-824819856
-130395574
-1130479784
