955299979
-1752637305
1325499991
694816635
-148767484
-1439898641
765007576
457248079
1777850637
-563894945
1762322223
1521706592
285046865
74717762
409997802
-1270124766
1260635485
27057515
-494286727
-1900779958
1382674034
-1449446055
-1433397724
-1831162190
-607591524
-73024836
-1305125314
-1162132609
286269955
764175160
78055834
-76297596
376660096
1116206184
-1914235074
743893225
-244453006
-1419828443
1868661846
-1294025209
-1684410926
-1423449337
1499185003
76654742
-815366779
-883971541
-804545836
-896812534
-1082535695
1660792118
-570002836
-1868465095
1363189715
898520986
1401976964
-2110329536
-1728691890
303531032
241131035
53466535
-2037534394
-1898366587
249743948
-1844650813
-795535634
-545853488
978867463
-1818558628
-374169441
135373122
1796733187
-1764668274
-135083797
-2112148472
-438226701
-1831662348
2014140658
-1103116306
-222284809
1204467714
591903731
-1052076947
1705379157
-1749787726
1508931621
-1531542809
2101693288
-1804314014
1473831111
-957538000
24191448
2130813692
-1058056842
2001274960
-1000711413
-969357481
594387646
1862923142
517661914
-1654680356
942954482
1053082512
650527879
1219957612
1512384063
1337586217
-500081169
737414785
-1612997377
1176582611
-1156384261
-917205870
-1991977142
-1927186986
-960380836
-1433741124
1904996051
-82313593
-605317002
-182648162
651839472
-1388116531
-353524324
-1402865532
-1178072326
420919265
120803966
976461766
-414556457
-2017647532
800464863
1191153522
1722955988
-1447218346
1075784330
-1739173592
-349710921
499460916
-693724026
615730245
708587540
-631666142
601652616
-1170882748
-1460992033
-1628358598
-62286167
245721952
855461698
1645499844
-2020713128
1201919612
-1889202000
530786744
680597905
-1667938489
1814635066
952038528
-978601138
-1629823077
1594374689
-1910068479
836571966
-1700169434
-899663701
-1435116068
-670539084
-379639733
559921978
1137987824
-628525343
-1611429558
1750420633
1753810723
-82656442
-818070627
2001782425
667666018
-466735261
1116286885
-612321060
341596133
-569341004
-509171066
-1342248720
-1189672777
-822418979
1347757134
912015263
-449696139
1399067683
875521116
-1150437500
2118693973
517505054
1979809791
-1562304287
1980888170
186947756
-2110939299
-1791373648
1223123237
-885347543
-945967979
1564639479
2101134110
563299292
-1409396440
889397344
1933053716
1909122483
-1327372908
471736072
719460402
842467635
1311782721
1801622167
-1086741869
-11037015
-315471711
-1600300144
822516232
799625125
-1294504046
1401220585
-974950120
-978265176
1237546502
1044418270
47115336
2002611228
1670095077
717560833
-168239717
1616718723
511885617
-1488015467
-1381985189
2012015603
819114859
1893709340
-100399846
1565509825
-1666977484
807618863
-892670477
-944590980
-1711662792
748282765
-45516011
1510671389
1274450247
148161141
1823092609
-1195453316
513844932
301303863
-1345907182
685264644
1382338882
-1578306552
-1770619202
1315795114
695401323
273466134
428854298
-1660936678
1799222820
-1909584164
-1036970717
-131457997
-237209106
2146352310
1175887674
-802448459
-970040689
-1197616457
878802032
-1674949575
-391196432
-1072183878
-1875207676
240790113
1611071304
-1286531913
1637133097
1277721935
33690490
-1755396777
-534389749
420788058
-910775364
951162313
1976609044
1969892863
1959747960
301070294
2085729898
499703061
-1139368330
-1237833422
577610684
2090510660
1460150330
-365101803
658626622
-1904880201
1231867306
-590009590
856132337
2101649680
-752106764
-1043187961
600345383
118832540
-138037330
-1065269572
242847046
1408538823
-1835130050
-1850640337
1642463179
-1922456110
-1853373573
95456648
890612882
827203522
1581279636
-1035599319
-2037077420
-1004734821
65155376
-123609854
25846383
-1281500210
-452033066
1286984738
-1189826835
492347887
888773263
801412496
1848136894
-340630614
247674826
542919003
545807944
-1270766089
1442055039
-2018598673
1685723681
-1056577140
1053075349
-930478167
-990658021
939679635
-683246968
-597899090
694161024
-528304739
1910214214
-136036872
384907678
1045179605
-806991526
-524854095
-870172795
-1066635144
796323404
805122756
-1179834866
1719328644
1514124614
-627758673
455751968
1261977007
-578921478
889201310
1257940782
-238813286
605310915
-692666443
-2057872893
1918740038
603248138
1586130605
-845977663
-669262393
815978219
494143650
2065602598
1097487158
-1276236265
537664298
164919825
-323324437
-1766152709
1310076585
1458097476
149067755
-208076511
1414110691
-1316338581
1483350431
-694372906
-1944595758
-1872698531
-541537081
-950058995
-254214983
1402830241
-1962272083
1036791171
-1765436552
44308787
157645213
-295745501
-944489438
884160902
-923873900
-1322220885
2029576908
1501976269
-974499786
784305038
-432333401
-233699978
-1542849531
539699740
-1142477487
1314689526
-1337329968
-593573409
-230805913
1818105035
67415912
-712845240
-1388359586
956252862
389980825
480434315
-1628625518
-671187607
-608896168
-716811834
1443848351
-1644763144
-1422294472
-1587020952
-188574992
-113408973
1301909539
2030619600
892125332
-821781573
1945434181
-1991062220
-1329144488
-2106197613
-867885749
-2045125436
-1390901487
1735964642
1059300812
1887877134
1891930425
1121953270
-1226603513
194706596
1520055740
1779010188
-1593424689
-1056768517
-1152909548
1422706254
222484930
1888785813
915062675
169613980
787632833
-920104606
864299519
-1033201522
436877979
1013752931
2055855971
-1229915079
-753693941
656997777
1920402980
676788273
1560832996
1314973948
-1114128814
-781765297
-135122550
-1507483850
266798912
-1247999308
-1832628572
1793500913
-1563628971
-1740164595
-779604721
-1074238234
1595146020
-1997865960
1907958293
1074918904
-1045783366
759679334
955183582
-1796141159
1144343608
-753743007
-1729587674
1147576940
616386720
1388269968
1727020080
1359153964
1361008627
1462249241
917286393
498376139
-661935750
1748157575
1493408433
-1540835618
145384804
-657630771
569602662
-1881014473
-1978947183
1865741451
-746403582
704431571
-1045123156
-914274673
2068739191
1304728566
555235455
1682428061
-1021388232
1523343252
601479297
234911091
1853890538
1751973875
-1734280780
66173190
920662875
-425473907
-1590057299
84619282
1483791794
-2088407494
328102644
679011281
1262179816
689412750
-1578625907
287485449
1756759671
1738920319
1385464534
1224134988
637827664
-1160999605
1323347603
-955297413
-787176175
96449688
1013786439
1186320523
-1840514441
67096284
194462149
-1958612085
-1196816112
-2130470146
523604997
-1576365083
-496137163
428993597
-1233135045
-664649501
1940138295
1591865681
-1360553691
1679545717
2111589336
475417039
-1171779164
-1583602127
-206318083
-1895199279
-1977001586
-2025190502
-411724128
-928437291
-776229438
1132350628
10664971
-1752842011
1005408636
1814637943
409253186
-493990152
621711081
1048290931
-1950927168
-748817000
1167895805
-180451468
-1025419674
-1327886140
159772292
-2040394922
1540354736
1549328919
-1161433481
938778555
1867700521
-936957911
1182461329
-1973951221
1667325984
-356169676
1552540960
1299655356
1839359900
-56955398
888173344
959638482
1287583116
-1335212570
-264178811
-1301737559
1137041731
1874474353
1941330647
775549682
744112674
-167692857
-1038965244
-794395397
-1714580074
1439741097
844362609
-492583630
-740175803
215687061
-512124591
-1031467797
-1560359293
1017969955
1179897146
946147680
-194390006
-124536655
-1427263243
457439737
-1429918998
1404240962
1472911509
-216045874
420004286
250868899
-1624334902
-2069994647
-1148925664
1938242511
1932842102
-1136442928
-2037286818
-1369037420
1575531648
1303486913
1284981101
1775516277
939527401
532097087
945130525
362654930
-693234660
-1683379379
-2080542578
1542255686
-1402836599
-2037000711
-2061949726
1498692431
1753095284
-924481381
-544206285
-380796108
2018626569
-1781171874
1923269831
1866375715
-1252707148
-1551509249
146353026
356286361
-356925777
2129264597
1636883099
1201353478
1686036955
-1466472688
754992530
-452007760
-1253543212
-1061916091
-2040585119
-117722921
-341562049
223071529
1962113009
248552729
-1133703323
-1890492004
-1748639281
338481175
-1143973115
1676814825
439829279
173237081
-1302245531
-1718066356
903665360
1348290414
-588910422
-291380044
751254289
1424392791
1968730217
727621065
-794026494
-504991707
389942141
1036616239
1320255918
-1103566367
1378709786
-1144101620
1075104569
-128420181
1215039266
-1928099641
-1932062379
589818661
1579851703
-815405293
-767861254
313269009
1700754448
1834186027
41604950
293372216
331643024
-1251022754
1356727297
314311053
-111256044
-1368604978
615095924
1842948498
1063376012
285315188
1631628219
996643579
-1500388660
677768294
1774504297
1532644496
311125924
1306805852
-1382488371
-1895731881
1243551789
-149309328
-2135302814
1386952177
-451113115
433757476
2049154187
1441489988
-351911170
-130529879
1924193407
-1936614054
-984649358
-1154133922
-1555133311
-276688504
-2008916645
-544578666
-650416043
-1573798190
2025744896
-1514844002
-2053136146
1908012430
803401010
27845373
-900799381
-1953692858
-105592231
-15474691
-79425212
101722082
-2045105463
161086058
982708416
-218285818
-848763047
-591282535
1852921002
1689294777
142178102
705084075
1573868611
716069958
-923174924
-458266861
-83762054
1223941222
-422173979
-17132716
-58572966
-279384162
-62372946
-1557112049
-1124610365
1016501734
1083212823
1096738620
-857108900
-1983978357
-2096357087
1481342903
-1261496120
-1588830891
-231252643
-1583042306
-1660365801
-827517972
-306953093
923437625
499773822
1922057591
-457075679
-1689372806
-2106182582
-209500539
-856236547
295337028
-1381977070
-741020880
-52938979
-682962351
1408765484
730123647
-1406859139
894382223
-130041247
561387020
1575671009
-1084834196
1748858596
-2005685530
1872627685
-908331181
494731135
-452073288
-1308089775
953221749
-197426162
-1489483222
-1644439630
1599292108
-101739983
-1072717434
-1934298843
431579996
1794729532
1201129631
-1814886027
1992254395
1330829170
432663278
-868518296
-825726765
-271232141
205180413
52425557
-1184475673
-1138778894
540195847
304931066
-707563053
1133265322
1183249632
1757097612
1124768919
-448463982
1964951826
151994382
602855701
-1819381425
-536034487
1399809510
-608489703
-399832599
-1278835728
846313900
1258301850
980076481
697053979
1904899141
1040479551
107568834
-725963609
1709248816
917660452
-816121386
-1781413217
1526977311
-1902881827
2145084316
1487565281
-25788983
-1526837574
-633698729
753812736
-141403906
-89962164
-1157859543
211624300
-235220741
314106664
544374912
-762656048
827017215
179608042
783671247
746678459
-1311249122
-1327908484
-962319743
1348188801
1571073108
-1753248616
-66548182
-1556863645
-1018000420
460034443
1914462207
1945370861
1744112322
1997780794
-918769784
694207903
1908823223
-145168790
744083603
1970995663
1372217124
-393585861
998314091
249379021
-622967936
1350996725
170920522
1258754120
246573798
2094453254
1596215051
-1939640337
-637313311
-1913747893
2136036387
-2103543973
441340810
-1148712562
1775361489
