-1306678201
-2115568508
-130281340
-299830267
-235361366
1524992470
973163482
-1700947180
513948277
-401628497
353257411
-793137157
-1038341791
-765132952
-1581362229
814930347
354873800
-559420687
1762541700
1069986505
-748456563
810733284
-42796010
253887974
-822716103
978447575
132051706
-947185421
-1761321882
-1920018191
-508151550
-612320269
1475433567
807438783
1374535324
-1443950862
1858186504
-2117332664
1955731030
-1246350539
-2070375429
1219449694
1823903397
-229745742
1514877428
1152404790
2039849953
2092429506
1218680430
1591788091
-591917421
-811746540
1450457485
212820510
-1333267981
-1250276891
1011300414
-88294351
554299051
-84866963
-1132286308
1237029877
869146081
-241256804
9294997
774466289
2093430900
-408143610
-1239891763
1126519749
1406561924
-1112935398
493024706
1450730109
-1363233992
434710170
679157040
1900301866
85622970
1911289670
-432761419
-889055313
874207366
1188833754
1345697464
-1530672680
1451918308
-1132220613
-330568057
-1907775824
-688465742
-767458068
-1537139009
-1364437485
-1905031577
1579718598
-2009081104
-1939674751
-1240977580
-753033752
2131389824
-981153483
2083705387
1587813355
237160143
-829104523
-1495251003
156895578
1988082332
1428459307
1162369311
-249247647
1380855718
1366449845
-798576219
352937155
1233331606
1074874360
1956262323
1540705809
1055765788
-672979781
-1618451112
-816053992
-1096389033
-629033423
1526408028
2036421787
1554758009
718742231
-1001744252
-594584255
-581886550
274726272
-532266221
-699261744
1528926765
-1298257491
-1179409772
1835167899
1966292417
954544418
-1130258474
-9637063
-672315319
1008590517
2000417080
-1378302601
-14245202
329790056
-1313210586
1367175823
-577836796
157287098
1320750307
-1906941031
-2134850837
1278861114
-1005999736
2117441089
-714119625
36898908
-1510691508
1801358009
1108811731
-1431793521
-1535359228
84778225
-223148318
-153683314
794942957
-1753268987
-747094490
-930813706
1929497513
307084023
1840867237
1810936600
-2120076665
-231499363
387657353
-1153305840
-1025346553
-1851024164
1114442567
1413308694
1909263260
-2050554090
-1056463356
-1509257197
1374015923
-987383327
-2050720973
1908432759
1621814004
-1652347400
95987330
-1905904055
866052039
1543927414
-787023882
-714777729
-1084827623
-458046656
-29640876
541523855
1248810847
-650570045
-1272530493
424725317
1811403994
-431807777
-1630622290
1197148118
-938238947
324698402
-1727872785
2136519734
730096076
-1274103240
-79821527
-1531241562
399136933
-1137717086
119682676
308265360
1908544196
-1810218330
-91895745
-246368618
73970466
678213510
-1118086030
1183623912
-588041378
1364118516
-1988687661
1317884373
619561407
66302404
-1399320918
1503128228
1189378937
880449251
-765204314
1615659684
-1704523985
972687239
2003424001
-508967806
290247609
-1180516440
-32230941
-872519462
-231211226
465149870
-1126204925
-1904042993
1605446148
-856704917
-2004582508
1651109215
-1877558562
-1147493814
524177246
501717809
1161713157
-1178692664
1110570538
-894283599
1531940243
-2046891228
-1451173278
-376592226
-1991570003
-39772334
-1393259527
-26703518
-1960720121
1545161780
-256037240
1107078754
-1988892244
-531182069
-2119573063
1204613783
1447528959
-663052245
282381288
-14340003
-326927876
151548654
-768431354
-1130902901
-101018429
-264327958
1846546369
1285698243
1301834327
1213254502
1770301153
1625489674
84427170
-687679991
-142134027
-1126076262
-1019496772
1977342420
-1043126226
923751926
331774316
-418341039
-2139429750
464249407
710471662
-1884876788
655371828
-2101426234
838582774
1382416194
-1459726806
1304990689
1766494197
1076644312
1648889120
1849577986
-401843558
-1937407602
-1198194524
-927740923
1936481947
-1878943884
-1734760830
318307272
-1862375244
-1338492516
-1079649687
-760970752
-1310333457
-826812400
-556977715
-1630652854
-148425690
-1616149242
1323706895
-933616512
-1700858170
-1375591342
1623954651
-245003442
1569944533
1083481627
371058386
460107780
-1433387723
560990417
-495432600
-1780900947
209496617
21233246
-974673650
-1726409377
-1394481896
-733704037
-844110702
1851026900
794661265
-959278843
-1571935546
-826019783
881479311
-298573905
-143851168
-1065939898
1400346877
2144515450
1315526688
246189454
1918816891
1863523716
-1000999112
-1834585065
500920418
-634449442
2069688295
-1400225235
499685125
-1598066815
1530196838
1939329906
-532241094
102839681
1331344392
-2029121222
-91261928
-36781182
572306588
-692709355
-1939321087
57281387
-1953879531
-662527316
-1569921054
1925950042
-650390676
691719632
626969529
-1321853737
-1309152315
-1778087472
-1655104681
252412491
1151376080
-1525396214
931171431
-1135107150
-1360099470
1510792132
2143549102
291975567
2087678115
-1343014596
247591315
-1832882912
-749014887
-196602371
-1171503646
-1134513965
-1454518746
1176063859
1548367820
-1234859016
1075740766
1039357121
29814066
-2072025673
688113788
-1983675182
-1140231134
620157763
1014007301
-1086727762
-1104663135
-85111473
-711579347
290026766
325165226
219435201
1404135290
122479153
-1272907402
1302263461
1868240551
-146005776
305445118
-1259659421
-2125377078
1445973520
977426622
1435520308
-120894280
26082519
938075834
1231333842
598505896
1551013345
-1615274555
-220187794
689038614
1817071411
-1640251904
1213285607
-385946647
1649709456
309471649
-439030472
-123949097
155311883
1944160757
1530448433
1808920072
487165661
1035894951
1796430441
-1322312711
1786966648
-2124043966
-1011156366
-1098584413
-702859301
249589491
-1600978610
-650530853
-1022190296
1253767827
-307646430
-1210841605
1310771571
-1992524571
538503465
-931655230
-3842340
1617123611
1447485931
1820198520
-246998561
1478161311
1262699693
-1307074475
1555370474
993601807
-1152355029
-462676701
-1990004945
-668094072
2087709828
1994955554
1687300539
-1909591002
1875107957
-1006829013
-1769495097
-1488187701
-1358452279
-1604592873
-663862962
1368397344
-947675632
1414904161
-597940513
1695994329
955797646
2068781833
2010773939
-341214916
-968331658
265937595
2141728514
863384547
-563631528
1743376432
40904849
-1026989376
-1584895273
-1708287276
1154737295
-1306266271
-538365794
437031593
354965154
889933684
809363347
-714937494
492027451
-1531739507
-1564436659
-1273686541
-1224045007
1785520167
381167300
-1741370401
926595469
785000424
972760903
1543025011
-2111931997
-1241197015
1474288306
1668395450
795664737
-1770432843
1718216927
687306992
1454363115
1131225039
-124159908
1459073315
-601086874
-923993735
-1698259362
241820951
1883381011
-1649281805
-1926276618
-1864094358
1660517280
1910495362
814583426
-1234498568
-2066891590
894960498
-605179547
332994944
-234594074
1384648284
1096163066
358705543
1344294033
1800121260
995773125
1266272380
-2103274139
-1460827043
-2018230549
-576178148
-1904586531
-825537274
-172876060
1216433687
2139764763
-455299302
1106026862
-522495757
-222022408
748593771
-963201596
-669749456
113781853
-1679367440
1342556175
-628634451
368351696
-970117433
2064996636
-1406066102
-995307439
-1440524164
-1375740592
373472205
-1232997273
-2025473653
-680388904
-446849015
304677749
-1314797277
-96641244
-513208516
-537297839
1504238380
694195093
1878590393
374701334
-1228846197
-278488716
-1089890106
-1139447239
-978806364
1486138662
-774931513
673084122
1809659936
-1739460451
-491009125
-538147236
-412150544
-623579886
919865925
-1840410825
-620618352
-1950680080
-1922759473
-518715636
1623081872
-1409758445
-970861206
694958073
-2137209521
-1395494863
-2060557350
-539705554
1463467785
1300021144
-1968764912
-667409216
-1772795884
-990848487
137179928
2092473533
-1080844186
-594139580
-2061811147
1688487295
1099444826
-906614572
1199562825
1630369605
773418163
-2131693459
-819750534
882899199
-1794131744
-870315900
-1360952046
468987496
630591873
-780064867
298199463
-954297510
-632357590
1432423612
-84541573
-1819600803
1702359398
1343373333
-208718555
-350669696
1639014909
2072161029
1724947056
-1176059796
144834681
-948028603
-1928735358
2072309429
789573607
94111068
125257280
2115237235
1584591066
733387349
1684945905
-1938342639
850315700
-861436750
-1033608927
832383076
1205169960
-1777786720
-341343801
-2098017793
1673834746
-297712789
709431210
-1194517820
-1972670711
457860659
-32306945
-2045344322
-37840242
2144880608
-208525993
-433529554
-64583770
-2066728365
1704684727
363400419
1437684493
802983645
-1603166968
1387994574
-1579196373
1751504372
17891761
1463443157
967521109
-1447827933
2054070658
-569719065
-608293812
-1230774718
-1075714349
-665459632
-1881676536
-1602251033
-306305556
-1042879155
-2105132869
-1705625828
1234412967
427738595
-139970800
469557329
-521793964
-822997268
1763084211
1859757460
-778018084
854626929
-2089811435
34226686
-1318262744
-103374529
229735792
-1499774352
1251581635
1230910900
1026301193
-560228737
345518781
-691081255
1725799604
-1239171924
-441285166
1445543605
224551325
-1691943464
964376524
113920736
-1611574460
2069392374
-1911303899
-70551978
-951205687
768907266
802714608
-549878387
1234949737
601633585
-644139272
-1133722168
-1849137336
1207635817
-979923159
-930298707
-84078736
1220162290
-1159173330
-304124651
-1599737319
-1296895122
-1026431653
-399729373
-1608607702
-792441850
450473933
863799703
913289983
1468719846
-1430806832
-1408728477
-1159739539
776958442
1641674112
463137919
850724098
-358185319
-305178446
-1223392007
-1415131759
-1204302511
-475886572
-1147518641
90288365
-892183612
-934126190
2135974144
-1352081165
827764386
307389179
-893615008
-1144233523
-212447593
-576229916
-1489904468
-1596229003
215240824
1476188620
-918042275
7285112
-896457544
4069504
-1114868032
-1293901316
-1593873888
2014453953
917131718
1383863556
799455167
2068620067
-1739561704
1249921777
1167364638
1682123063
-1231359122
1858064715
1758134200
-1573747988
-272964831
-687816511
1302294696
-2101139919
1248841470
-544972946
2062806436
1602315487
953274460
116400989
-396377559
2114493654
1898272368
-312092337
50075127
-68237723
-12280097
19985339
937175488
-663747345
365929364
-1219803627
-545248484
1538268618
671912403
1499181139
1460458431
-1469974166
-1318052210
200638124
-637450260
2130940606
-1754903561
1325892002
-1664620500
333379801
-362187690
-1143594430
85330491
686245589
-1375818213
-2016676182
601476419
1553118708
1225514295
2116065996
-1263239860
759246343
-227736154
-603074192
-2081211919
-1882130413
1307816784
809972095
-857811881
234452784
89426705
-18291843
-1302914981
941493172
1412716822
727069527
-1573063414
1019839633
-1345900438
-1043793314
879900757
-1071332613
780758992
-1495325293
-814951931
-1916701619
1958985682
1954798628
700895724
-1858337235
1544052250
-1520039370
823367005
616970477
-1880536577
1795576805
903206877
1507718196
101459554
-1300056952
-1309041895
1854554589
-1262885701
31870521
-34596325
1387434782
-1235907218
-819450476
-1346683976
-2084391956
856078691
-1821637187
-1038534579
-888139618
-644247339
1153706151
-2015861078
-1415892528
1583309673
-1360773228
-1822006195
-1072524662
-1342689919
-1138194473
1278020818
-1867893600
933142226
-1941071903
-847055702
-1012033701
1108702771
-512692102
-1256432885
568849496
1626228408
649256526
-1002125529
56157872
1322187263
307654570
653837471
124379225
1440523209
-1614511480
159019834
-801435189
-356025653
279129800
124968401
149202918
-1168307514
-1887235904
1247628430
-1527544814
-1203571755
1991784438
-1357314475
-1036594521
1422772997
-1425228245
-2024721023
1197876111
856485930
-1202238820
-97393709
-2005014230
-262312720
-1109391997
1406943654
1328185713
-1989988048
-836583453
-612651929
1886924125
-160874364
1227182981
-536860603
192977545
-534862563
1183153981
1520058660
-46865642
112147411
1020380017
-950040874
2112694222
-1382765187
1526006491
389945484
475342987
929900930
649390989
98104202
-522223911
199931312
-725652427
-1051854566
-1151377702
-272160949
-473712222
-58597438
-66911638
-2133452439
14133382
-174226504
1877418626
-2146470787
1479696253
623594133
1511924449
-1107141840
-1370380978
-1778741687
1653330920
-1261858697
-215003281
-304463025
1319169733
1251453665
931173582
43732512
-351293484
-1568495312
-883865394
954088428
-1689963711
-610550741
-504806769
-1841868153
302610417
-774284878
-250973070
695151521
1885482146
1579609362
1970960347
1163218746
2062723920
-1001473894
749900089
939360596
1960167130
1537719406
-943886269
-124274967
261377765
-2084915558
-1107677053
77456927
2091216384
1840156778
468737559
1225926073
605308425
-1887580936
-623312202
20631505
-1749520690
-335819515
-1522729231
-185492540
-1322960138
63568908
-1672924229
-663362708
743302946
-590726508
746405931
-1040087148
-1340401842
1218255302
-1084106881
1768105896
-485472643
1955576894
-683674781
-623402836
-1696199531
-280596443
564291187
1267205999
1156079239
531519103
1375703806
581997055
-1875497806
-1500402751
662784525
298329183
217187209
634357158
733812387
927429751
-1572236686
1458641474
1284471109
-299239093
1530150129
1944314966
91281340
-1221453457
1697061381
-1992214298
-188537575
-342012742
654247378
-16702967
1409517048
-359914182
-414733953
872387327
918254857
-1372753049
-1978622623
2140686728
-675206196
452655514
-571471528
-334565261
-1089514597
-1924570433
-1075550343
-104966284
-1736949011
-1084985271
-188920595
1063441466
486099672
-418671770
-20095720
-1535041343
699848919
510813556
-567948547
-1322497308
-1057853235
-1096043598
-1564603168
1199737141
920109897
872223290
-118446548
1751255313
-1240570869
327428654
2078288791
324274670
-623778617
1899378481
484828547
582867446
-1490397144
-514496487
1969075367
1313638361
335249687
1796151010
1731796206
1737055710
289485372
1706101733
855480990
-321750468
-1204575804
-1508687800
-1385126467
1188305063
-1669941915
431412152
-1233778769
1364484396
-1440511329
2012358997
-1815386333
720162881
1974189891
-896704530
-1751765456
-43414504
-1266008520
1706137966
577187514
1664629555
716018812
1581303189
-592860902
-220909508
1556353641
2094195690
447322366
415170326
-78496455
502329583
179793036
-530198737
838882508
-453709162
1018005965
1309474583
-904662616
-780544012
-1753332152
-68489898
-1697185984
1321017395
582431981
1698429561
-688023944
-1811972915
-2125402571
-1749346194
-416252824
-200219913
1458615942
1749252881
939149664
201834586
1932764891
394542598
2024897579
-1796585720
-839828572
-119008312
-1847984744
-1660156755
-2049085974
-446672382
672978997
995178756
-19875146
1591996189
-308467619
1001168781
1618918579
1835549978
-1436710795
-1740398468
1741306898
-1541231200
-1512473230
-923788044
913299629
-213955752
-1674926179
2056669813
1823388271
271225976
1347009434
1010323857
-517426190
1246786206
125274022
941138917
581591913
-1660089378
937068831
1859599687
539254207
381192478
-1440623031
-528137156
-887169024
829975968
1942380622
258850220
-627965192
1108759520
26202502
-1190574120
1972604185
-2067455073
-393049095
511578251
418741921
-1128590017
590384161
-831751537
2130623483
-1827137967
-2013318157
1490822754
1327069798
2029347692
-1240448480
1663324714
1793675988
1895066432
-180586089
535151845
2029330196
-881832214
-168641202
-1646544668
-517012174
517378952
1257677890
-1028884103
2137478429
14735632
-2069509700
607758319
1901927562
-1229804963
554393045
-2038735942
1407816985
108771978
-226641349
1022398959
452055221
-294640765
402259764
1885511669
882657343
2012051928
1395522786
-1419731587
2147364974
1941752276
543222985
-1665992273
-1806780176
1120850382
-395329650
-1235832923
367827413
382799294
1830421249
-460141028
879006509
1422878739
-399989667
-1296939416
-1636973841
318743490
2127041229
-1390987608
414905628
1997591458
-1476164046
-100916421
-1328655837
86668022
-1610205
-24456334
535760775
-1905527989
78466357
1815594374
574031550
1232524164
951288955
1842113996
883447388
-174418893
-1356344496
2071573798
-1449561744
-1965351639
-1166831789
-185636163
1053311278
-1954584497
652531891
1192008940
843791565
1214219703
-2113909076
-1819800193
899783602
1560693997
-1952774064
2066691356
-292420146
-181645421
966055306
1917684225
-157718973
-2024349396
503778399
-2118844945
1637991501
566183991
1916561015
1358686053
-841791905
206793856
990556892
252955153
1188021132
-840788303
-1519427584
949990019
-255097048
-660728529
-656662012
1051203875
1912351407
-1673602525
-1884210889
-944406427
-2063554076
664692438
305601756
1077559866
-2089544387
564303937
-46035409
-255377207
789481086
-952031004
398612394
269381214
-1882309725
-212272170
1915894916
-1351524190
-1864565758
2053932317
-199566215
-771136756
-1434178639
1764352831
796168144
184138903
-1882967772
-563970536
-348684390
800332981
-1739976421
1088241390
-156271049
-1193122941
-1245158214
-997476926
-501849058
-2010629827
-865661447
1918615528
-1762593572
-719181581
-2091954626
-412843047
669421660
-667995524
982524743
-1933126072
-1131662231
1894582187
284233293
1048992882
773821041
1992897
1963436390
-433979462
-1229505140
741757985
-213471446
-83392908
960050363
1949957450
84105369
-1066965504
-440840844
-1453932800
-321374916
1655382555
-671792546
1940421836
-375725687
1210174833
1287416408
1837115303
-1668530293
1436254069
-76719169
-1723770383
-1346300478
-102378635
1385431024
-1410777432
20658247
1202242792
-564733173
-121620523
-1542873037
-1924891382
353012730
-1931806647
1565005121
-616176214
-2043754319
36111497
893210034
-49212094
-762815818
-1123430650
-1084184464
431876168
-1925193756
341369745
-1124145802
-1508615229
-702196885
1961154061
935821422
2036038944
280273690
-13113243
-1979543141
-1098448059
41407712
-1295737920
-1949738759
2138891494
304578703
-1261461261
899274658
-1712488424
-1884118557
371448887
188750706
-775018717
1482884803
274100251
76947694
1177495195
-773595706
-1521744965
105213793
-148662095
-549181192
-384845774
1371788103
268605894
-463005475
-903904948
1131862767
-575753663
854627253
-1638345344
-964691621
1711901089
-404984575
-34871011
-1049791638
2038904533
-1496116923
-378869566
1948941112
1664467402
406235664
-278010094
4922821
1942137414
890240569
144404904
-1216944428
38897652
1622315626
1769013577
176119573
-275507265
-144454174
1193654616
752732293
-1648014750
1003038582
-474666354
1982184725
-533845952
-1768055080
2076642537
-474967159
-403399056
-1653668325
1929651429
-1566593373
1197574428
-1037574282
1471662057
1804737152
-104034549
1580389191
-1063209980
-2008277951
-97410437
-1118764453
1187720920
1314232300
1851603763
504150124
-864444458
-1971425132
903454169
1413890794
817895851
109463224
-1013398400
-571412482
-2134210823
-568903447
1694219397
384989643
-1559466422
-1994814802
1636928923
-1619566090
-1995144895
1096832427
-235602397
-1942814360
-911381742
118335743
-1160656704
841633874
1905824307
-200361234
-393275606
739551857
617005395
-1577643840
-240757181
-162655342
-809636981
411812072
1988802407
1409990744
404389842
1824404327
1333195527
-986454211
386793398
-370670478
263987320
340925910
1218694473
940567890
-1534740728
1600767578
-911186856
2082068363
397675602
-1443737244
1004434147
1480752704
1471144915
-1185327113
-426736440
241779157
2016338876
-1257319997
-746244416
-927919659
-2029386999
1059580838
-761846641
1378586902
2026128594
-1082506636
265356919
-825239525
460412128
-1326873093
2107748845
1781561785
-2121213566
1941817409
-108858993
-2055557636
443322017
-2005336817
790718548
-779958454
802455058
-117019214
-1270680572
-2025826871
-755635925
-226024192
965493483
-899769090
1220458392
1152030617
-2128768823
1152139190
-1157070993
1152584814
-821444852
1887389225
-1545373056
-700872313
-399885248
1909514843
-183829262
-2101524224
1426419398
203855557
470958347
1061616212
1470404291
1553244981
2104597582
-181906467
-544122021
-847258639
-225873462
207927451
1174566687
-343716062
-231639632
198702644
-255707197
-1438622608
-708831705
553410363
1271973140
2066096873
-1092674212
-947796556
862937896
-1314428634
-364912420
1543182807
-1184816170
-836475984
965906981
-1392463596
-1409238168
-851444321
-917928839
1736538455
-476943217
-894531708
-437617675
-706896755
-986431593
-1895436152
1715296738
-368486299
-1036125989
-839520811
-1530348981
161418842
-1308261766
1607513140
822236879
-340537359
-2112635574
-189585418
279069368
-340661441
-652153588
455452440
-1729801141
649149358
1525625825
-704851551
-1485025439
838681343
1636618492
-405539761
1219142966
636833426
1391400601
-739182222
-1393500800
-2005717787
-2089661650
-419691498
298581187
-1985398950
-1780880929
1408440679
-539722781
1043379260
-214960586
627342417
-2112051974
-2062691069
-1348905198
-427778202
945252715
419353815
-1742705440
356438277
-1941043913
-1379927214
1205229321
-1528953417
-457440369
-1270446198
-1010918229
-1195547428
-2129758039
-2137995442
-201315190
-786531450
-1543732009
-1597382994
1225910344
-1877132892
-742624044
-1805384768
1414016724
323493218
1861882721
313799329
663493152
1342517456
-890765296
1338416570
-144940010
-2070495807
437198686
1272143428
-138205492
1599921141
1243379719
439298317
1877666805
404700538
975114646
403442555
-340738150
503110990
1470933051
1847227601
-1640482294
-699042743
561859040
-1571090511
-10373873
-2435015
-562352003
-445239327
1867653218
-818501298
977628587
-1594501039
-364959392
-1701645896
1895381879
1443601756
984197628
-1659200626
1560217209
1465640782
2086376183
-579804943
2144699684
1474058534
1981662543
-798156175
61239390
896229276
1450020596
-832925777
-1944735406
463678564
-1346322751
-1563283902
1651841157
-355819084
1449296809
1346259678
1502868007
1273688580
-1679652047
-562638669
-2130506837
-1640433644
-1514990819
-1444510958
203095705
-814904525
-1926634898
-57658026
1738265762
-1734847555
300113291
-1101718271
1721391348
-1481841692
-607770179
474718756
1440787152
465705139
987304928
705188356
422372697
-755497136
-1744556457
-1716463622
-1055788883
1299774081
770792000
-1026875237
669765689
223233137
1674555368
-1170666729
-1986395576
386525362
939555457
1240681702
-104348451
-2016255355
1978383122
454847392
1890800579
-1704064167
329606830
2066673964
-1948093470
851436945
-1729375256
1268268573
1480843219
1711263626
479923077
71540312
-1692243531
34890460
1865937011
1135576057
1078453825
-535493666
-604933382
1549864055
1392194843
-1453398673
1688552240
908604421
1181088363
2081424627
341358258
-471246021
899931564
-1486396772
2104350096
-1832451339
629563843
716831210
1894236809
802218619
2134223443
513818228
-1584336265
-334775327
-729300401
536355048
470345484
-436759887
980236240
-476848049
451305662
-638572346
-328523480
2016291733
-814334976
438166906
-1693982922
1589663560
-1150390862
-513045757
1871786235
2145364896
1634718425
-1386783206
-151557011
1536364223
-2002204782
-558062627
1692594315
1617071928
1855306051
-870540811
-454679375
-1569287467
-671340524
1857834235
2063571244
-1129009772
-2096116835
1230958871
-1681580783
1210344691
2138623712
1505403114
-1865818806
1506173805
283989881
1061136045
-1403068175
-257105853
494914580
279491482
-1846642976
1171013503
-1796829666
273459594
-1826068344
-521720267
-2129061186
-477046049
-1891760638
308920076
-2048276730
-1637555037
1841979235
-1657058564
-335377563
-1231059215
1542733651
-1647895976
253661792
1319509907
1427946208
16259599
1052868225
-1589728532
1111911055
-1763434194
524852111
1007054616
2039390388
765954728
507604734
285586769
-1831653117
1639589721
196369321
-864340588
624205158
1846725704
-909554498
-1065346941
-338838512
1073676588
-535323656
-1227902068
871836369
753439537
-1487821036
269247307
368976811
-1415901189
2014300285
1770858541
1738245798
1798794474
-2088392887
357951829
1055993056
-1608229216
-1440214424
-1382645310
983619815
-1221712705
569957146
69925809
686905419
686870007
529621665
1364827711
2049682029
2144614463
22794040
1773252946
-1566359395
-376352415
-285860797
-1548215366
-59135132
-961782852
649689543
289226642
962545949
2127051589
-1273778405
-2012628756
1050134986
-1670181170
1510438111
1346757292
-1566401500
-2041800309
-1459357139
-153467468
-1856727053
-1972682543
2106788110
-448440767
-902727264
-739466721
962625071
-783998060
-1029111032
99288418
-1860892716
-1954947628
-876292718
-622776460
-1565958131
118511154
-569288317
1343903973
-2139720154
-472785586
1616725648
-1704702722
2023373667
837362648
-1282367052
-1340738302
361760492
1501692282
1888830531
1826411447
1331086598
-228309515
1381515327
-907528924
1131308420
923269258
-1903381014
-248441189
1620655484
-1918654054
-1991381348
-251000071
-1998237636
916175504
323473622
-434987220
-1135824002
-2067546114
-857079402
-1185021195
1467712219
2001822214
2090551020
928315886
2017269373
561143547
-1758986291
-1244178226
1123643673
-429026233
1912587558
-1381920020
1573329179
1028731278
1937999924
1212095489
1025823010
-626099693
-2014920174
-1457872335
-944643154
-603604902
1849395347
-1580637108
1215493655
-712292337
1919589457
264185936
-1113811264
-1978082778
-1957313530
-1737714126
-608437620
481056579
-646706919
547486429
-576086639
-720894885
1058843004
-1054034054
-1472677109
605932954
1773064884
759554290
1347539091
-1691755641
-1626244552
1405932464
-1839882096
-1879124379
250078975
1387315115
-712415251
1682471900
663535700
-1197969245
1965308684
-357602600
2108601836
738711210
-174014982
1846757809
2139559225
1161237221
-1217025053
180267660
1398005760
549915795
-2088050233
-1714793984
-1723582423
-1715744177
-790110099
-1977891844
480195797
1625639825
-378275432
-221955353
-338004810
1130561146
-1670407048
-1639224056
-2066284134
-646451760
735147363
397919271
1188059463
-961555642
-1121364796
396618612
-940396658
1822898689
710283603
1792399272
-297091686
-153338537
1769658758
1272032618
1142076040
-2147094567
1769187398
-1892079117
1132796220
-1932743021
-1479552794
908489204
-1349007502
-2070027119
-1705716144
1680501430
982395411
1140458149
1736114561
645202307
175342281
1950592871
712534838
1630537028
1132653269
1610838909
-410620697
-310675861
-628347105
1610835484
1599646964
-268144366
448911758
1641717198
-1938015714
-1809967772
-1538393190
330852725
-439850440
601231931
684756510
-541354609
-1653444579
1358214667
-641500558
-2094906949
1206901988
-143480323
-1209163591
-412939653
1608745042
-1645429922
-1412468874
755534650
1880317071
239097658
1250484325
238320785
-1323458275
100768836
1113714312
-515902779
965599493
-836360456
-887367297
1463976084
-1957496750
-2125595645
-507327972
1587692080
346641603
-1966721822
589081654
1667961995
-611019333
-67677496
1816875453
239828181
-314656900
1688951748
67449615
-201718718
-1388167788
-222943709
-2127994743
-1179775984
-683143018
1900836370
1386772831
-1534894648
-155647219
-436416120
839236528
2035284931
2144219566
-1157157278
-1303346732
-454560273
1112191692
-1023484210
-358104840
1111705299
64768272
-1435213843
576609517
-1464468272
96996712
1209724596
-1359977156
1756050345
-1704770497
1958217490
2120650621
-178806204
-1171795473
-664194729
1153860328
635486385
1899430515
1018085844
-167524052
1958857323
-1407936415
678457022
953055359
-1324867362
948918038
-1357193129
1054468854
1989464617
225147954
-1404854449
-301525226
-1054259164
464968774
70452582
1485004202
1440834468
116758220
-1249242026
296083670
1612548093
1355912535
2067027696
929216620
235100872
1759922699
-1103875963
-573794435
-840680475
-52076210
-1764082041
-1869433037
-448480829
535321279
1927196782
-1896736034
-735017506
-460440218
-1679967776
1315864907
2017111433
-1010574547
-1373207797
1360566108
1380063981
1158174607
350108501
-362004523
487498321
1810294158
-1133563337
-1289026445
-111468645
1014624490
1767250534
105120834
-1977260011
1968907919
-304227533
1612444464
711267444
1537675342
-411265997
597491420
-405379306
217200592
-1299531998
1990175923
-1516842357
1450771655
-80258044
1186661694
-115022761
531810917
992686988
1503371444
1160615925
1275312145
-1367491646
-1511626538
-743614947
-892296872
-558458145
1017455612
1284187209
-906833631
-103857029
1149771114
-1288124299
-2085004252
1405570281
19496679
-313858777
-2104973667
-576712991
2117349264
-777498194
-134213316
582649696
840518633
-2078264659
-1483144865
-1210283061
320637748
-802515237
338802818
-1815036326
221324805
-1215325181
2731765
-890837837
1017516566
720199762
-1210292784
-1026521899
-1841715369
315966417
430105636
1974463543
-1374027191
1690123823
1548964723
1877869872
-2116503668
-276149052
1756983137
785227417
716025014
340081874
1526316202
-1678177872
248392293
-2133109235
-914572458
-290377153
-2024113257
-1059018404
-1893824469
-65825539
-977949128
-1688074271
-1858952861
1465825331
-2076161796
-1993284041
-961363297
-680326494
-660075921
1693691898
1340804123
-1840755549
-427031223
-504803445
-731584222
-269621360
-1923764730
1878453780
1928686019
-1892755614
-1591956042
1468215241
485163972
-1403516261
91524625
-434999183
883027670
153771110
-1486843186
567002148
679841802
-638612229
-90483660
1313259606
-1460098941
2033966152
992276208
-2072096493
419773293
6040269
1340333353
717561484
1112563501
-401947449
592563409
1817986769
-472027687
1912814480
-1930492098
588607455
-605075222
1655697733
1053572600
1953854941
-686971856
-122537303
1864618196
-1352844894
874482693
-1330627768
1408819521
-2087562373
1055627973
1021435871
-1086077215
1104784938
-1033793155
-880239878
-761743013
2113031728
-99072030
-871118881
-2102475921
-1143027378
27666307
-2106730582
2063225674
466629193
1747560002
-250827591
1894775835
-1813152530
-1715833856
-1490958263
-2101789467
-782328235
1725124503
1726819937
1332633750
1924328809
1313847053
452994030
-595211431
-651262041
9955077
1315646255
1985628456
889372197
1028185464
363127379
-1112591964
-567161131
122508197
-1297242017
1261597992
824077834
-1053301946
147729493
1500112667
1993073723
335399683
1502431890
-293971579
1440465927
1077216811
-1755587465
252468708
-1633518471
1290775457
-1858380213
-1283735744
981224332
1249495060
797871968
-172226179
-1591716623
-505534606
730951795
976073199
2118639887
-1352023651
-85441448
-985352909
1927022666
1705819743
-578062634
748338748
-415478137
-1695333221
5279183
-1726731604
1280635632
203393222
-944863068
-1302298524
-2023491596
1618071188
-2023861801
-275503010
1958225809
1499615733
39724785
-1507687751
-794454059
1400654658
99162789
-1789089771
-1885375583
6849203
-1486744267
2047503393
-417395792
-230086891
591656724
-520587919
1828484055
-2073044040
-132202036
-2119205228
-1302515570
-1332596307
-1497109727
-1053420443
1319221422
-1322254287
-297648522
150955425
637718395
-450736029
2037641328
-1522600006
-753141019
612421693
-1159214887
956454122
-89089526
-1216937791
1025017542
854525834
969760767
-209611918
1987306234
1284798115
-1740622128
1847569157
1558500492
354842565
-2139304252
-326438056
-1985283128
7252503
1118068197
700761251
-427600045
-384831825
-288664642
376817132
650422161
2065207843
-1291844250
-335494464
-330030006
1989475168
4298173
-721377249
2138925195
580776889
650550773
-998974281
-1409107766
-310715326
1105680980
-1990301611
1130956621
-148806561
-1762173129
566468248
919952075
-706636393
-1533601191
-1657323289
1476885331
312887469
969253973
-1889842268
-480769684
-1071687695
-109074839
-1515789663
-1436654723
-542367021
-1455400836
-1673916205
1648688495
-2060306760
-897197215
-1291759804
1880690320
1903505680
164262749
1108739918
-355681862
373436072
-2072484122
-244808699
745608115
705846332
1400276397
-409794827
-1801475113
1861057616
-179856418
1971123212
1398897396
-2087815617
1905743270
57690329
-1604625292
995705491
1957910261
1873990391
1944483265
1657981079
1142393733
2044189123
557658084
675316011
-1440681190
135671636
1749788527
-736169257
-1368756726
138009772
893171357
-1602528479
-963949057
-746070742
701169079
1915623714
-936923397
2002623811
-1158705736
-256332458
901700764
717041777
-1963058892
40067764
-207337568
-695045526
1054396277
1734604030
1045680044
-1433630827
1256474086
26724441
387605832
-1238732615
-1408887884
200377888
-1005041618
-867129865
-1468070991
-161271052
1966237124
849931514
639369340
-167046633
1692179429
-731062676
-582541601
1593502202
-1442913305
-1521561941
1429498487
576093716
1943251417
1279004092
-1426302822
-100707852
566088716
-101797249
1445987700
-539948647
-335986988
-604740316
2006032243
-86836479
-151998321
-46998307
1952294117
-1778858753
1311803878
-1605761835
1211619294
1934950225
-2053261742
1908341855
-879162274
-1321314319
-2079547166
114976370
1254700211
-568806997
701247802
1574419541
-196915172
-126281745
1282741470
-743794794
-2095636561
1031052264
-1886529360
-830855360
-457783940
1800892108
1805162167
826426444
-1612926479
-1258107531
-1289274335
1074583895
1176011647
252023089
-740316277
-1808952939
-245908355
-596870699
808009598
-132840699
-1800834227
-1148943080
1104245053
-907032602
-104177476
1268442909
-963795011
-560383127
-2047283026
292255825
1360818932
-1028600409
375863546
161983607
220772182
-786685228
1503328914
1024288512
-449475172
-2077265483
1298796775
-1725546337
553769670
-61287089
-347868277
289215005
-599858077
1002604000
1683959319
1436604521
-1050319600
-2060767982
-1754533298
1361659378
1730733373
-1804416658
-2414462
-1218276039
-1329505226
-1404185330
1172021814
-1240764255
239033697
1299686294
-1272622332
-605486199
1654609348
-1546114204
935637953
1520601244
1570020810
-1935626746
-1667845154
1654057319
-145923258
-2136607764
-1991779055
-1145814229
1895608248
-1888088226
1169132851
1182950644
1174933198
219339439
-1333106069
1779342058
462068012
756655539
1948611980
-545760538
1052206959
-978074003
-1497538885
-540826041
851554671
305332493
-1720975275
-1651559162
1016143300
-201852136
-776461297
-1483096568
-1712519797
-1083167256
-1803946403
1675817139
-80629654
-1378087849
923323416
719975363
105827536
442847159
-1278402982
-1605075618
-1073829759
2098765828
-73670484
124180581
421129553
-808121508
-873556637
1600547596
-236722641
-1820917585
-1252146106
-1014656340
1483182181
-575946318
-1678133388
-1534007081
-910295779
-1120567272
-1636326780
360924589
-996489434
1513593348
-1477994514
1084691309
-33316616
-1247434312
1275719848
-1237268658
1139031797
-177775470
648088084
958894991
1283465713
493765945
612793880
-428955955
-505936396
-1072030445
-1608959602
-1802335084
-1926170306
354101498
1946948831
1640203063
-314089590
2093593902
1576194794
153017059
-1986501225
1776606348
-1486509527
2033627634
1389406435
471469824
-546194410
-1670864260
739710905
1440353079
-393273653
1920546100
785861998
253181849
398154984
-1141691024
-1155600666
