-17605983
-873744582
450869654
339154089
-911699768
-1691388581
-499704520
317489600
631197971
-340267406
-165237367
1496807104
-84801407
-1399179100
1589676102
953611556
529387430
-844872856
1347100445
-1877974514
1710597110
-1331736193
588274837
574034775
2116645187
-1142186463
-100682962
1366759911
-1607094397
1779736952
1296005831
-1999512249
1694013655
134260817
-1733541824
-1928307596
2130066376
-1101679856
487254879
1935157237
1927605715
1574490085
-811802889
-1857197777
36692519
19686460
2098427718
1585285880
-1186600788
-207283846
-1395488097
-965519511
1281792327
1681154277
-1102589880
-1081172232
-268406948
1742914275
-166243931
1506196677
970365332
1346596198
171657621
-1289712589
-296910369
-1293044314
624432667
-82467910
1168724412
-157253359
661332032
-1548490501
268039863
1283377535
478535224
471454228
-802919629
-1760317270
-927706173
-1788549067
-1758378135
-2000693539
-553601834
-697475213
-2063278416
-820451094
-948171142
-1929193509
1260743934
1004509536
-506586638
-1173644342
-1787291474
-977307395
1447861795
975761275
-1943679869
-431005087
-555941072
1268270561
-1251660308
788557061
1877539940
-1523421513
-705219703
118791018
1792633941
-421064236
1341661165
-258623339
-2061965499
589564867
830399653
-1260906311
-221153333
259882899
866201977
-1449381578
-1313896014
988066282
1729278961
1235041218
808328992
-167181984
167398170
2106218725
-1886473222
2019528714
-620743798
-1068833366
-1813941369
520319571
1279553440
1246099603
346596435
1667856147
-568528880
1584413133
-1544786347
-1543512871
158285982
-530412892
-951951533
-243038069
-462308055
1743728696
-929148539
2119799089
-1092840726
-338528911
-101148552
-757779187
-2074930691
-445188049
-1859151819
-1489007634
-1185803487
-90892858
-1354159454
-336098619
1484289467
-101176663
161117991
-1638519688
-271910368
1982568804
983769236
661378038
-538641389
-562246449
1439886657
359218058
236704140
1943972224
-1287697034
-1965587084
1051906491
1594761857
1757438989
350765493
1905936459
-148970174
-750553771
627014954
1393809643
-1634578224
1469767738
-366531108
775624457
-1601557433
-336460382
-37973866
-367438368
-87306107
2089665049
-1784853577
-824707915
-882919136
770203055
-1612485816
1354588
618967193
1438783008
1016891984
1737464577
-898823215
-1565677770
1264172391
-526178524
-433084229
-801999509
1463489160
-1116611867
1287496786
-619430191
210942507
-1430856063
-1811350579
2011854390
-261542509
-1159085796
-241726191
-2077250430
1022158436
892246720
-385799577
-644633500
1399683960
613927589
-1165052561
-891212755
-30722318
-1865493070
-725912237
997341691
-280921710
-2037503677
1505303614
-1271085543
1199800138
1823327788
-685101041
-1238175834
227039505
-1641998338
1364052554
1464399732
60567544
1919188104
-1491934386
-1607664335
941237626
415055776
2033753293
853207756
-1877777129
1201082147
923025271
804860433
-849528029
1551248185
-965943304
-1332658026
-1469496102
1118164701
-1490559195
897633754
1357385144
859753628
520141169
1143957418
1734848007
144292764
1436146085
-890904378
2066038457
-1644293921
-1654955313
2094761413
-1822345609
983404745
170927483
-387498955
-403438599
-923695905
-469748704
-872353787
-622757480
295076305
769379037
-593366233
-1988174303
386927034
180387429
-1143393423
11056875
1185779365
420341302
-1227724092
-1312645334
2120128851
1029584400
-841110161
923582598
-270788550
-943031643
-285803819
-1702903577
-76997935
1525247372
1067693132
337197458
130907402
-1387064197
-1628037560
-795866247
-1236187360
-1000169547
-2098901064
-1727454002
816301458
-191677503
-299224145
-858092584
-1876583058
275499612
1270382919
-1057766646
-510828334
901297839
2096418241
1382013521
863135663
-1995286332
-1237902095
-339295827
-1763053360
-1935565770
-465857576
-568807165
1866387226
805035560
723071378
1139259696
-841210091
118109816
-1502563726
-1834954143
-1746403158
-2072010701
1493434731
-300483679
-1957777106
-1801145014
1107876785
-1897381965
-443784801
1853288838
-829453665
1819128609
-275630804
-24858439
1870714843
-1939554412
1274598394
2144230453
2135203767
512839782
-544580059
-293045374
-145447462
-159533963
340396804
908172362
-1005219809
846612794
482343089
-1163246184
-158716996
1781285657
-1800147001
82602561
907239590
-1437849862
1038753645
2070089377
-625903820
-1307981545
-1088350829
-1206250102
409048066
1433199895
-641697925
-276207494
-662925801
-532241572
-476299653
771616523
-458587318
-1150705768
-567771904
-749336145
575721185
490947750
-273289258
2130609051
-208255366
26120599
2114969509
-1686622205
-1368137426
516267018
-1470622018
1753065096
688270578
-998743104
1485172503
-127675666
-290048447
17091438
-675693420
935808018
35046903
-1198208299
2078676872
558081562
1975327104
1745169935
761580410
-2129579026
1630173489
-1515686356
-1339724245
-1455887386
676221173
1694412541
-1702894889
-1512741949
-92360917
-88846801
60116411
-1932322845
1128222159
-1731760230
1221475287
-1928236624
1376618967
-925629733
-307428619
954810713
820636895
1904000543
-417882647
-147546427
-776065785
1827662402
2074904857
-2025888317
-481769700
786717720
-370515137
-2033794683
-1658480907
-1856229623
-483764627
279018318
706548255
-1908402974
-1947628207
-300810134
1851394236
2042580714
-2032256838
-1084337313
1186992295
-1685216204
-854005414
-1319543711
-174391588
-1126569677
-230997555
1078742282
-780004585
728558739
1826178265
-1805251766
-338708038
-1458971322
-1867856905
-876488805
-558299149
-299467300
-561597934
427139705
1176393245
-1851606761
-310747506
-1020541679
870358119
-510891074
-2064982901
1859326264
-1088588365
745895857
433003114
-886346594
1198386368
615478333
351628687
-945525949
945977226
-132018255
1848612456
1567005993
-1204239120
-710773199
-596868946
1672971082
1299071127
1560891849
1031226347
1215520716
-476286706
-1362741307
-846780357
2035766642
-818244558
-603744449
927249238
931760725
1135746516
-1906869000
-1666973235
-881573420
-974521192
656719979
674558099
652485065
1229375775
-264671713
-242361666
-173467907
73155432
1916339004
2122182543
-1661170467
2003747443
-1489613215
-1442814801
1592192109
1336506919
-1580594764
2042235067
-1677093252
-1596408971
-802127303
1868495362
1389481240
-1698327876
1086972007
888571277
-2106834876
1229088878
251520504
1842311775
-115854872
-590444556
1312634112
-900252419
2079614216
1471197391
-1578666943
-819263696
-1051767752
-1765337601
92202173
-1478410232
-1188615345
2018340775
-1106822005
-1200142300
1629364314
868221681
-1124672786
-851536335
1559316435
-955464657
-201414237
-321314897
-1312722925
212989762
-664912007
311233019
-194047996
-1636044225
297736231
-449583223
-1858964198
-7739825
-1796541095
-930478736
1471437955
-1336159530
324975884
535203115
1786407836
925501142
654076187
-89293155
96353191
-538389355
976477208
-1470577067
805104827
-127837314
975417183
1543894035
1761113083
-1343058876
1320177256
1514821003
1640175882
102484813
1705046877
1877440872
-184494402
2032457037
1723291884
823549587
823235347
1967966768
-1867500195
-809512012
-1181588895
119833148
1197986534
123521784
-237811247
-1755934346
-1824564930
-2019449323
-641583859
-1386111675
-1634427793
-2017214838
-777841866
-135272363
-1729657616
1666756139
1375227675
1589721278
-580557582
-1279058980
998119078
1238006884
-314323206
-1374089060
-1706154599
-712978528
1926873519
1370233029
1718159226
-2089039329
-503366411
1461433745
-29555508
1660237322
-2111269831
-950082848
1284648831
1550488935
1882460686
-1514556105
-171556184
-1861805634
-164249351
1667257355
-1346745996
-809307649
267808136
-1478962112
1736393050
1502548642
9975208
-633227540
-554816625
1236458512
35928376
1304105055
2116764095
1509114689
-1477820455
-896754841
-1462025735
-1452187483
-237737977
-1232913201
-1479735830
329812296
106836845
1839512361
1162402125
1355961904
1677689972
-1996443955
1733968802
-59163127
1053909276
944893473
125843741
275293444
-449081585
1418983961
-579148063
-608991493
-69772045
300166913
1521323629
-579264552
1185230079
-566313606
1342055510
-1281280457
-2122869552
-182210623
-528243146
-448795574
-2075122051
-298811593
-2098242588
1089157885
-141084952
1115618845
-1985185819
-1085637798
551105879
-1436378722
1769261857
-339041747
-1740019646
-953599982
651198425
921178603
-621599890
-887801984
-1881010216
-517396785
-629159110
-2128981915
1077864936
1643307333
-1559676616
-29400909
-1549239673
-334278004
-2032839169
1948476188
-109016102
-2123124842
-1605305282
-1622927729
-1458622238
-1843515854
-512919276
2022251010
1700769773
1994526828
-437961313
-2139193230
-1042472882
-408780237
-1188981293
-942268121
-164712625
1862479164
834959500
-461952964
-480329626
-1964005594
964084965
819440478
-1521001305
-1045881377
-1328774966
-321632557
2104599930
936896069
-770315061
1207305918
75316877
-338374384
1275953459
-1252581215
-545266933
1865968110
1673537625
-1654963934
-1447257586
-134445841
1963870773
158888465
462765649
-1067532765
670661941
-23470935
1339051305
-1636249728
-1076105135
594930709
1123561653
1550704905
1977868892
231052342
-1842841260
-430295251
-620840291
736280739
451983959
-1104878740
-1677420898
70266865
1681653239
355031872
-1632739005
1091387187
-744029047
1521031482
-2081568995
1262250436
1117700847
1246997610
-35677184
-1513389757
-565980079
-2110399996
-1173977646
-1309089314
-1549348083
960935231
-1660616538
1468081875
-1162031893
-774647424
-1058336760
1786061620
1554663061
326890167
-1281543782
-1284496662
2029421125
-646324215
1293903071
-1509771269
-2011169344
-638108497
-1494721450
61249551
-1272554622
-465990883
588131274
-1680585169
-131257542
-67518874
2103379944
-1004813104
43926904
576257502
-695342319
28109840
1751756452
1592491776
-473681039
818806846
795620658
-813917806
-1738109360
-2104413024
1894072083
-1447200249
-34814808
905168495
376928878
1363285539
-1819198218
-1951613914
-1279826545
-196720667
-1500101035
730977531
-1492786657
-1259392352
422346951
-606245715
-576436331
-916760982
317126358
-569878656
1674750188
1695937978
-10568613
-1634272635
-643808874
-1062686388
124855965
1164518431
-1289667153
1783660104
614527389
2131781825
104616310
-745973086
-304879953
-173471748
1953879032
209085379
-30681012
216899000
1397051661
-161336471
592643878
-1040309311
-1663187320
871212747
1971405949
-2685051
-316669783
1849783296
-905943631
1174231067
233949654
2096705952
508288279
1672564871
-2102664822
-792415061
1062243343
122208828
1996222093
-1993938775
-82894251
2070356961
1102504037
-1702394349
473210520
-1428076456
-756321268
-1119925519
-1671314360
880214523
1565249506
-828597821
1276353204
1231894056
16804581
1146659493
1672235347
1505174783
1348842270
533953197
1497163105
1174792554
156837726
-487602793
396756141
1342272861
382851114
-1160981084
-2035406415
727617118
-640973837
-551000642
-972399390
196709959
1162527370
-434155040
-1337555127
-78255030
-1431047214
93778356
591422035
442421814
1091954102
1410267517
868290788
222642680
-962304675
-1674181322
904836529
261918563
-693227620
798568955
1443928782
262025779
589100204
-412522072
565558918
1636447311
373646108
-1529396033
-1309222550
27902029
330853896
-1087330673
1368011180
-1005743045
-1406778741
-486967407
1039191981
41573532
1685495921
-1796529644
392816595
1603353521
-499021263
1549579549
1624411552
-1570569991
1393459225
877646216
342164480
-746531591
393198283
1467794802
1571569377
-58368705
846338279
2088401370
1630890504
-784491356
-1070484471
-1178265979
416450850
1044976594
-17936139
1211138083
2094957849
1081927174
-201711855
1401033903
-651937111
1791886869
-862946541
-1094759909
2081381938
1245884339
558475514
-629861589
837241039
413905139
-994330303
1360408224
-784268634
1542080521
-1037562542
785171609
-1294524799
-1601201833
1528311609
-1191315914
1254832798
804192678
-775688039
2089042814
1430141634
-1282619213
2101740770
1787816834
-1855352941
778500078
1396935364
1231727298
-566943961
-1741792899
-1006749474
172915662
-2031443240
56746886
1896882618
-2041233872
-1755279783
1570706350
395002621
-1535023223
1644418062
496893660
-1691986982
1212031737
-792126825
746068289
-859601208
-1799912764
1233336237
-465241444
-1842007436
-464410575
-1750727631
2097717946
-84961801
1183843765
2119818626
-693960132
2090216523
-936632495
-281712626
1663617948
-1371127045
992832824
-650614997
1963577457
-110639078
-1916123980
-1577337305
1340698354
-1511488651
150203209
2109206173
-967715912
-1521144053
2028877850
1929685002
-1582099513
2139562685
1567975307
709442719
-1985256754
-1412135103
-1040513753
268373848
463858094
-1910750116
1672286148
2036617036
-1464729288
-823779760
-796345371
-1504799673
-447949510
476231314
1391229022
-1112395627
1240708028
-962698305
-835512002
1718373408
66423943
-2030758703
1427918056
-534045507
-128031514
-117132403
-932921469
-1842294846
1463796656
1832827455
1697812627
-865928997
-1337632379
1376841897
-299827480
-337536483
45443414
866681912
1090547382
-2072110757
1190180139
1926360953
1426992645
2098968248
-696388832
883647690
196713291
-343385987
-1914106192
-2046381996
390238806
-1242185684
-1182877131
1236452664
-925416593
-1305969451
-948890449
-944477688
-1986668356
-705483097
1333422019
-940001160
1765314022
-1763053623
2111783431
881026133
-1065804293
1772287594
369193340
-1463419467
-1096635500
1486275606
-1815502245
-454253969
-1751677126
1761834571
-79321580
1472189133
1275230213
1314655308
1865787027
1333943680
-155096443
738571828
35834308
-1926392109
-1827558938
-1766686387
1983777113
215830307
484706126
-70650462
-554810678
-1386201970
843158409
860190930
-1344224355
-1090991126
1343213288
-2140173785
-1730161177
1638239481
-535989403
894577638
1072107794
1829219802
1875852555
-1399714328
606434015
-2106508863
320230548
1396264297
-1592163154
-66318614
-1924120493
281927199
-1728835331
-173686838
-257261740
-583208818
-181261010
1807471496
-618515775
-1293555302
606575500
-685303381
-308643449
212123485
2118044047
645661971
-58039752
-1654337734
239332959
488718893
1736283954
365068594
1499794838
41745505
-89052927
1574128757
1038672458
-324237617
1590172417
982577468
-549783991
-1992205253
-332818872
-1864500267
1795910054
-21386683
1683285698
1491526911
-1574621580
-1172710435
-1449810276
1829004151
-796541743
-932194571
-1086014490
343458514
-546471130
-1017126537
-1066857357
-173321331
-1982818644
-1788452488
-900396029
-903722910
1543727153
494464174
856459427
564958428
-218660581
1701075743
-1978640044
-281894611
303598765
166514971
2078528235
-910301377
1360671112
714077292
-2022037705
1555352840
-921993355
-1206337333
-1225256344
-1538699230
-1039338143
-130568300
219708078
1273910938
-1387109464
944318141
-867637728
-309282553
-236310890
-845192444
-25367841
1989040606
1113044265
-180072089
-217711237
-1674125819
1571217436
-344257575
-1532018284
-498672987
-1803870944
-1550848718
-332185404
730303556
-100906388
234975334
-199513156
1556769554
1705531000
1962626809
-512128596
370749570
-298280956
2025886386
48658920
-1838669284
724968030
-432501106
-349836344
346142097
-1295476251
2090726135
-1597542193
-155196913
402607304
-1416728267
-560362226
370717398
1267504147
61645349
1137617354
1816719115
434618604
418194471
749473372
-1350505780
-2041964007
-1178393508
-944438440
-1264265852
-1505776188
-521156847
1170375665
1928534399
499972994
-1678040203
-811982436
955818176
1823914641
764724882
798817778
918819602
1653162081
344256890
-195952934
-1496948388
-1932440747
-457767232
-1222860570
-689950151
-1848625718
1266211626
1269042173
855704520
-1240345257
1636949412
-293319109
1672877759
1424656982
9456246
1058922772
307525318
-1354218589
198827449
1995824319
55227394
-106333533
351320327
458980817
-623107601
498690952
-63672207
1781391655
38842226
-700379694
-411929931
988224009
281127982
152080664
1293435056
-1749023093
-1268969706
-226663929
-921884655
840074806
343806530
-2058552405
-832539313
794162920
-879544314
-2136667923
441733340
-345236488
112659777
538810972
-1860387942
-541928547
-1050526478
-392530897
372072078
917585551
-84752112
727496842
677913043
-394445330
-1020429159
672035328
-383140144
-429888669
-6558997
-1029848487
-1957641811
-1693323387
1459261523
315996564
2016325122
978115197
386918371
1979652399
991574737
1289806571
-1786869112
-1900836955
609540534
-2773237
984722267
-659425225
-1335558820
-870904813
1747223863
1043024623
-316026061
-2103265312
-432370293
-840275743
419718239
-40460080
-1293451152
774594739
-1916972557
587775985
1992530429
1395214176
529375326
1769992538
-1290170150
44228920
-1809562075
695693017
-566155757
-1290643670
-857116206
567070926
628252206
-833323963
-27542741
949139798
-915753089
-2143262852
-1821199449
-1665102421
-151064135
980968873
-1699378659
-1847991863
1531525832
1942587348
980137406
-751928747
1573704926
-486583884
1161354309
989726906
249924044
1332038773
-1345034388
819529109
929726354
-729251397
513834401
-196457134
617693753
795288294
-1108651526
-1419025641
1956058847
-379789161
81854309
-624984608
1065610258
1291761267
1088643875
-1563442198
716929889
1526804262
-396318090
-2100996011
1992716336
225469611
-1063745640
65281796
-1660508212
1043415241
340476399
1385388743
933682878
1597489632
1095570815
-2066773572
809983844
-950646811
598447520
-441244687
-1146190404
-767152726
-1246099728
-1199955890
-975360893
634008162
674555018
1295934386
-1084991618
-1932560540
-1141111689
619282011
1801105174
2088375855
2061897572
314203018
1692770602
978752174
908541845
2122565478
-1514980575
-21385796
-906978535
-38605024
-564195011
1458330601
-561242817
-1468317865
-535967945
-2141592450
982352712
-1099479874
-1913647609
-992842562
787918941
551842556
-1349047550
-665554066
-525738813
-895879725
-903717846
1861484695
-780991412
221835395
-1360155199
1302236554
1637173264
-367603856
1474303263
-689510107
1482700637
843616258
-1392515899
-436954029
1377580011
775955148
-103682639
-781806888
719086932
-1059370000
-864493069
-693040050
-1011355710
1305847232
701484159
1618680170
1775460841
109423017
-99372475
-2013255293
2143194680
-1410931892
777891966
-1900123051
289030986
-1066290707
-781177783
-1828516863
-1564698718
-1587332080
1131341686
1802601304
-1069433705
69106017
-1589440864
-474770344
-1520268147
-75925804
2062128256
-883711242
1653164133
1884829964
-1057264000
-1348765667
1672493110
53010688
1319405198
1047376118
1805460284
-1628768548
-751339981
1118854762
1581765392
-861536476
-1697030429
-1086088988
1967724057
-1647198689
-509447274
-1142485925
1158870338
-9122446
-582678633
-65159025
-662040339
-1931188214
2014721691
-1286626926
-710715098
-1034252225
577796628
-1084453751
1210619163
1531311158
102350791
1808590003
989425100
-125225850
-2370148
-402131798
-1958350850
102068509
-686342476
-1564958743
1738193268
-2019147676
1459996096
-1743968114
895894881
-1474071391
-488415088
1208421727
1445071896
-259042403
1653160170
-1176746990
-1597937147
548283526
-1854935395
1773884360
-1212972576
519976982
-1144297772
-1017637926
2128907806
358993651
1304673455
1707021016
1526617515
-160529831
-1661720817
-1471551026
183416790
-1707339019
1838278577
91160521
-2118745203
-857292268
-1607821442
1120633241
1207045577
-675309315
-2079693792
2121175511
1840266059
-1232649574
-1571810600
341374249
-1119620728
-1626973347
-1346511730
1955905220
-1442372895
1056988000
1018394409
645710130
-775558634
-127369522
-726736864
17024853
-134518532
-263040895
2121710673
-28845653
1047617134
1619901164
-51748591
1925059538
1382983553
-797392069
731961987
168283727
263200763
-1785769288
1262584621
-179691382
774542852
-773606800
-854196024
-1393754340
1414251805
-1942971114
83802711
-1976075699
-128218030
216009510
1240472442
278061272
-402795605
1668291917
951073027
-896087312
-672607001
2052180231
-1745769783
815550855
-1091912852
-218944630
1902227132
-1246300723
-510341256
-765352222
1309468985
685112566
-1231970147
-552719012
-1226877281
1790526528
1108271979
604004136
-1992736222
-1433349836
939193966
-211067335
-723757602
181314091
1549877850
-1268679568
-1592715217
-1574534381
-433067643
-476960776
-2078905793
707783283
2120514196
-1211123213
-1628316704
-2116410709
725916281
1993411414
-1714362213
639845248
-1742546532
2138895376
1201173000
1535557592
-1249957800
-1823729551
-750711969
1856015297
1448451752
-902846263
-864818609
-288481609
-580547807
-1842219185
734368014
1382471206
459668771
-1046459
-416774736
364477485
2092711499
-983990184
-301749572
613742244
-1784942805
1125553484
922553596
-2046926240
-171984067
482993368
-649905515
-1558765899
476370964
1801344462
892106582
-1319531205
153273299
1760520063
-979082668
1568377301
-1847855389
836539228
-95035210
-1414406417
-1600422688
-864115488
721969612
2080389638
1090431187
251669421
1552207974
1643471981
-485926746
-1891079179
-808991389
-1360280499
339114964
-1912966885
-1567895672
417491436
-1099050657
-1451219303
-1383078766
1048784178
-1960636153
590584611
648761229
523149161
-1817054280
221696525
-872304538
741266756
164482883
-441661719
-943791937
-625062622
-709707439
-368277644
1777062402
362837395
1991337363
-445544527
-177555272
-589457382
1070478142
-447048618
1329207579
319564852
-1606476362
997918567
2030274793
1974326937
-1156873079
-2024266975
-1963705734
432445633
-1916010850
1504098072
-634739436
1396241577
733457581
-335842397
837148286
-2066085674
-1290813711
-1818062985
1666742739
350021786
651239964
479830929
-339083369
1164227733
-123762805
1408295257
1473205007
1610692478
-27509573
1434912516
1041471692
-455996637
-1358002694
-228215239
-508530039
-280458834
-1427476383
-516288265
-1934777290
-213840087
-845263103
-1413496651
-1674742188
1236291395
-673294501
548588490
-1169397373
-1263942829
1353257237
-868295409
1661996888
1263563933
-1086944021
-819404350
724180084
-543971628
657430243
-1185275475
1041369041
1840064224
-1863755836
-1925040762
-1370961057
141509089
-499836472
687308697
-742417969
-909334414
-652532592
1179912868
2056494509
-454770127
1137894487
2126967553
-857860684
579024255
-1212559254
275824138
-25599395
-357980284
-550648617
-89963592
-158279495
-509151115
-1018772636
-1102836083
-1176867200
-307265511
901205955
488265139
-1095330968
-685896056
534371075
2013263205
-1151087685
1237169462
560263752
1769933198
-617029597
-1258775505
-1431886658
1457262255
-1548634424
-741840989
-423177014
1999023365
-1974982244
-1207373403
428959874
753504746
1104375285
1201036335
-47674017
364116859
-557981349
-1465139351
-1785494735
1497225850
-167096413
646445098
1982177874
579972726
-115407300
1672633022
-1509256930
-961183703
148785352
76631529
-245637982
-1879138784
-486999314
1738609196
975890578
-103678047
232887150
280574278
874867328
139293128
-7164811
1991479805
1026155595
1618211571
985515313
1051692062
-796601899
-1975918497
-1439954776
978933953
1759935992
-327951853
1415851461
-682865967
-1045646663
1433764092
-1488599885
-115590198
-98912066
1616606041
1971029358
1577711812
-2016585219
-2133972136
-2085915753
-601687119
-2141201482
-1681808383
2053434247
-1446185758
403841954
-1651513261
-650515291
-171841329
1133476972
-1559564116
1349661948
-947263977
-386355872
-570133907
-1231289849
919312325
-1622451870
345015773
-1087927601
-1113770028
2120997152
1328694861
343377719
-996956683
1152779403
997183613
-2086512490
-1897552242
474783618
-667073730
1472505734
-1378513402
-1985585712
-159078824
-1082160389
-319562689
-1319980456
-603268179
1581878423
-789476253
-874521202
944766622
-841277893
-522117916
-1620119767
-1945381459
2004112609
-500067395
1981394710
-87213470
-1975321432
1386152701
-1038507601
894278515
-116565456
-452439675
1675533100
544734494
-155767513
-1093514225
-164194727
322247641
-730085340
394019443
948945545
-503016146
-149859917
-1685408475
1920531658
2105883359
-1365867856
1127274242
-1122752423
378336336
-1989315112
-462821557
1920014936
-1718431194
-2126816100
-1547720719
2130644158
-634111958
2087595320
118191122
296602766
281559411
-1155097084
374586051
-1154017461
-712850748
628490762
-255860208
-1214522454
-1327853774
667212504
314103360
359158153
-1375935734
36713366
1324140892
537730336
1146231024
-1510401702
38856434
-1127550603
-155841205
-2113747782
732168214
-544119275
1682494432
-636401502
-442403927
1711862784
1306698685
1833163368
-263989539
1040928228
2122325336
-1805449443
-580181512
-246642802
850022134
-2125698523
-2144180905
1697300637
-852485295
-1689601782
410864309
-1430174088
-2067995020
-507365236
-1912215891
733438337
-2009944854
-460919044
-608723332
-753778294
-1922307817
-256694327
-2052315636
970243463
694938340
254418011
-705963475
-2068915579
-397769310
-128199137
1717762853
-576041509
949106727
480026082
-1248752790
434138782
-1617546435
-759985053
-1349265747
-1424405927
-1263017411
-60223454
41805082
-285552387
1458166262
1679260798
333733598
-328578026
-600288814
2077029886
-1844337687
-1154378433
1828555579
1336889326
-32629772
-48447528
-974468294
-1891127507
-2003893563
-1042535947
-1821062559
-983235003
323957937
-482203495
-121848085
-1180582212
-1098268830
-852311261
2046649633
-1433787479
-947504422
-552652280
-250238466
-1993973367
-1918685513
986584258
-801055723
-1484509357
-951384136
864850695
1302759090
-1056344887
2080661887
1634983230
275405631
-702905840
1956030616
512868398
797363433
-902583166
-95921990
1056587768
977486467
-448830269
-221488309
-780964281
868287146
1945049618
1808288297
-1404309563
-450347480
-2006024479
1194695335
1058006224
1320213661
-500301146
-42208043
1289169261
-715591844
-235236109
-482133244
-1088216964
-1143673198
-999946812
1675625864
233930285
-1889262419
-387672297
-2044356929
-636697166
653650938
-1791388734
1955892050
1375366709
984785552
-1005191296
-1014117702
192013068
767916140
-1335249844
-1264223226
-767110357
-2106426403
907575538
-1515584806
-312179750
1532397602
-2117460766
1622100154
-635495769
174389841
1571095879
-793848184
150672029
-921612167
-315517097
676430411
-1134931787
2068911882
10746860
1182774577
2088864652
-1559967627
1419819091
-761164330
1281358422
555516687
813234276
1766351558
-1028751598
-407389894
1327031762
1167026496
-1298481154
-1832042554
-676093756
605652029
696640589
-572825964
937274788
-160530512
732293143
-487209092
-629150667
819608590
-221004911
-461269136
991587307
-1642820081
549429629
1699595745
-2073054858
1260443318
-1419214621
1958258273
1780892063
658544527
-1890968063
746152073
-143162024
-1077639369
25259647
1705935388
-1361028339
842787361
-463110937
21041004
825813312
825897878
1174835027
-960645636
719226452
887567101
1223460199
-1162082970
83085736
-1727114916
-813129343
-318385537
-1402463769
849715998
-648138449
-1926289224
431574173
-2029137386
-1456944927
-1536070202
1752640270
1138238403
1820198623
463641477
-1782976446
1592795093
1389629820
-833899495
372905060
-1462068496
1521829003
-697314218
-1597441715
-577492561
-612580846
432506977
-573617062
-256557077
796842557
2001356439
1366241669
2132967484
1228635797
-317049683
1228245939
-806092865
1298674801
964991767
-383322550
2007400985
377633452
134982317
-1951775738
-1604980292
1416681112
-1013679988
2107348749
-806315927
-2033517519
-484551622
15754816
642178037
-1982675563
-1793663987
1309017043
-523009201
-1200853581
1353741260
-1153861345
626313152
-1753365949
852951446
218155958
-686901643
-1535229707
1874400514
1403715511
-2129418694
-1194372116
949607559
1483565924
578274696
-1325964947
-1845326562
-155570191
606143681
-783179053
-290447323
1917119390
-1288380231
342881990
1376029574
-757597945
-1422274184
-108322132
-7284712
242077626
-1340448451
238106462
-1228948923
-1524147702
-560713786
-987165409
1878954220
-1292807134
-511875634
-528676151
-297996665
490211420
1475304663
-452023224
175706256
-1188430637
1678606121
-1908966324
-644749024
905930294
1342940185
-820808390
83730137
2009428959
1468492942
-1738801821
1603118854
1871300899
1920754625
-998641033
-967320064
2125707243
626190403
1525184571
1030635987
169742467
-1023008444
-412516743
1451569952
392010418
-1419934703
875049528
-683515836
13470730
335195614
250924589
871153337
1824296832
264541637
1418231409
1540896444
-2035666370
1229282062
-1334359181
-43129552
-668087881
1109406640
-262062033
1784420290
924657404
-1474740456
-2074919009
-1618516148
-786781363
931217704
-1873068686
1242076286
-15232525
-1082947198
-2091201029
2031684283
-422542516
-1099658491
1751007596
-1366676160
35112231
165930903
2037235267
981586571
-48128942
1620898853
-265220349
-168259079
1664922480
1162672359
-1323952345
404539313
-1112958193
666284520
1949639507
-947424575
-404637960
-1584475195
724404428
1197363589
-791728951
1142266036
-135772118
-61808561
-562255935
1397594568
1825941324
-1542185404
-86178342
-2098169742
-1894386037
-975487868
-1850195427
-867820470
760018225
-913728627
-1429458895
990611727
1172474156
406633184
-721101516
-689794836
342539774
-510460187
-510023219
-694950148
-887472393
2013163787
-451317375
385963536
1238089894
-373236173
-1706994874
1765679023
1399721356
1847654222
-333516971
-31471779
-872830445
893278276
62402116
-772157920
-1752677442
249862423
-159390381
358294079
1712807840
-2145661624
-276829179
-1077131443
1646459922
842470777
177633010
-1678149019
-1579411041
-16242861
-793916453
-1851500874
-561356989
921235369
1655874303
-580075967
1122454997
1958392541
-2004956756
1899563745
-1154173248
1812746114
2117261848
1308740491
-1346934279
2089781059
114498673
960860631
1062883116
-2044759550
-609688271
1907200959
734879288
-401047741
1982530743
-1347148379
-1514722594
-672880181
-1287316461
-861253478
-305727564
1134870916
1140779809
1552550109
1776321631
1628041123
-167646248
-1579759455
-344323328
1409341708
-678637853
-827944174
-1193795346
654443252
726248817
252289946
-1386582362
-1510908472
846529609
1873235295
-523799809
-1229907379
-2079273952
734711568
-1716206175
371862791
130040622
545464033
1863093431
533668831
-1617019906
723841747
-276293149
-1899744769
254346629
-1196521160
-1492983182
891393536
192692342
629208438
403195600
359906887
2076325332
702215434
523361598
1592709035
2102100680
465408208
219362241
-1409191333
-2041238092
2057506432
-1647624867
-682817281
577927303
-118163845
1378016899
1925690908
-317651886
45494728
-1063039801
-1171336260
652417563
-727546792
1686517205
-214515379
593833201
1398073233
-1743986267
-313578551
-1049564864
2065336585
-1762999314
1990276119
-1373543066
-13602414
524497111
-2040588368
-1452193914
1317410934
58796276
-741130362
-785058661
83846915
1749774448
1497376
-694149937
-422252471
-1622776443
741760521
1168587020
-128360159
1685604916
1091349867
-779956781
1935109234
-2143554254
-1484547082
665028429
615233455
1845042721
829627909
-1480359265
-990737501
395884799
1531342851
-1380820862
-833008272
438244579
1595990283
-851526383
337642452
2017243621
833758158
-2089170715
1717005486
1732379230
-108770887
-809681058
170682048
-1057911983
-779367337
-744528317
-52841546
208607272
1097091315
-929807731
1365595751
1765930402
1059771009
631590527
2145325402
-1941215221
1653669309
-458883846
-198588022
2129776814
751963028
903650830
1521602925
-1345046904
-1880762941
813463764
521035826
-647944643
-1226612290
-691589510
-609437366
954670415
608124370
326679198
1854392362
-412879731
-1766847347
-1132288800
1574384718
-272892471
2101731933
-1974454350
-858967680
56150221
-1394124426
-870920079
-1809149862
-1447378034
1060208633
1045601465
149213960
680012194
585499730
700537076
2089962066
-1957234961
-1293597727
204596276
-1140031783
2081870244
1214783452
-895959742
1895393952
-1847910547
-100156302
1783020791
-957331762
1528084962
-1050702284
-1088380471
-2064191055
1699608127
-419931728
1670070440
-1402916602
-2039286694
-1913583266
-978751734
-555002761
-1915000623
1623489984
-1983514044
1400765540
-1796581758
-187057212
-191545316
60885221
1802201919
1568546156
1453276315
1199568143
169669570
1589602480
1977360678
465707638
-1185899810
-1483345758
-258291505
1604180211
1367107575
-1087560493
1583980008
313851559
-80170828
-719637771
774882521
-709440449
1656680946
1044291265
-1523736525
246546809
-339164165
302183451
-25624060
917986789
82664951
1950087026
519741036
707027440
-393257822
-1596393363
339186544
1139448862
2085863487
-1364710717
764090894
-2035808618
1647728076
1065101674
-853429104
-794216221
-287375498
1686374387
-2125959643
-902401544
-1960931250
-272067020
-726138964
-468140427
-240046275
902281767
-424874541
-682311896
-640715467
-28244975
-283446176
-353578027
-2114536791
-1873485594
-1722068274
424980025
2011449406
-2088104213
-1382363621
-1856204468
575037122
1524840605
4553696
234537159
1633765981
101243345
-1946441055
-239213339
-183110395
-727067876
125598566
-837065108
-879055817
1454854004
447217802
544802542
1947078115
784785430
-2054949422
922827084
1712804007
975172266
1732994497
-1035600261
-750363840
1118307749
994234409
-22132086
723083069
-197968145
-896555515
1172714979
917826292
787826885
116076166
1833598672
-1061771590
1445501151
-1628034709
-1899225279
-1621479091
-1832876587
-747388267
-1370424628
-559231083
-2141401411
705145562
1516431604
-587996276
-1795458791
-1485018599
-1404133459
-934453639
609233136
777272973
1843937823
-532635037
-462006470
-138928794
843290538
-1386903868
-1255798144
838707349
-1492504790
-2128710531
1659434436
171322855
-1644563845
-1353331446
-1622662755
-2100952235
1572531775
722342134
1002996646
-920333159
-958180898
1561950609
1376725017
1708963332
569174990
-370869793
-1108618826
-588836722
-581982701
-1337074990
-1600965655
-1360807122
-1003960567
-4692292
1832921899
1184355692
-301008287
-48146434
-1056598105
786904884
-1003526552
-2075459835
1745927713
-44791317
1724928399
-826125449
-63548653
155279047
-1256580057
-1920506712
1772262424
1105778267
1875874411
1592253778
-249097330
27569521
-492119357
131174021
1780947573
1974846235
799310919
835597788
718128285
1137077260
-2017560191
-1271336207
440875776
1122903843
373611383
1666261010
-1469534100
-94140600
840108263
-1177189836
1053361253
-847092101
478893524
1561199655
-486133688
1218033194
-2083244223
-690392821
1058136755
1968537794
2111170364
12050946
-853414620
-573640569
1604306205
-2061380826
260532192
1804955560
-779291121
-855174211
1132048405
1772172685
-1342961201
1431307691
-15686590
-28256908
-1834637388
653189159
1752941270
-1432837573
1731889134
1521871281
-717615337
111410046
326188306
-1140662973
1844502597
-1349134364
165712341
-1046548794
482213630
1461133494
-1806991593
-432659769
1656992996
691450545
271580707
-1866470038
1819521660
1627920412
-1275446475
341724318
-1257771175
1437290523
-1311118277
634900882
-18421639
-1992739003
-1194340384
2116308327
983752942
649422196
962959557
885724454
-283506496
-857762595
1105381649
-716369677
-1120424431
-1093933473
-772455893
-272364926
-13312894
1774884639
-940798778
964947658
943263445
1201470292
-569172707
-2044594439
-467544365
897503839
-173992065
1863380135
843226992
1902659614
1249401102
1463876941
-1352930004
811480961
1200736451
1009045752
-585383749
-1611955620
-67095372
224712761
376373224
-1422421378
-1813168231
-609942177
-234485579
-421832701
1815683724
1414554855
99406535
114776294
313411343
-1482602189
-1841741056
2099422682
-1002046125
106167674
601396589
-1368143783
1057739447
2027762688
-844168861
996277756
1241599118
2044502918
-1546978332
1863210253
1933314853
-1139308542
-727729082
258571866
-1080780541
281934483
357623574
-1222350773
1876716146
-386313042
1112769337
195491639
1777717566
1244730013
-1555653292
-1689686286
412149948
-640227030
1646804333
-557686358
-822297075
1577190039
-1859022126
-1249626125
-1884538716
2125240016
-907052487
216180255
-536705276
-635022621
-1579498968
378118867
-2097998898
-1996405841
654692758
961852118
842876666
-824821797
2024510674
-1993433556
-338913436
-107426550
-1513761628
747561571
441036938
-670917556
-175154255
1504409132
-1116622700
-333432361
-315060701
130724396
-57359725
-1199440906
22763401
-1416989932
-68314867
-1740784320
1126535931
1152305390
-392721223
1259212301
1056919937
710657978
2130797446
1118734630
249864884
-1262269127
-1592327198
1146896315
-1677671514
-1970745337
876386360
-1000574823
-1684875266
-1314223121
-2015762759
-1596260709
-922578585
-522150022
199024990
1620400737
-1400018645
341307081
2139533870
-1612852416
962285594
1354227620
-599341124
-556891272
827586736
1455375058
-1164204557
-582857812
1727799158
-239731030
1881767701
1067291022
674526632
2025213674
-1699555071
1909962201
-1104539113
396996038
-1549811020
-271485564
-1990030255
-570246588
931421713
34843188
-1026808322
1476308934
-320880156
265625073
-430135668
1624130280
-514295772
1239246364
-1219506930
-1045497972
-313779080
1086716320
1136688225
1090208818
-153362692
58324584
1264977296
-1110894964
-1342705852
1810385424
-1779354503
1846775121
-1299704928
-18664994
-1625619792
-135922863
183496865
610485747
858854562
-422869047
672253148
-569146435
889873661
2133327864
819633389
-1771107409
-2146385329
-1907118607
-2037431362
839943732
1152516845
161302707
-524193015
1918788576
357962517
-453881482
-666302437
-1547801368
1009074519
-450923961
-904576807
-449948716
-1598264016
-2036354602
-446282488
1791377266
648215543
-1442148210
-1421901880
2072346637
-869222404
798909158
-1830318751
-1810308129
466615789
895843574
1767031105
-1085448509
-1989485445
1279918925
329353285
-2133264082
-778565058
-917146367
-542364873
2068789856
973526486
-963230970
-2060864105
-1783266859
-386436014
1945569475
1855456414
-746650622
1316966868
-654820894
518472319
1241472573
-1808840588
100030823
1615548911
-874646020
548135268
733220356
-306582041
-1526491327
-1020918699
-209672278
331645352
1797195349
10795289
1724443235
854129919
-1082885965
418832266
1936274014
2103781578
1635199303
-1523711575
-1342880437
-515096646
233536472
-1947098103
295396585
-178860199
-12360767
1930213486
1099790044
1608590671
281936359
-1215490384
-1288415805
2081213664
1382985190
1491541989
1679728522
-1388453704
-2061574515
-1777471554
-1143106308
-1787480854
1958847884
1335017521
-1709711717
999595318
1493611115
-1914412200
-1656534349
-1683303542
1887834302
-386795624
-1175201620
1631109835
1981617559
2097297925
-1698716256
-231065132
-1540870085
-1178395899
144477741
98060990
-356740585
-1297385165
-191522421
-750003615
952099316
-721213819
587432416
1222321179
451636841
-1769759824
-11211310
-2008730161
313234321
29752778
-1423429794
966436912
1755531262
299457073
-448685081
-1078782145
-1633221395
-827966293
973525394
1583554322
847347130
-1368194098
-254247472
1519313110
17291926
674142114
220821819
-1284418538
522873462
-1000511868
1221282982
2066802748
2013921358
-1579234228
1138062190
-10601896
1793683326
-25213006
-150081770
-662576352
894819212
867049965
1158610963
-693460681
1415040788
-202150756
-305195037
1480418225
-1909830148
-936543767
351098979
1818032343
-736864533
-1838468372
2121675874
-1151900378
617908219
-1716850612
-185006736
1508058781
-2099914068
-1675904724
1610656508
-1210652616
-1721783524
116984899
-1467054435
-592811593
-261980556
-1980262580
-212309585
867671971
1655061669
985366689
461326370
-1541451886
-1254764204
-1187567838
-310524786
1956949161
-1406179310
-1168409509
-160765559
789035106
937408464
-378446619
-258038724
10382222
2021790097
-1274705140
-510995404
-479663203
1986405985
-1228460110
-428538763
-1679994851
-757614459
-1387068046
-739630635
-2140423040
590588915
-370961912
528925318
1216598561
-1906759164
109122031
-767307021
1173405321
207408231
768735819
1411431376
1827760621
-330366119
-1604897527
-301902484
835095035
323365650
-101876924
-1524155319
1304992981
-2047867774
-719359510
705911533
-21753763
-235567811
1147825311
-1542079238
-654698061
28783282
-548275488
681508732
633929979
-1432912733
-532896917
986182274
1466361187
1869335249
-1160351266
700006383
-22659741
-989580810
1063008926
82193297
-85223609
-1589312521
-2013480710
-257245070
1068522986
1833742169
-1330975857
1309605742
1726391747
2077467124
2039436013
-1703550203
-1956755931
496706279
385611386
1897417842
1099678402
26957772
1637962646
1301884412
1813367152
-1125127893
-2063557888
-972978549
-1802090449
-762971597
49930359
-263716227
474505066
59074470
538648740
-1519299142
1143780477
-224755179
1732198710
-1080843515
-1128142729
-2065385651
710569806
1238926485
721893152
-291381487
-1673297890
-1220638236
660308541
-151707896
438319052
2140421830
2066435346
-526149128
1695849115
926158780
1619291175
747658804
875801676
648650633
-624005809
1768179539
-1649262142
954098182
-967640091
-1050294494
860014820
-2114678734
1429325145
1867499995
1250634438
-1277900403
-2146459158
-1539954282
638856203
820246181
-1618410060
1450796287
-1893470332
-2036580112
1567358445
-2085450424
-739541219
2048734172
1648246379
1889247073
294223608
1433688868
1222116201
-1584939930
-1528664358
1050735205
790940553
-1757285031
-1569645114
1449818608
-1398329828
-1235182063
1110979559
-2041887519
-1922215519
1032215409
1546122930
-282241936
-1359493493
1625907419
-522605749
399053959
208456263
-905146137
-860603608
1583009171
-192006531
287143247
1856241396
-144908386
-1635213163
-1255849426
701092789
1732385437
-1357484676
-2140514199
-1457267152
-116602874
-1780884057
-1170015379
-9133941
475281830
394089815
-1905185254
2060666420
-871108176
2086233375
1730865918
1150962177
1908193304
424957603
-915330106
-635970919
112275745
-1448656479
1988850672
1119199505
920439092
-529470155
10801861
-880554535
-1028847116
-390135464
-1360883578
1215139801
1923263630
775572649
-31720731
387668438
1278278997
-1205132688
1910375606
-1326867941
-470326131
-665381665
-321082138
-1230976940
1036658822
-1349939302
-1012965205
1678110140
-1799570196
-1767041416
-11219715
19467130
632370013
1567829131
1418580804
-1781988536
51749180
1390749533
-1587112622
511370838
2041679556
-2129104260
60804242
901566061
1643299680
2145716025
-526786431
1526375766
810156856
-618324820
1648783454
822967931
-685927921
-1678683142
-1136901091
-1960548657
-824144053
-239278887
-26945376
1687146219
1782284117
-462844332
-1099302103
-875105415
505648675
195252171
-1711462391
-569317419
-1920755950
1850748478
-1766219619
-1829689616
-17670664
1457555914
58551418
-695087496
-970955399
1259390834
1824831975
839116853
191291033
-1485483230
-187281013
-1588566602
-8901229
490094065
1267143015
-1558531540
-925179928
2062548134
986030853
-1514144107
-2116718662
-2063398275
1366221041
-1243829220
822241369
-168528854
1761517416
1557362879
1512685598
421367582
1270336591
2038977074
1098218360
1628004616
-1961223578
876278530
1038413123
868383646
19573693
244035069
306391136
1111249052
-1787269274
745999313
-1692764543
-1188085235
-1206114709
-524607757
-1385699260
-1854999864
-729857022
14922178
-1838198141
540449597
1924406527
-1452756245
-2109649687
-1386256783
1004345993
-1424194546
227149257
1915820870
-205003760
2128481954
-648478934
-1480747520
1119663230
492618517
33491238
-1413753340
-573485396
-1527060938
505482611
920626145
-317569769
566022359
905150530
-470346860
617384147
-923138643
763071047
468150023
-1116965954
1718567291
-1997520872
-466152229
-1694055943
-794891921
422017723
342554470
-1913442668
-513836084
-660658823
1717102591
-1742231672
1800267464
-110291720
2129807992
-1166127895
-539760201
376224648
70077675
-1728073893
567338088
2007191228
-1310990407
-1729232443
1224063182
138949181
-22304305
1038430789
-1211456798
-1251427366
-1535476437
-131129757
-731895096
2080089314
1742671774
1017796232
1343919408
363445429
-226624557
1100293296
941192702
1775677592
-423670129
-1300903330
-340571859
902692041
1912153146
-478926384
-1684589072
-1599776045
1080564381
-1056420236
-2002427878
380059939
-1936286996
-551253862
-273650754
439175130
241188871
-1975971734
1566643994
234587876
1288625404
-1344642025
631180976
78332232
-1914509360
1806882132
1785749429
-1698401855
-1741599617
1123744263
-1586287441
-485815154
1079831616
-734268356
-483686311
-1619129722
1611812108
1708770651
-1365665079
-489451154
697318753
722673821
-1138068268
-685847154
-1439666109
-536383300
794310065
-1409199999
-737192573
153814250
74737371
-1835857587
857911875
1822202115
979481148
2085169587
-385696328
1934535941
-1934600569
-304771897
346146353
-399876161
-605880859
1417507522
342532696
-612843320
-975709485
-1258314218
1241412280
1413139890
-1179898039
1544510914
592344959
1860669056
-1355898337
585789671
626458244
-997522092
-329840980
1676062619
-980636278
-1648892564
562068144
2084271357
-933385018
-446085809
-108200333
-1626749303
557610398
-669990846
-1008211155
1257673901
2076330419
-1914651903
2110712744
1020260508
1909691937
875151275
2090818340
-1477489823
1351665413
-1147329283
-1100992902
-1919413706
1099059007
263615682
1050594179
-1867301867
-820582280
1773159818
238514873
-1069704049
1735872358
-964658278
-1425531105
-1043853347
-1759313842
-291298014
-1424555938
331732020
-637683766
1195009461
463729456
-296311715
-1112687668
-243456779
2049874945
-1912641660
-1884868382
-1495960435
1374750675
2006813263
1681981371
-1867849372
-706152607
-452045518
519311081
-773577714
881342599
-138095615
2125321447
149873798
1892069856
1327375046
-2010413474
584287514
-1160313680
216871892
-68983645
96872614
728295684
1488216860
-1722421116
-217749500
1702012952
-762025282
-1896282812
-940938558
-1641195272
-1218605853
-1467277341
873813781
1736819561
1621690057
633165473
2044480782
16649480
1269702942
-184105787
-1110286069
-199584588
2028433810
-1302565222
1570720111
238460969
718414247
-608902726
1152889749
-129777683
1146769099
1307514254
-99519487
2009140590
-1792747609
807948308
-605157928
-379213972
-1541920071
-502983965
294194578
-2016669548
881519136
1999459436
2099237613
891442285
563640502
2004650369
-157161948
-1866656137
-628571037
1953121051
1336566880
1319759761
-63315536
20472919
-949710993
-499139173
995052698
2025862338
1341500595
1265748315
718529192
-108539179
842096476
328525476
-801576385
593349314
-2030243367
2140402356
1768799029
1901122929
-1424407925
-1786555170
561044643
-743046203
961693627
-1873189528
-1804293122
1078975010
1670274766
-1467228490
868147560
-556982221
1411832502
28359847
-1542748861
-570529560
-376011348
105066046
-1129239801
-1232234818
-433976805
1502838148
-1823636139
183689282
250181343
-957148755
211724108
-1776871209
-1592700242
-1835274375
1621002010
-624213578
-1683688746
1323654109
1396413909
-231102666
951781672
-1118993182
492994698
-554365363
1535155508
1492800716
12218006
-510740906
-228727626
1574032253
-1263120076
719598355
1202433871
-2039694821
-1967974313
-337485066
-542680713
1244404976
-1442586438
-1433729637
-356615503
904220562
-917868748
887010969
254460673
-1960483005
-1853125296
-869969798
-1620460645
-968884326
1985223452
-1037370361
1940086492
141763938
1849485889
-827822136
-171066499
-744191039
359183956
-1317985334
1653282565
-1764069476
1903742570
510295458
1587757951
1876217146
-1322630159
-1896138574
1372593261
1431424039
-761875779
164794026
916479740
-791509670
1731262049
-1579490223
-340569736
610502553
-1790484288
-1071382907
1875045889
1933491740
-1319483933
-288554112
-1491499905
1767021936
523170059
-55128996
1634404307
940882590
-1200335094
-414496040
-774276530
1019490444
1850743246
-114358436
-1150341786
-1750960222
-1048596162
914225978
1641072806
-1695575120
-1692218040
1099254582
865356774
-1646216178
-201243334
-503339448
-255229764
697754116
309340241
-856535905
1209241394
109885804
1293861775
10814185
-25515592
-1370871914
-1672630063
1326413265
1561855068
2040872043
-1870707936
-1648700983
-215119048
1572280788
-690887610
213816073
-1906439126
-1691521700
1831483300
-76820010
1691469770
-1022926829
1146885699
-1599435001
-916546152
1532436661
-639715288
1262535876
-813021323
479161356
1854512875
57884561
665868372
-1233733742
-509799030
535593866
1241313841
-1320164775
-399353478
-606715408
210265921
-563965905
-1235435265
1339433699
-1125172630
-787770628
705065661
-1821972624
998585077
-1725954449
-450329971
-1139595314
-856066175
-420216359
1588037524
-324587035
-97721286
2063598680
-199557230
1942211599
-195358645
1160675128
878121847
-543956959
1355396752
-2071125355
-2013949637
-133999956
1111061904
364105796
-1282134290
1375046271
-1433527638
-1762830093
1816881934
-119640976
-741086067
726427534
-347955688
-653734053
1747626221
597245668
2121994593
-1073632149
1668688242
1135291786
-63623387
307203991
1933566964
1988811775
-1997529120
-1575875473
942914021
-1444357872
-1355454244
1235041048
-2074752242
-62519171
-1855496181
1004634517
1488338814
249681885
1239582998
313535815
-1740424002
-279159362
-97570891
-185491274
581466697
-617036016
-939404479
887757201
86976826
-347162942
463353734
1022776051
1334321991
889158573
-132501795
-939948057
-1164602131
-51494735
-1472564870
1045076526
-18311443
1900583709
997529090
-1467588289
2063231734
-358671532
1128955745
1267295630
-1787801693
-1339833428
-757148711
2083752977
1228152743
-1726051943
785076573
582776319
521875526
-272218870
-1296035041
1418172634
-696769786
-1548832238
-620487578
1020482224
1787535014
-102602549
-764756827
-1601274211
2039685967
2026499958
1865588937
-1001108077
1114926601
745491175
-877386286
-2058983587
452403055
-1900039905
403292325
2054789088
23435686
1164132922
1765183263
-450261853
-1937159797
-1914901621
100427373
-970168686
998625067
119724293
1926492826
1466377214
-145114761
-1610475300
-1970357399
1687168744
1627572536
-1046063765
-1588321692
261970815
1689186112
1875429720
-1322799564
-1223703834
188905954
-1969761803
590886707
1059481145
-351328861
-1013267479
85772607
1998517713
505349425
887875087
-2044899631
-917858105
-1288604525
190625437
-202221235
-1407078217
95914913
-424223096
692624026
1005163974
-603929673
-1450281177
1611260917
472616677
547341477
-2109700586
-1758020094
-563312042
1075481833
990040924
-2059866588
344545903
-713529057
-174555696
1162378509
1360231069
1114861240
-1567559240
1174540952
1397137579
-365269526
-366139982
1105640149
-1494245820
319524583
677462487
1433036901
253843126
1925123665
1009194268
1253558280
488426744
1339870444
-1900544772
1990539636
-1751282195
323921556
394994515
-1648361112
-1844708630
-2123578254
-1738590579
957352191
-886359947
1665162858
-1754988545
-1719157175
-1477393072
-1246978089
521305236
741927447
-1383072331
-218848390
1232886700
-375353578
228855522
1729149614
-2104620992
-2065095138
-1123606825
-676039711
123117641
-1910256692
-1047679907
-250997697
-349995422
-1855048883
1086942026
-1489012561
730282411
-2046528900
1114054915
239833602
-1795801103
681245487
-1343273662
2081615977
1217424907
1162761678
-1981191399
1082462760
457263750
1950052644
2078193207
-223123063
752273028
1772919673
1572331624
-1937879534
-2058835744
351566047
-38300830
260263161
761857942
1355909836
-82175299
-1464103721
-1462209694
-1563812631
40874563
-1544537956
1738455462
1301916456
1649865834
-1743379005
1349738640
-87681764
1972448542
419506630
-405847685
973353604
-1899850558
-1393372462
1972561302
-1619485400
-154355848
2089777086
1772325059
224052200
-1194226528
486527801
-912595263
-1353868527
-1160641889
1303682627
-1262209396
-282952206
1472398049
-1599808034
-1167919101
-1729096273
-199216608
-868820988
1860597707
-122660524
-122425115
344908763
427240819
-1019872468
616587343
2113833255
-1703323688
2021316435
690843410
-1224629505
-1888322613
-749848694
639382210
886995395
-545937168
327352394
-1551888047
1708722252
253012200
422255387
1751285462
507043941
705854642
-1838239195
-1552002161
895771258
-1913271218
-278720249
-416547287
1296776335
559951011
-2127675673
-899148226
-746232717
1660510114
-1996380727
-1789783266
-1070923468
1980494506
155671332
1092168401
1841100757
-857546962
-1123885646
-1909875364
381488958
265163156
-1742775161
-674435005
1007673203
1303247456
-596452507
781442639
305266697
-1371239023
-203503538
-1157038191
1710041556
-1181985718
-2056530343
1419210150
2060533733
-1472432971
1523069385
-176101317
-1316981837
313185316
-1301520037
1752382931
958199959
313243512
706504926
1594162375
1360657021
-1927248442
-88080119
2120069262
1184418776
-1092775625
1390803080
-926011586
764837590
1621690927
368317015
-731792558
-1715642923
764641456
-1807354541
800652717
1072756500
1611438081
965935374
738991071
1474473901
-887304054
203168738
2101440166
-412610110
-1470657535
-710947256
64658614
1730890230
-2035896373
807681898
-397271620
-1394505697
474188188
-1987320074
-2137036384
-239454407
491182688
-1427961804
1463310347
-1888141155
-898356387
-392082854
-347442136
-1967272335
1065537944
-386137570
1011828909
-917880478
-815185032
-904200051
63629340
1830374800
240493737
1556806427
1194603845
-147885366
-1102533565
1852170490
234532880
-1162394629
1257654570
-1621446225
-325727623
-1332071965
501328055
-1203525407
1774586330
-1160852215
-85949545
-1626156173
921729136
-386616593
294376691
365584853
-1140774121
-727344505
803364817
-38319209
-1966481576
-429509658
-675043655
2054821950
698217893
1805176631
439368091
-1735204517
155012066
897515249
1655078384
-119348776
-348931033
-797529780
-2000595682
-152623467
65749956
-999146256
-256883424
529871922
-1962207611
863173871
-2106128538
66827822
-2053234122
1002936309
912040441
978750257
1948239465
-515866946
-1328517406
191283877
1261814902
-1112625721
1536013772
-36413558
348826562
488169031
-349389848
1734931594
-1465104828
1885229664
-908431856
-246452917
-1140471483
-1732398958
1339951406
-1300850428
-1102721434
-1691770257
-1960418081
519653970
-2072225561
-490984812
-24198062
-1773658036
306015013
-1456151081
-1037741706
821972180
349761636
578661309
-1245993388
-2079593424
461438671
401883694
-1733556040
645251544
-1190939204
552540267
1262763031
-1164743023
-1974584269
853425471
-638513748
951219130
1547871152
-339147660
911474403
9803749
599962408
-2130964600
1360966139
1588428968
946724425
1489153441
656800998
1650496949
-709825274
-197015875
-287783309
428179752
-1565911214
1295631917
-144371282
328524064
1078761770
1037580355
-1432888442
-632553840
979043033
-166129846
338341552
1321442647
1400883575
633521078
251400651
1587231117
-482354254
185058204
-522308667
-1375058401
-973390128
1737155939
1652128380
-693223267
1609299956
-819211844
2021054376
17149522
475252127
1625004239
1744832503
-2064296299
369978745
-1056381258
-1595793287
364269150
-1363238319
-768177362
-981397954
-866080485
-2110536094
-767145845
-1164907460
1127211716
-1673589288
221060588
947147638
1339774764
621331858
-1889173328
-194180773
-970040678
-497630680
784808232
-490819477
-625948776
1076706094
-692857203
314138400
686429706
-527722822
1879174708
614220043
1188450177
-1926502109
-1660904960
-1516329412
12940497
1733569803
697297431
-1435491097
2069047520
892630944
-975028777
-1570328253
1169011904
306031902
-481970165
-1885614155
-364857088
-1265600105
1150567001
-257407698
1749622847
358388214
-1428433921
-1178605104
-1424152831
17072449
-1850216514
-1562017321
357338309
-698710499
-118452971
-636960586
1802125910
1049576599
25288882
1079958144
1167206753
-1582084063
-1636583387
-731363447
-187516601
-1975987751
-1390519082
-1138975155
-741630668
-1930244335
-1880739271
-1495292017
-179331216
-421276661
1901495103
1936789701
1374254581
520488708
-417910001
1295671475
185091136
609412979
-71285515
-730525099
1100080747
-1477362286
524906394
-2015561215
-756655749
-1395392995
-16568459
457267405
608228599
1232938585
1659505793
-561429971
-568825415
-2109483945
1845233456
-354011168
283851271
-1834147975
-1119657825
-1304813555
-221467
1465611573
214512138
1701050792
-1639985500
940604952
634750849
-1283919078
1529731262
-1636184306
-1106644516
-869939423
-102823195
-482284832
-1505836053
-1664187404
-240315559
-1688512515
-1311084814
-1597955926
-165383047
1277152892
1323151955
-1557035813
1096883613
24232545
56005261
-1275337081
-1319420638
-828060130
1234652005
-1466654154
-1553555515
1825423709
1621995873
-1889865375
980955444
2018465788
493532797
-554294512
-1175817758
265084249
286328345
733690564
1085470234
411910094
549252144
882055574
898122327
1140676735
185007055
-172517985
1821939922
933784402
730212547
-1809833062
-1603826597
1223303998
-722646892
-1227032888
2054253676
-133329207
-708104526
-1104561389
-1433346438
1606475979
-1733044242
418336118
-1894500210
-838993545
-234071765
1123948187
-1472892652
-1627128933
723158356
515959749
-1988053005
-1442942426
2123660944
-289236496
-1880945443
1304087019
-973363532
475954997
1155229415
-1433066588
-70147335
-879307149
-874626725
1372701240
-596810002
1855035691
-677076531
-1440179904
-249464144
-1209590868
-1625494676
1100791751
-1094455209
1878771567
-565898343
101829457
1824242867
1901107140
-1281684547
-189966562
-1145149641
-263439187
-934710185
-869057617
1990477109
-558299127
-1526469293
74398345
191411275
-1068365580
-253257822
346497592
-1043396579
1450965357
-1467386
-1992511850
394010435
-1142103494
78039853
-1386829492
1642058629
-1748002552
990161665
-2065887591
-1538737851
421428437
-683309762
1703688786
-282074564
818091154
-1523168444
-677420759
-193882264
-1447136253
1446404910
936565297
1308835397
343444202
541504034
1367538849
1090903354
731038307
-1253148694
1219794391
1092088662
930909329
-979775549
1830828960
-960456901
-1194407302
1283385973
824835766
184095066
576531503
1062491555
-2042412663
947479904
-382013648
-558635932
1405925186
-1530954001
-1931305203
-1247081199
-362098940
-1643121263
981908560
724750432
203362164
2083167209
1049324954
-1386840655
-174250373
-2040771029
-460873973
-1139677016
1601876298
1044034509
-1557253145
426042363
-1975189346
-101848962
1415982709
-576514676
2004376901
-289980329
-1125977558
803502010
-1761046305
-878470321
670827527
-1947460621
-1780304151
1883962356
1586883903
1176502925
164403703
-1150921384
-1461443556
-326755370
1652957504
-1407204280
-454680798
375899753
-2091543969
1586538436
1962931828
-1669439806
1802480472
-1155248982
-181323914
1453372437
1530452184
-389209933
947048115
-1290635686
1886194880
-832200541
619654145
1947464108
135264484
-1082821188
458622179
-614356269
-1696615921
388396659
-843097811
-1640451809
-870318262
951877222
-878207506
1349368183
322230621
-1700900468
-1127665015
124933809
-1696145770
120389293
-634026971
-670768349
2106900168
-1333103339
-565017785
1744629625
-2009013354
-1723383420
2005356476
309283528
-946153231
-419781016
-2136129861
1552021475
-1239926306
608666445
2080939851
-1778801683
1495868796
688111508
1272897762
789541423
-1580171195
677325922
217448526
1454846251
715687316
1363284443
-1784455464
-160740111
-421499546
-68494448
500066214
-871034192
2068327012
-1001023435
1269671777
-1124263537
139166752
1383022743
-2075444713
521725117
-502394465
1254226380
1212658529
-1916267834
-1762797545
-1016674645
1394664648
1835314728
1019908600
618421374
-2018236828
-617647322
382460464
204082934
-1240857146
-698736933
-1874790485
1051789151
1593016087
-1333847151
1507353881
662518548
-1746983808
-1728635309
1159147763
2097861940
-2033264692
-2072868416
-1562222146
1552680853
-239273396
38119969
1298041489
1476818680
-2008402181
1345593022
-946005035
375305854
-1065661727
1299776621
-1496875956
1524336219
-639602757
-1014057621
-1259065772
-1408120376
1140215003
-535678354
1574077803
-1413126082
-953511347
206276858
756920309
1096453600
1508680251
2108017395
-1366288067
1916141368
248835218
-1409913997
1394370489
-1910344667
2087968996
672994525
532781969
-860082668
-50095473
1149389874
-1683746462
-1421656722
709208863
1653372322
2104323390
189278801
-1433884944
428346982
126988791
-106040191
1164400664
1979264972
1748502685
230137504
-208815229
1092202387
543816772
-662259555
1122905182
682127736
-954978807
-103572118
-1433181767
610516496
193971543
637491185
-589159833
298955480
-920903578
-148217016
-2031627480
-40427638
757369092
1979365922
1434534666
1422812337
1302720920
1114565001
1341610507
1976903551
1069874786
-2134697271
1097174531
404811486
2028265223
-1253554001
-786939456
1662516676
2056502348
-1956834317
1011839602
2112683723
-206979551
-759502094
867456841
-346991360
1531178466
1916893343
-493430948
1018897914
-720078632
-2087350597
2012346828
-13012690
-300542203
-1903689916
-410733527
950126722
2101910048
-242476758
-432096493
881360415
-101127970
-456344504
655833380
-1506976885
-1200166285
1525299345
2120060941
-2070661642
1262495319
-329618294
535988222
1369568211
1506679885
1275582199
-1696951989
1502336938
1940101280
-1000108071
1484782668
-1636817876
505710767
1726569623
973491076
-1580438137
-1166535764
-598453382
-797047804
-1275646981
242023328
-994721186
-1613062127
1443324845
-1537963343
-343454554
-964524028
367949243
-901214041
132936816
1315648881
-63607152
1838494892
-1813576951
-953031541
-1743755912
457678675
1770325155
-1530693689
915390838
258916571
843467589
841773502
903903061
-240404557
1717742850
-833345193
1527354620
-343696575
779710829
519347236
-660165114
1941745374
902144587
257065740
1694760338
103629093
-1803930742
-766538453
2130334038
419609453
-593217934
-458562315
1345720826
-873749101
-551515111
-1025350751
-1971979101
-487087620
-2062169316
-529983804
285434317
-1163090471
-1539683189
-2113012677
829357405
-1526664788
-1137077211
-1514661810
-340083722
-337801717
1091274692
-1135916527
868876682
-171618140
1547905562
-371490291
-512277196
1752739201
-1115566947
-360038624
-79227323
-735127413
865529024
-373000799
1184751260
1686174548
-609996701
1012221127
1088353851
1118602000
-316656245
1445207626
1546705941
-73544988
-1341511339
-1195686838
705407020
461678179
1498110503
1377681776
-227276069
-859271084
795031849
-1841152173
-1844023952
692748729
-95584525
-1023779044
-1332017155
-549538548
-732338297
811890796
-591069073
516479435
-1583072895
-645930372
-1703156001
-1893106633
-531067763
2136615813
1090528040
1643357527
-589032
1875763811
-763353159
-592578749
-1056674999
-1389242764
-213025365
-1112356450
1136950066
-1864240698
1666055701
1549208163
-748184510
-1720118928
-113849185
-157817115
1183152638
1092976704
300148565
873169168
354764784
-487065706
-1208459331
-288279308
1395651295
1772571279
-702508758
67252868
1396158783
-1388241051
-2112821166
2112581530
1145284331
-1713218796
-1661923298
1466316349
218468369
-300407999
-2138269759
1630851878
-1832212628
775199319
1688167948
1016932480
-1848099911
1357953523
1445301759
-1311561489
-218650525
1265037185
-1728358238
-245268780
-704862848
-2063048921
-1013737451
501146574
1179394816
166260961
-766011418
589491331
471409443
417106924
1705328290
-1173009249
-26195925
497165416
-1080740690
543086364
-696121005
-604012744
1593582679
-1577861436
-2027502849
1098567724
280454950
2078464756
328668724
512595554
1619440761
-1001524063
-251245751
-1342285079
-1397119666
254500768
1601416158
197473702
219226466
716268577
-505214963
-54969221
1520568698
-45073284
1148967647
-880590683
629650175
-1037587664
-1022246398
-1271628187
1258948816
1412525351
2073050296
212214498
1153721683
740953150
1089398289
1118882893
-1667794483
768988677
1811062363
