-394082327
-1245647500
792348345
-1274302895
-1802650085
2024087235
-162728048
635057554
1284559787
-1709940575
877063968
-1849787248
-2066305349
-1252605773
1360467934
-639890885
-1488623038
1137536965
-1380470525
123555506
19973187
1692607979
1219578344
-1921638905
-1436255423
1281107177
-2071880042
-573795511
-1317892367
733576404
901458333
274636734
-505915343
-1871087880
-424968412
1973078640
977841209
-382121220
77841729
-1077484566
-2087158001
-1118141884
-2132812405
-516443581
-22103744
1343270294
968758252
-477570725
1487877324
-18722561
969041595
2033484644
-1146874527
-420337161
-839009271
1121881508
375910348
-636210237
-2044553158
480198008
2076603564
-1358688742
320219607
-237649509
-1779395992
-1521964533
1986379427
-1077214296
-1413725598
933978397
720762347
-1930326563
402093420
-35202377
-1899871198
605522209
-1952918662
2039768002
1675140012
-1800661177
688931481
296000652
1428573946
-1819701868
-727422688
1830461679
-144146474
1590317950
-890659036
-1886449998
1088663551
1128688054
775029552
-227373522
1084966648
531881320
1033741877
-1688354508
1635459356
-1874547775
-143850817
1278655534
2041740278
-499066447
598160233
735210884
-1558129713
-1581005838
-12018541
523933504
2001372807
-525341880
-1035600559
-752402700
282349480
492617993
-17097818
-1530611749
-1507724873
-1783220257
-816087055
248359741
-718954290
-2135024436
246346663
2123547416
-1037893017
148601966
-1794459838
-503325956
67229305
1701091460
-682384520
1716050742
1576639944
1301557680
849652144
-1394171344
1763758457
1793272189
-138909775
-1003577321
1442807780
-389300060
1772864156
-397014850
-1343331667
-997460597
-296043236
324779970
-1224162795
-724515059
-1258816293
-1402838291
990427533
1871470464
-594365641
-608823585
1992995212
668298227
1598414133
-1370490390
-357686622
-422698057
-1559818571
-194813634
-1730742837
-176831456
-306561817
-1331739579
-491514360
-1037073268
714292221
-1282377136
6620971
-537508188
2049238049
909618803
434214386
249857762
671682985
-1431294548
1013183831
-231976622
-2012482423
-1477250230
499572006
1460879003
1282958089
-1869375604
277773775
-951927488
1992958903
34276487
-9675395
1056779043
-1629068642
83760461
1534816871
-1177779381
-230046281
-1926462645
-831320475
1447535590
-1348545377
-342440461
1055158213
-807964527
-1423530102
489670810
1635781471
1010128086
1888031095
911841954
480044006
1576069877
775993764
-843416101
1812824705
2112015078
-1054156732
434763558
267609241
-414268002
-351696273
994821467
184218356
-1512566639
675475802
-798432660
142038530
-1785846408
1461096647
-982191414
41335671
-863937965
-937058114
1102104327
-1872961255
-1095076431
-1530771843
2101400508
-518326054
-1721711825
1447356588
572048300
-1778828759
1418619965
-1310321963
17532969
492287108
218831144
-1047618542
1528925110
1158756177
-1004462509
-1426651897
-1387468051
193225454
-1673414201
1049248018
-609364062
435435270
-1049549585
1578065601
941066825
1009955366
482049691
-1553939580
1068000660
-576891249
-1233137330
1622077091
55455840
1805428813
-999376459
1496840049
423201233
659880072
300839284
-96716094
802290619
-1404562919
74334760
-1416893543
133058371
1435278176
2102371497
1016101669
-1037367355
-533118636
1487638671
-378532882
879962104
-1393623078
396279799
-753376181
-143809200
-447800485
1043327879
-1612573673
969158051
1910415248
747586222
-665599580
1063133967
312637343
1637786672
798544366
-17501670
1574728555
-2052695327
1891491859
789915162
-972894681
-1072536912
603502594
-2030968874
-946795988
1582332391
23644275
631673453
-907397619
-458784080
-65519594
1172122230
829550311
946141402
-1747629554
1250755432
1300411388
-1522171939
-1979834976
501829436
-1203937405
1254739227
2144458023
64738384
26663097
-1049005464
-1484570549
-1076681330
130437947
136924364
325723506
7977165
-1366839401
-1905026169
-1014847883
-849510538
298504479
1206649684
-2010006377
2028332394
1084357889
1803158002
-1254031438
-965715421
-1076980076
-269969953
-596431694
1464453145
-647181068
308420198
1463164743
2076024422
1043598800
-1719945252
235811542
-1915137876
-305442430
-136079323
-1516093776
2081255734
1275958367
-1862652035
1947115909
12831069
-636743344
-673836684
-2137452518
-1282141140
811667873
-1162941894
1799756602
255278919
-1640012264
967574556
-1133731607
1056134664
-1831346871
1557602638
-2056086305
-180847894
-1502655704
834448875
-559805388
1170838314
2064971231
-1974563271
297523287
-162428757
-1684898846
-466678480
-1059455676
-1963964903
657164095
-304238788
613506805
2136527185
995418682
1452797249
1448542745
1120675840
1055899929
39590880
1010015235
869450377
504321339
-308477192
-66343451
-1437540052
656145775
1478027631
1047633725
699402084
596158338
-1943070414
240814990
-879081073
-595314919
1681596281
-748308653
1818906836
-128318015
-1439871665
-84811728
-683853504
-858664892
2064399441
272292970
1052880434
-955210434
-528262219
-1469235815
2075257081
-1753110289
39766414
-62592356
2023519675
-1318665647
1494547533
-660151092
-1367743848
2132706668
-1652359030
-1175081869
-859063026
523103977
1225281284
501414015
1826849182
-1745763099
276528870
75019634
-1196006992
1237627144
474044492
373194652
344785843
1856268245
-597423356
1107299468
1579983240
-1406045886
1092652440
-468961341
369699104
-158701941
591161484
-1576294741
-1914289309
691845442
-1814662685
1158232007
-297310893
210917291
898186472
-1640648406
-680702095
-903560634
1088307754
1033069101
-2053005473
-1055693140
1216152519
-1152537508
-1988667450
-238791778
-1770933779
139175856
1303478905
-403465638
932909982
-1748216317
737104090
-1052315344
-1526220878
-573695553
-1185980804
601910101
-519654878
736781273
590477833
885283319
-1087346302
862571773
-195258266
-1097618799
-1611646769
-1629221366
-633416172
794646144
-513808021
1124240321
322677465
626964437
-1529722524
1010002360
132101023
1202968427
-897949188
159799444
1276622491
-831125444
1869681253
-489974922
1627964849
-1495768080
372445899
1822474421
777888534
-1598620490
2060297112
-1080120882
1358122038
-1257842601
-91198221
-476709224
923324120
-1260255096
1065308808
1140365243
498388096
-1597213569
1646739342
-764416926
-1834659820
1820534728
220540677
259567407
911530434
108083800
-52497344
-1041840529
1479132448
1745004002
-538867806
-189525105
1168338324
515808361
-1991189588
-1045447219
168473845
-627559402
1125219894
1456141362
189911154
-444761014
152340988
-1910809922
-1255571534
404377591
-2035110820
-579168539
-351268291
-1723500245
-896842915
-2060603590
-1753161958
-35390995
153671667
-462015895
-1750003016
-814248372
855406720
312105323
-760154351
88783796
458602398
437295348
1050089996
410911107
-65711333
-45197778
1355609634
1667170011
288671556
2021700268
501940548
-643063367
673010278
-328096871
-1408481796
-1762610362
1701653649
608880687
2120215250
-1823189651
1215428511
-1928678545
-1673442320
722617773
1921756020
-1046962930
-1618638072
1123612975
-769949050
-55726674
657963381
1100211738
685157023
-2121639347
1139474592
-224358874
613203425
-2132704510
-1822659419
-1372512657
1408124938
2143963365
815021365
-809977717
-1763714055
505728847
-430907203
141211870
2007661937
132996163
562298312
1427607084
1478648604
1421642795
-1957941599
524744303
132732113
23760070
1801212731
754496746
797059609
615945056
-1754555051
-1485695619
-1019269905
271778372
-1067992359
1896862011
829252807
2110386543
72663685
-780588999
1153109457
-281735546
1427949260
-670415704
1324859518
1795098632
600519422
-1290192090
1966148930
693368775
-265398618
823802960
1024888987
-1656127340
-2128886990
333237147
1622983506
-1667329223
1157259225
1197805412
-1853486335
1937641131
1602181049
981569092
426626772
583970688
1506362943
-395383383
459904147
1095631518
114771403
-840923742
-1135580705
1364938548
-1643133806
1373494777
1845042619
1647487982
442844102
-1185781626
1648627278
-2102938780
-991599371
-1137832766
1271762662
-1737323566
1197533614
1237997722
-1034802624
1092171278
1839303017
288451205
564020486
1403672502
-1282621016
1713432792
-1888033640
-1138887512
585172057
510958168
125935119
-1115436105
-1238570882
-632720368
672002430
644762266
1047937295
-1125961627
-805137030
-695972569
-1878966754
711705447
22378204
-1139598399
-821691332
2017804393
-2070056764
-2145559281
153429531
1209795795
1438187745
-1241846034
-1303212940
980433974
1333099504
208198312
368498730
-785706592
14059138
-1608001435
-1250444625
1598366257
978703873
-818211359
-429375321
885589230
544177652
1589654623
-1298584886
1607859156
1531923841
930394589
224096526
955523632
95945011
-1383321208
1371886596
-196301779
-8041218
717117298
-1075011455
-546436178
1052115583
212478849
1225722241
627904093
620484487
-1189595222
-2033468343
-1766766332
60985562
-595339937
-1239444789
1204577307
477664563
-1058578875
503810125
-123658847
545205387
-498191318
1908626507
1142428719
2093543322
-949300170
-1444130916
367898441
-2024723555
-1918998177
204670932
-519718665
-1459667366
482513442
-640146198
1919319188
330640993
517819759
1998292249
-54100251
192480147
1576157924
203862794
1672815468
-1396923417
1034148414
1084627506
-988294402
-809486229
-1970678260
144088441
2033874835
-565748087
-1521850972
-1459391460
105603420
1436133772
786293339
1892315347
-251139813
927676513
1295297519
-902097099
-1696570450
-808295519
-1762011064
-1731779749
53426923
918276046
-643519904
-2143197244
-561496141
-2120339492
-1716124546
328344952
-102594239
1426334707
824068521
-1114226065
-927959613
-711384973
1318806108
-498007502
-1575051221
-1002129096
-911878027
2129536194
-68427962
431893790
-327205261
-561213511
-1646681588
-708366905
-1604102688
-1633163857
-1462420166
65331099
570468620
-1434865697
-2047869410
-1889905136
-713782277
1594949129
-1673193807
1117261867
1951512736
745119897
-1756776726
-544720571
-1795687862
-1598398201
838133584
1180152338
-1812554659
1556339841
-604899119
198714847
1301975109
1616897224
770285010
530034714
577011368
-131364009
1578827911
1754191383
875706330
1176779465
-1338021245
-972170991
380254101
2041741947
-129478254
631153774
-1154535447
-970753936
-1875845690
1579211846
-896741519
-1690577547
-1021756209
12177445
-202492217
-1868681339
1819498128
428496400
-1128148679
2087712366
-160581906
-122105402
-952793924
-700508493
-1472020246
545123399
1076981024
2061788852
1356824305
-1295597671
-1855547771
859652620
1572250738
-1998095671
-1553306867
-1202129094
-1110862671
503693872
-164706350
-363009150
121275098
-1047375881
-692982502
1177327893
-11010215
110991580
-1363100215
1997589359
1128498792
-11830987
978911766
-278151680
-1755716631
-1251594699
-1394564735
1681785102
-1633845131
709959533
172099588
-1525004071
114289588
1839217813
743254664
-1016820993
-1024903186
-2103381108
-826286438
-1566896606
-1049560350
-1771175267
860846430
-1775349817
-1071249450
-1309168892
1446570435
2052514945
-543213841
-1577187408
-1837383176
-89737650
1767951810
1251183689
-29891554
1560626496
-1366860502
1352265843
-1427323330
-258159009
-438163365
-1039398060
2111078780
406355149
-1151047369
-1039441068
562307212
485624107
-1451883040
-808421853
-157425307
2064608059
-601781362
-469172993
754540085
98009542
-5864799
-1222659785
-865021548
170841280
81031161
815617258
1539435003
-516172375
923015045
1821049876
-1478238089
778322485
1858720794
1538920906
-2045000039
887852334
1121261701
-1219103292
305348528
1402237337
-1289851422
-2090267108
533010746
908465175
1522959151
1732589909
1289123478
-1076406642
1974811
-1303540578
1143636990
212419080
-1183310556
2007935574
1646912693
1155771098
2112064224
140999890
-1491709828
-613059832
469623450
-2133042850
-271182775
1345064680
1274138144
-1437937790
187329083
-1211355132
229688538
689219717
-690037561
1213184581
1052951582
-1422075082
-22075081
-2060753076
1558755523
1591310313
-796633771
-1732199389
-1451004429
-2098605888
1719725155
54998292
1316623685
103834155
-497051827
1187105753
226016267
1134837681
-836336607
960773109
1192247783
1795557615
-815443778
1830660448
2110170276
-1302287647
-1957008181
-810250903
-1430276798
989753696
-289921301
-2043015720
-476870062
-1780536085
-2104436434
-652664238
-1536605308
21262505
1148512458
-26727423
331477630
246754478
-1052472054
-18226317
1606991086
522856573
1407357317
580174018
-725971998
-1909906995
840206227
124142069
38329430
78418831
-441443587
565818278
-2013231858
236087600
1711046131
783310820
1475773862
-64216549
-399892414
-2118957222
680145639
-2144392831
-852351547
-604714832
-1154657189
887907932
-1567469540
442161713
-1273493726
128075696
-1049538660
-777995859
920091143
-668151533
-1342001274
1678325408
-486287667
1938516848
1925239162
367590035
1146809551
-588481017
-1719227347
-1461554238
1195536583
-1645538377
519717209
1998800382
-812784147
-22343553
1918107381
1921869268
-2003729341
-968574142
-73498714
-1112260113
1548529711
-1279746102
-1941086604
1614323386
2030819145
-1146024690
-524217920
1402210377
1116391030
1072083895
909705589
1796144761
714984757
-1370347296
320097406
1739276117
-151436744
145510685
2018832759
-2122460229
51658038
-866388034
-2107617626
1502265918
1067227647
537859669
-281858772
1273924686
163551440
1663209588
1894697847
-2009081450
82554856
-1813813317
940022522
-539626075
1323655771
417377297
-1078614752
1967588304
693252133
1865788464
-590230659
540740949
1517941633
-131585433
172644166
-1965077053
1915764603
-2081515109
1376553987
-1927847527
81564612
1915659918
1424503170
-1153418451
380729797
50631011
1657620750
1295188431
-108011786
828906337
1309893089
-1670103250
-99270545
-1580462858
1534935254
1348337401
1764260798
-1843292161
211996514
-1697004343
-264087301
-1959191994
1586922949
-2111210435
485237274
-619838388
-1036336004
1519175526
-1396712576
-1541150649
-1844522759
662851430
869986776
-604572307
293759381
1715141459
627929382
-1176345741
1062872261
-1412484768
1310529819
1828950608
-1768026229
-668694978
1133830827
180937286
-1825620176
1416920767
-787559716
1699186722
-1212659153
-1068808259
-1221658911
946069953
1702354036
-1948284871
996443495
59510486
44292806
-1458392634
-1586126547
461165035
1427556736
-1216646361
908175578
1887763877
870345351
-1043189449
-1793228790
574353995
-1905408393
-701388279
744185257
-169611384
-2104748769
-451140017
466660228
-654754192
-959629009
2002246911
-1191064803
-1040484416
-200555729
-423924429
-1983589442
-24221079
1379381171
-198340016
657038800
-1813748145
1232360653
1403614826
1770434412
222031693
-1138543934
944457447
-1768956366
2018974844
-1879139329
343863137
861190745
1903372213
-148740019
-811262255
324146951
-743771821
2098210627
824244969
1419985891
-1072202691
178226684
1661150656
353684455
1370334755
-2052924406
1252850100
-979120774
503881734
554898346
1175527307
1729249213
-129701122
269836600
1055187675
-1947616987
-1291330249
-60785179
1013442732
1875610441
-2046037188
917395878
-828494757
-1836693508
1917481335
558004335
624060096
743834526
2053052920
1348234913
250954643
825616559
-1152714123
2112958656
-816838389
-125898588
-1601726831
-595776920
-481847865
-1787243011
1437332065
-345223039
-770254607
1782551447
-1141292757
2108990129
-1137301344
28378430
322780272
-1408053230
-384361858
473660806
-2857172
1730147108
1580384938
2141152474
-210321061
-177039099
-75334433
1078146517
1344122815
-26441761
-2141609003
886729424
-67494944
-1501955936
-1441211673
940912827
-413265836
2090743792
-1432760843
18346800
434984256
-2039160225
-121861237
1071060421
-543370978
109981662
-663888574
1868852897
1212199360
-864025999
1796227686
1795249745
1239785875
225225761
195522777
1285644508
-416183000
979083318
-1245675466
-776530924
-204686096
-959478875
688857912
1726295854
-1449375929
-926396217
-128281763
-775661675
-1230823757
857178700
786109126
311836410
-1125171092
-1093174930
1305684065
-1279486289
810338079
2016842600
322828873
324756533
-657398290
282698281
1679714924
-638350573
300617659
1310768197
1603328365
1882955753
-1278554458
248813611
-1250184244
-599107388
-993194029
-646846819
-354865852
-1954074958
-225712272
-1112842148
-262746508
-1727331175
39325942
-1743619294
-324159295
-1872500924
127119278
-1318979116
350274682
1347173054
534385526
-219886601
-4465348
-384374557
-1588034108
-500764572
-775798633
1419207987
997745387
-1631236297
-1854962959
-94004759
893059997
-1056129267
-1282834774
-1194651061
732707504
912763245
-1434480256
-777521597
-304583899
-996343162
-860500939
-1468814545
251624037
1574602778
-228525969
-865718795
-1014095156
-1062241350
-1769826082
-988513703
-1644467605
1337740339
1306675107
-2120510574
-834649591
-1607540152
-321644816
-132447719
-310669205
-345340768
2138167275
1576590020
-273338923
-2102032638
837250007
-1502174445
601265104
985020607
-1110408331
1975494346
-837270228
-752105874
-660049753
403608255
-1081134520
-320404770
1278406231
135358709
-1233805936
-1479390392
-825294186
848306664
1920943174
1947663044
-1122803961
281775914
1732300677
-1620958978
-2111446146
1548702510
1085198723
1227976745
-1355405597
256574051
-214379754
2049742386
-2036520356
2033435012
-2042022535
1511945529
-2103272789
-642714322
-449123249
-513478852
889865172
2028721842
-1000188953
-857392875
-1181574398
-310181332
-1915312192
704506022
-189300054
-622833196
-1736581808
298791505
2006625520
801151635
-340465919
1673857454
1143291978
-509469223
252355451
-1244259977
-678649246
2009580717
-266076888
-1331312953
-6386367
-322144251
-1790706188
-2048478333
-1630088535
-1851577769
-111486124
-1287752680
-696028735
-1785371025
724254346
1522691174
727835383
-1650755709
1011174694
-550434821
1516944929
-1215922556
445330895
1418314116
1462705893
-735704906
2146125123
-1730564737
-1786942629
-2078803070
1681377179
1681488949
1933140208
-1098192502
-54183469
1565861607
-1616016499
489170174
1224445834
-1062945721
1767541495
-438557907
1787793669
-1627324375
1017825912
-142015138
-807037575
1270207098
-1959293249
-753378591
1198464393
-1646292624
649494020
1948151904
-269938163
-67114237
-1837824401
-57491334
729328404
1183437211
1287210682
-1287235182
251740972
367757322
-592028396
-436581149
-1947362592
228128955
-197377976
-1551533353
-582266751
1594346540
-64387298
1234849945
-1447063511
-793644391
1646772737
-1313715480
784875516
2102039801
1268861665
-1699851730
-2027082575
27042093
1734979418
1310213072
1522072144
1665754487
1400903958
-1847378745
-1467359940
-1022300376
-253405073
-1353877137
-741974156
28647581
1928688983
-1101013345
344110613
706982507
-2075202949
-659259399
543648547
1973588953
1867509414
1190049666
-2139988088
-1971495282
1708421219
-270228876
389507419
-1838558837
1097181158
539170643
-711585178
-1899722918
-55155924
1500670269
1194212066
-182035577
-1219137439
-40661882
1144366212
-505007281
-281949567
-355307388
-1075009092
-954065513
1193438272
763601574
-368007877
1495662111
1482550574
-1135571253
42913206
-206227465
-1125364458
1603727568
-1448965654
-501216463
1826591143
-883602581
-1078558497
-580609577
1170610774
275216438
806349423
-215562209
-577515902
-1435261682
733996041
-1924568099
-1234335272
-182889826
1338953138
-542736584
1234463480
-235329482
508687181
-284472672
-748361640
1262858465
-967047653
1031322111
456642409
16405941
-423810428
-352890578
-835612169
1658268012
999267863
2068935594
1039042005
-468362957
-1160103474
385741703
566295224
280057538
-916302698
-474997852
891308643
-463138900
-363148785
1184999711
1983268612
-96614921
-1556731504
-1963038709
1047178205
1449025007
-1933684371
2032166752
983725095
-751291081
-2081162629
315029554
1407401010
-1114515680
878507988
-2073957338
828969168
-1202445763
1653616343
-1087518944
356471028
1066119990
1295682418
1651824705
1112769941
-896161572
-1933019997
387214864
-654093352
-1387522690
848528699
916756982
-2087391891
276279674
-1339257628
714356463
1763418936
538026774
-1302979226
-160290946
-1858044364
1798926224
-1983633371
-1497891103
947978900
1131440499
-1443270675
570001798
-118193878
535638059
-320613646
278915261
835361548
-336653093
-1536904943
512636334
-1245979788
220362862
-1845300644
-579281012
-1731228696
-2036042004
-455577131
-1785186038
1986537114
658863118
-1499148168
-1611536114
-608564463
1133468947
386659454
-1325649244
-1360635641
1057862612
1738979552
790186037
-1708255851
-1717389546
-252669671
764943863
1129315981
1721121823
663037232
2110484391
-1687834586
-390066805
1858939381
60747126
-239402786
-2097618081
40499594
-719469504
-429607012
-1961211810
-157044700
-740494077
2114584596
-1182334821
706072851
1198469006
-1314504337
-1665481393
-1676494849
1613702264
155138858
1895393772
603347571
2097709651
1776651325
488816241
-232448609
347542050
-334231424
-1875787008
-1946434471
1853269767
-1578860470
-733806419
1421982053
244700480
-489234853
2103909272
-285263371
1007199316
1464975355
-1857818051
1470964850
473411720
1456597858
567795210
399273852
354119576
-1691334566
-287839951
357535023
-361067357
398212898
-547680833
-1172291928
220041062
1449304469
-971910675
1806736327
-247905619
-436764021
-160770634
-1087483083
-814445051
-1791254657
-570808919
-765761880
-1190807882
-996392846
1417832192
-1753225371
1588476911
2134290958
861679856
1478260486
-1021590973
680967693
602482498
-566390659
1856488020
-499530277
1770367522
-2083791528
-1277759795
-1068080262
-1085984970
1245059910
1955890581
50508965
-1846372366
1200969177
1597308992
-1110330312
-594601686
1630828685
990828489
916604366
2115995624
-227508984
-30453890
1122031531
-599711873
-1569277533
-1550025925
-1557741860
1006376159
263918632
586478810
-835669604
719031083
-447210275
1112601833
1742210042
850902408
1898403265
-112213346
1297124023
-1944554952
2038442517
-1418219769
1470580852
-1830614298
863001117
-4321403
-962836212
-127351230
774430503
-1636832390
1655983934
1914635984
1787202508
-1391767231
1678063759
1855238909
-967971723
-1272674722
-972407954
-137035149
1176906784
1701938934
100361112
-1130804051
-2015952540
-624326527
452325566
1974512845
-334895182
-1181912131
1811512164
-870478163
-2079381283
-1278637595
1771570187
601258291
-114591013
682600738
1853182098
1880664553
-268749363
-603134910
1955871704
2114999756
-1748736452
-2024513113
-1137255514
176399203
1667317669
1107604865
-1912561460
-328551917
1543549751
-1177801921
190305673
-1573895503
496185050
-266096062
1744182831
1996215640
-1516910477
-1436589613
-1267867641
706695293
2135841126
497993815
2103751281
-1043364544
414142044
1098283457
1017200208
-856677116
-1052627131
-351301305
-502452316
1932590145
-589028448
-1382999465
1773280631
138643096
-1894779143
-367881012
-2101179395
1942827047
-1255841357
2014709852
422472950
1160501278
-1764386297
1975212885
559202903
761751698
-1344704180
-1153048440
978994984
1678022545
1301643640
-392671099
-1580776785
169485685
580202214
1289396744
-124982834
1665870973
554533465
-205490766
-1867189591
-77703783
-517660864
-669120261
1510227595
-497875324
265214523
-1276844953
621002250
-1118642920
601404381
-1316964105
1433465704
-1041298467
682179507
-1524621086
1632220988
-536974366
1564581765
-1526974588
-1497554096
-1905633328
-1027937573
1097677974
1669711821
1569039419
1406745282
533313183
2043645589
-1351988933
1471670735
-386873174
1678635248
-1450208965
809367652
-583553223
1481466729
-1819025136
-902154959
-1367500679
1591024634
-1286443699
-721753602
-1381479498
-1516464538
789475540
-1976758106
-973122544
-462783770
1224915120
-1056222106
100835951
1521011463
759011618
2040882007
-1649091916
441743570
-1465999367
-225684423
-987709392
-1590899667
659331110
-1397152655
509900121
-2069284224
-816860529
-1152478636
67404474
1686279322
174385187
522704805
703846699
-855200042
1172105518
1027213404
-723696830
-331618439
-1716900370
1122376105
856553993
1565273950
-1108935579
1354093879
-1943514896
453343444
-1588234384
-622969676
-1279218427
1320661190
-790033640
-343531119
-1904854174
-90790371
25807399
-310905594
1547442917
-532118687
-1757966082
-1160637352
-1533088474
-743457114
817627557
-1162275490
236847781
1636410277
-1703432925
-2025597119
-2022795709
795401256
919076368
-1978573950
468896755
1092983467
-599213976
645180225
-1424660815
-984396992
1796022945
-735884101
-808031822
-1192890701
1192897534
823594260
1373903068
-2010151955
1898718245
-988011946
-278983560
1660953501
-462956561
1905322425
-1793111003
-1187401196
155199359
1416414756
-834951921
-556643472
-1596561003
49799923
1643360097
676253180
1236086820
922083066
-2077214985
-1921964329
1005208097
1688314826
1607793496
-1922284334
-1042424163
-1057428174
106560227
1487525278
1045601557
1522156808
1423031623
910962983
-695566584
1700820777
920998200
1767446330
1996687050
1351795133
-475664033
421536621
1633904536
-533641793
2040497297
-1405478081
-1936383253
362380220
1855352131
-1146324355
1060677393
1110880474
-15836099
110027239
-1515404552
976146459
-2124473714
1145457683
16319309
71039971
-1023967553
642002066
140004549
96975799
1673396555
2020990288
1696745401
6603335
780248141
-344785344
-710446856
-66023507
1566909051
1665116984
-1736645672
-1334414345
1767479634
-2090750951
-1275973234
721532386
-1017306477
-615120078
2117917119
1478812136
-1467674387
1868987877
1334458454
135824765
505594875
666184587
1759640727
-759965036
885868400
-598876524
382762356
1998989160
-1761005168
-1888740365
-1099858145
-1820338568
1978365153
-517595976
2078883296
-1318679854
1655380258
-1215052290
-69021144
155169940
182521724
1989327622
1401438693
668035503
225744375
1354165668
1826214679
-65960210
-618275281
973689049
-1651543134
668425526
1720707910
-1154707007
-1240970650
-1364955377
395696924
1520040623
561628556
-33750430
1153371837
-131668842
30456354
-2096002428
1430840859
1596283562
-842241814
-1912197518
-2014575876
1937298502
939818094
-1539969186
1203652405
-803067633
-1224190888
-593284246
-1988492776
-262921382
718746112
-1130383182
587596074
827610314
-405398971
-757975920
-1532921831
696389949
207716511
341844762
1506931692
571978729
-244969612
-1754887441
-1621045893
-2082958655
-783474261
-2024490701
1050201890
-316652515
1346290047
929577431
-2083782223
-2014438759
1585725589
-1514565603
171234470
1255275324
1190378831
-96636069
-389737059
-1236405795
-2130826910
-115960834
-307729657
-1684920383
-981555803
-1429197615
-1066973670
-1347477367
-1207744724
-673586049
535986184
1773429066
1362401685
1394721622
-2119231885
-1729108483
-880643423
1781612877
1276951327
-1796929255
-1500386554
1677635656
-366400792
416792958
22122626
-2097903975
1592623095
590568085
-78240461
113528266
-1548618960
1273105076
-2056028123
-1212991079
1994899694
1444744134
1554670380
1667935043
-779082510
-1869407702
1119705588
-1288231675
-1534942824
1279098332
-1572080042
-112954913
-411826613
488243666
-92996116
370017690
1002629434
713194920
-722117401
-987309812
874874955
-448735874
-490540513
1491879579
-1281342129
-2113367008
-1283487637
-739529985
954937719
1978499944
1964085554
217763403
1927306247
1778444000
930444354
209672493
1039390793
297090219
1588824288
-2040407436
1968287427
-1891456860
-1760293857
1894588626
-1823658581
-2008781369
-1217681291
1973611747
1737510042
1298799055
1206936202
-769966227
-1791944832
-123910367
-1162870957
882100201
-1296149288
-1079568152
-222415009
-165071038
-642524388
-328280704
1103252336
-1811121444
-187020935
-1717746921
502320717
2107778007
-451078202
17214097
636991446
-946176364
-1919077966
-2097699668
-1842342567
1744117367
1635094845
-1600187035
-2083919069
-1530207762
990547049
-1567491687
551295832
-203050318
487836208
621538030
-1869912570
-874674612
1008472760
5864947
-2112301448
-1125752101
53571269
453500549
1440297416
2012441620
322128494
1732726389
1964784311
1653554313
-657223917
1134848615
790879936
-1526067411
-851777395
2065062140
716742762
-1146979050
-946886233
1604208691
1458164446
-229256315
-1516108851
-946414324
1197308600
-1840167389
-1493727741
-963085970
712828961
667779469
-90499304
-1446937527
1997037085
733110802
-2068455654
1249894399
208493345
-1913072965
-934751220
351001343
-1562355992
1755125899
581295574
-308713805
-151778938
1465126407
1287832956
1623249052
1433767868
576328439
24077203
2147269050
-520748914
853193838
169591279
2128488496
-1075886061
-2116267768
359802017
1333628712
293297035
-1081393805
383004192
825880820
523377334
1953770799
1930007237
-1287291019
1588818531
16114585
-1872621700
481386176
-150432698
221147429
376674232
1654681085
518019087
623411434
247000743
-580699502
-1290266185
-1773045149
1793335207
884834689
1120119068
-460752013
721127927
-1799888114
-955506993
1386901161
1536127921
493268133
-1436112339
-2072788539
-2034149385
-1019683591
1361161388
1922859131
-2001378196
-118438288
1180153462
228972406
1150933478
-1566968899
-1724041157
-1927003233
-1309195167
-1690930
11992643
-1747586658
-1917338058
-1634342423
-2089498430
21041568
-2038254965
-1993467119
-1163094673
-1543691430
-1813130483
-41895506
843607639
7765582
-757386020
397555308
-467545619
1596693069
2053621959
1135699299
-1576859546
-1487414212
1934402233
-1899683209
1423440451
1341647642
-1295465358
1596282881
-67281874
1968165185
-1991221383
-825537618
389432330
1624993259
-1483095472
855594407
-1111655611
-1458177288
829383913
-370645518
-966188433
1913498349
3262553
-1396442089
-1792247280
-2088459457
1584078283
-1766623994
-89332555
-1649355054
1703012534
662033207
6059596
918586555
-1917382574
-2060229357
-2251599
560029517
1919882311
-2098008686
1419308424
1407491923
-1064478553
-1062849756
-1146714803
1887078297
1705229598
3545301
-843357272
-576447311
-2077756568
1456776619
971653381
1252136179
1040402690
-1520591278
-1409394332
-1030470459
-622274524
334796026
-817952659
-764605669
640242669
-1499884672
868782790
1712357953
-2021989408
1079755723
580366505
-2010154792
1990115982
325302904
-1742033488
183138077
-1841982571
-209369159
-1200344589
-1119267727
565093576
-777850246
1980303444
1733828884
-531788113
-1104444987
-885819880
-1937610700
251979825
-1029949338
-1960052806
1708264998
1536950671
595109585
1432385275
-1538830606
-931079532
-942459068
-1045410243
450076949
2030487562
-1752180696
873770257
937001089
-588940176
1077700796
2106733070
1135568360
-489461783
2146487284
818531812
1019506233
-2007915658
-2141010530
1464615856
921269866
-1418798233
7865799
-1825252719
-1305890952
-2052461298
-1167915428
331682938
181005995
-1267455050
905813779
-1794867639
263601694
1734246611
-992054389
-1224413928
-619089538
-453256326
-573268046
-1298350893
575849233
2033623826
843531878
74310667
-2093368070
1635656012
1336731230
1563029768
-1931414854
-133425328
875075915
-1670364124
-703836422
919728696
496607546
61152086
-610797177
1604342465
-666113989
754270989
1499011485
-787293121
-1539418553
-1046249410
-1731069849
-1443529007
1205739870
-688257088
-827897914
645378262
1399094256
1141610199
442274129
-1630188641
-755612291
18153741
1606029724
-1251737755
2105254271
-1660336312
-828472387
-1116761475
-1122002809
1272941593
421765387
1413373898
180758437
-774145711
-1457235671
-583350158
-238460404
1115548378
2040530498
1490390227
-2093709066
-430640445
-295296619
1585463480
29244869
-1363178852
1093286964
-866234681
-2144259478
187336195
114835463
-1505870018
218430474
764516990
1459436823
945042910
-1109464098
1567133835
832128777
-1404445914
-2033380774
-1111625226
-1846335769
398927044
-1316237167
1453967721
-414259930
-1780829880
323525591
-2010101943
1794404324
534752026
-1051011161
-1494655041
2114183536
-1310038354
429255111
238794260
627649295
1638150133
-144315222
-1307940543
655960061
-1340998890
102409236
1067095494
-975283023
-1102517155
1356503043
1416536250
-1331960219
-1781601421
-1544390195
-1222467549
1129406165
1184150991
-1747765371
-482970489
-1953318842
-916839316
1716740515
-2107152446
-1143777847
-450586436
216975075
-1778096870
2031346624
-2072328996
-183932307
1707417232
427209889
580403976
65615925
-1453477000
-399071750
620671056
-781444188
-2087867316
-2135371340
-370065780
-55157640
-1845338180
2133954459
465760652
1936680424
-1437461240
366578461
-223413356
-1327408118
-1965656174
-2110262959
-1368003321
-793631879
1401040814
584252219
-579753119
53657394
-1607027524
-890742706
1534944106
-643028802
-1998803847
1810054449
523102888
-1109457258
483552145
-883025211
1923761172
459138242
2087283576
-1931853465
-1908720623
-1849699390
-446379655
-1472727950
1621381017
1579389362
-1678236914
-1919045113
-1010347335
-681991768
-504929422
-853167344
1043827262
-863111840
1314739829
2023024513
-1955058512
682626331
202904718
2144269024
1877835391
-412962365
1441242166
-1578177273
1246166396
153791827
476851315
-584783064
-2053353590
1311122805
147272882
2062849298
-1663178604
1997306988
399175129
1567705778
349543361
768662579
761393308
1087938011
1828883430
1883230182
833182992
1941185609
-60870852
-107835551
1305307005
-1833441822
1691834962
712565030
-1889444233
488827711
1512015429
-339429757
-1024885201
-21254037
-167918035
-51321356
2061378822
1037729770
-2144854054
-1351702587
-1932182173
-493880836
568540095
-1069827845
2079846597
2014727202
1623695406
2096973941
1270347803
-1885348639
-809309243
-1225125299
-1592189613
-1015124027
1020117800
-418361981
1360577072
2143946152
-1004116497
-395685924
-117014432
1784610100
-630513950
-1904276473
-818006323
-1954596955
1022296931
874106370
-521856973
987383251
777434667
-151594565
-1588556046
2122113391
-869129927
1278791674
1389824548
-1436010868
740514566
-1076560515
70780914
479576417
1265773308
844298340
-758517469
1647625293
1710154025
-1759629361
-579757579
-1539663334
-1476496081
-932294203
-263160784
724527237
1054154879
1454746455
-632029577
548730622
-662444090
-2032998651
-1784587040
2027793835
-1227831386
-566899361
-947976505
1782972594
-2095548247
1828514799
-2062187041
-498938953
1106509426
1712080470
-43040119
-2036637277
-1169459659
-763660876
2009053544
-1334946649
-1339893656
985389645
-1536166348
944519808
-1090215494
-759315608
1224173519
1250160892
-440821948
157659514
-547004011
-263182660
-465823234
-1391389052
2079383031
-1353831366
147373427
687618232
-1574349237
10637581
-1999301192
-1739515038
834454492
1554927980
-774836070
-1782476282
359931464
-477980688
-1692045802
940368324
1464396555
-42248291
-500650995
-1493986044
-276057514
-1492729310
1089730871
388130126
1815899429
-157163937
1567998808
-523804807
372457616
284017448
234337458
1242736135
-993453472
1956067912
-2031831878
-1491700273
865403620
-622391352
-1440628722
-1584377636
-1848887291
-361655951
-838349915
-10521707
-1524603496
2076181134
-398710968
-1542784995
1272483571
204933110
-1970793664
50088956
1352039874
1311330376
346520912
-617030658
1459866139
775289976
-1592649499
481303131
2025770959
-1979282294
-1287567733
-522108136
-695130878
-1686612834
1864924835
-1360100692
-1602329091
1903803947
-88263854
-60202267
-1328321982
-442246769
-1496949316
1249813004
-397723936
1193083846
452668018
283498567
-1260371447
1759093881
905673000
794529598
389405665
521947195
-1021041749
296923137
-1393635176
1046911758
-236175343
1811180329
-1375496262
1629554475
1805111857
835977021
-377772859
-1588134910
2145362005
-1859255978
-132993797
-582868609
-1628102866
-2002711548
2055992953
1480522638
-498816760
-1681393549
184747145
-1435909663
-590908354
-193198647
-576047821
264925168
584711407
1711772370
190653465
-1595715263
-1214065167
-1701294625
1618339460
-1310355991
-832498427
-1362493718
-642681671
671316817
2142817868
-2129571842
-656354159
-1383025347
1502040826
-2057291819
-2132158136
974930698
573581128
1725164226
-1653371756
-743355082
300868527
-1277790767
1539806457
-164681947
-456559278
723281964
-650957477
-445533918
-243174981
-1819726144
-322469420
-753969501
1285190090
-863304161
1879213512
822226129
-2055821335
-1842764121
-790194379
-1947863738
-840292988
1175523044
-1449622705
-1580398313
498631608
-1886121934
184598603
709521429
-629677239
1446543782
-1033506693
2037360720
-1534101543
655965487
583271066
643883484
-2101931433
-1954002185
1392804713
2131407575
-775921995
-383918322
930215034
1907394473
633981149
-955839158
940129355
-759475315
-410632987
-2077141144
870941589
1705264465
-1690028416
-1004635786
1163138022
-1152416679
-888024136
-553772939
-961344659
-85509655
-654123303
459355961
-1724450284
-1266193758
360252336
783652244
-1643594796
1661953101
1453171701
-1544200781
-720493501
-1133132841
-1388314875
668582855
-1391112335
440948636
1463918803
228948967
-635196427
1590780391
-1813623776
-2121913804
-320662974
-890241095
-772025366
198848829
-352813762
1162459081
-702441439
630882981
548747285
-380144180
-406939232
1878939139
978097481
607155702
-122660518
-1838618103
-1564114163
-1038490433
-1247021356
537900007
41980115
-1291176214
-823246382
617193713
597703203
-776241726
-647056555
-329363841
959089326
14171046
1670676932
1001806868
-1818726493
-1602061112
749487208
-440648767
-738702784
-601016271
2135939613
1758405835
588158891
163331336
333023046
-73397109
1564000769
928985106
1679195905
728418709
1669557935
-908042884
1006390171
1476117788
1202118145
1768448728
-2023241146
102030996
414265336
1799615845
-903631351
617244057
172991071
-330741613
1893711351
412831247
908401696
760142021
-828292445
630588041
-1901225517
-1040343464
1707628242
-888309522
-619491433
1315237091
1162678130
-713527975
-464284635
-111770944
898805451
-2142312639
-614536927
888507595
190732020
-2007470886
2126558387
-464805271
1315041159
-1189115718
-1978630058
1348664779
-89967977
1684374974
2067255535
1905620084
1007817954
-1967422163
112520225
783545336
-920584893
-418098402
-1917575457
-1012758779
-681279639
-831218409
1147033922
809576103
1667730893
253587191
1028993948
-1892033593
-1237559583
-102295019
1581363404
1993405684
924926341
859892392
165433811
73159781
-518734658
564940648
-1825943897
701700670
1252644521
63985525
-317388729
70725394
1830473389
1118612088
1849559055
-307334487
230037231
859922183
1816338509
792302338
1570076938
-1871490226
952861203
2018693019
-2041163265
-934614038
384818254
-425775889
444930410
824532248
-836970473
-2122261441
-589453321
709812750
-508524984
-1258169451
-576392941
-2114025816
1334350418
-377875963
1350050789
-1894619321
1153453646
-1312527307
-1304926337
-1183479050
70970449
-720716512
1299818064
-1895384115
1736931587
1533568790
122559709
2120876442
-445551758
-1440739066
-1246781520
1269080765
-345383389
354479103
1600310416
-704786606
-182270614
1281117428
1782553329
-1046717803
427210491
-332095809
1536032686
-1677973886
-2108877120
-1252331416
-841181195
-1763957316
1339276524
-1979669594
1000509314
-1812981841
-345740977
144113573
1163736591
-223386888
-1929537556
1068411913
-269682678
55357955
1151044296
-1893377998
-1275285880
-1267190283
-533226236
-386919743
75070073
-1354189875
-2063518931
-1682631333
-1882153187
-1413103675
1472519379
-78640980
17567670
189778686
-2102690984
864552111
1916642431
1254680411
-1094417911
2012139819
1412704988
1596679596
325821298
2102733440
-143342382
-1435913713
499875821
-1648882013
-2094642248
-1371204974
482617724
1665619558
1464052270
-1652610019
2056622296
711335676
591749454
866414990
991637449
-1987459140
1623305505
-18095835
-999848776
-1327200219
361102421
1485485091
-312265854
-1223368159
1772334892
1554048173
872210318
199455886
-1760210506
634236405
-541846751
313324025
1363199297
-1614189926
-1491417104
1001275308
-34730736
1381266767
76440822
574947562
-292441524
1486942139
-1457371768
244781688
1665463095
995595168
-1446830683
1329052255
531968423
-491392450
-348401774
-880177168
284644529
1162266105
-1690728794
-838311928
952308131
-1399113159
-403297438
-1231646315
1113935928
1584811409
-1290959676
748539480
-1091035642
-1941327326
1332910812
-1349848084
-1402870470
-1628057535
-339726689
1982435590
881121928
800378711
-1569170694
1524855549
1260574300
1261619465
645182250
-802355315
948505941
1733528216
336163402
1034917591
677010419
-783775607
1551077421
-1337026133
1711675790
1050667144
1649594221
-181030902
652519049
-1289763447
-529655612
1324415974
735193544
-1798368721
-653150310
996795435
1689465182
-1312834191
-1455666210
-960592894
1322658443
776207738
415794456
-1182119341
1860166885
-126688047
1561262783
1704627596
-417295148
92186042
-1889749561
-1032710239
1460799810
2023827419
-112181378
262860371
1872169107
-125184991
-940029544
-294265933
-1264645933
562150116
-2136194168
963345129
-279922898
-836143032
-649563888
987417905
-1089404252
554072807
234640923
-369255642
1524866556
-196374356
1114868682
-1086642621
-84071175
-442311167
135156428
1797648037
187601099
1199416108
2019587826
1130991893
1700005832
718304246
-142452735
-928382650
-1905650597
-1452751475
1042885578
10855514
-1533714628
-193792341
-1388786312
83890090
663357665
714487286
-1529696728
-1590464570
-1970135501
-8525142
-49628482
-175973446
121250949
301892468
933513974
564664467
480637121
-662843487
1304849849
211521825
-1459667484
455427703
1807230641
-1887599107
1804777131
2061951203
-1532333793
-191645235
-968399218
-641504941
-492889109
-1061216826
-1083718163
374040037
-1613180164
-1040104846
7525769
1346502849
1899096522
149000371
-14746315
1490784962
142392112
-1325494521
-1172332084
1820832859
619295366
-1625835764
-958814619
1758525624
1117540847
-727670970
-1757262651
1289402147
-1285961234
-491356896
1390881045
-2002286935
-439290305
-597867728
-1026220844
-455520259
-660286492
-361111617
1090489614
1011227035
929023101
391339911
1747470285
-657788368
721892060
-742590274
744213712
-1485267656
325872856
698827347
-987959942
734782952
-758069663
385293175
1419114509
-933381041
272652757
2086995806
-640359913
-1416265545
1734867345
-1089470138
-763681236
581574993
1272981193
1285229752
27347156
-622531056
-349167204
-1050868211
1496922311
1793279700
1634297442
1654552371
-1338376617
2042791883
-2123551672
-598117200
630353453
-1024206828
2029173023
-424950041
629658423
-1322533212
41852528
1399579546
-2013215776
599499117
1105736659
2085977008
697013890
1440846524
67887744
-1773493961
1777543448
-1585639198
-316795354
-898446933
-919867336
-1403151338
1140582139
1657876600
1234075967
1397376666
-384577260
-645898819
-1678505011
-1775262949
-1504572170
945345874
1788638836
-942426787
941710700
1051013644
1376588459
390449431
524969626
65417535
1720851464
473584411
-1249320366
-573738365
687634094
-1344192327
-196131419
-994185285
-656908029
-70821531
-2086229059
697135443
1827736742
507090583
-1214113302
-1993178424
-1614785888
162239986
716796154
733916012
1537799896
-1190098520
1137811404
-1950552213
231550668
2015906588
-1526928601
1309203720
-1791336578
-1162316856
-984129849
1756539436
1916683947
-624713632
-1307526215
-842455519
-968293566
-2108734921
-1846118424
1563067290
-1828540141
-1821728030
1357226742
50937590
1584565191
120585754
649446480
1071817925
226544912
-1801267738
749405820
645446794
-184829408
2027742457
646923188
1832491970
383489118
-1792191656
511100856
244999461
1963483479
1273237823
-1657873696
797734955
-1080050190
1002273861
-1566479760
1888982225
1239953640
-1031753026
442130991
1166800796
-1308446606
1000683872
1175489338
-1922321954
-1958588605
1442502440
1943864341
140165687
1562199224
-711406722
-1662409214
-665210530
-1742093235
1141359255
487582614
1535555361
-1563666349
-1309922278
1231498376
266185642
-1486572577
-374548474
207241932
19876099
1763782661
-1813250606
-154538785
1988919515
-1838127034
-2090397227
407011684
619375241
-477386170
-130806552
-241121296
1435733329
-2012468031
1620642377
-1897198815
-264402202
52969919
1243963329
870365173
-1228247504
1649735687
-1769892855
-1944838568
-1011735985
1088151505
-19015831
1351034622
1351144926
331081406
-985865566
989663859
1072254587
-551059700
-1907138546
-1480551057
-239964025
-43940347
-1886239995
-1027676562
-1573978326
-723673672
-176901759
-1311928192
1487591577
144698859
-57646076
351936349
409547419
-853311409
644980664
-65013572
1143184200
214805493
406466264
938604260
-1737375213
208159744
-1903363249
-1452631934
-1191817973
1636007324
-825872482
-294725187
1999453789
-1791246034
-1558576638
-493024633
-327373283
2096028364
741510613
-788384202
1945164869
-1691402769
965173044
-1408896942
-15147267
620449895
-533752607
92641968
755593500
757723278
1218034795
-15370049
-1226857234
157067968
614648971
-1024515039
-92963017
64705034
-1825054255
-562416003
-1231634824
-1815875551
-347823744
-1193984877
-64728464
-1942667115
-1486199115
1469204112
1098467301
1523133253
-2061853235
1127983523
-1051972445
-1726483947
-1905200632
157992655
2020880325
-346815010
-858771095
209971971
1319731762
-1566984538
-2062611743
-691561369
567065450
-1953680624
993004204
1620764920
1907967618
479496981
359823609
-571635114
2019761005
832743924
859832016
-37883172
1061177468
962820967
-162187984
-1373071375
872615975
669560854
1103200887
-1603203683
1404149517
1626985808
624749062
-129448098
-126575047
-1088310280
35172900
-511667652
-330947162
-1078056259
-872807390
-1534125029
-1656827132
-17369203
-656676160
1042816080
936839356
-1814879157
-1547152689
1304752501
1280219442
2079066814
-1165102569
1270401152
1322082889
1253581773
-1296877446
-1636327150
1240702251
1498879465
-1018908839
693682956
431547977
342603465
1914661685
-225281688
1424310689
86504541
2050913177
1001793093
241147710
1283053820
-1482930889
-321846205
-247356411
1787305695
984076881
533145873
324582061
-56621358
2069800282
1690541379
-1648840433
798844455
1628703196
-1963877016
176448927
-940498962
-1576575076
794843227
-430618310
301563236
-1955988485
-2144092455
2062727457
-1063052888
-1047052898
-916834220
-2070514363
-1669311308
1866970705
-618114810
-1827948860
99647882
-1817014488
-675760824
1087023795
1087325101
-1994487065
-1291842013
1141527837
-1967665198
-1449768285
-932605145
350167116
1433338839
747223209
-2134219397
-2011390906
281184756
543210909
-1715009483
622146202
-1722123472
1285661670
1168607723
-54865316
937309461
110087497
-179555446
2135939181
-1532733786
-1454530860
649973861
-620251137
2066815121
-1378433284
1458693009
904603479
491091104
-321502711
369909359
4969685
443863157
-1498562383
-269636471
1464854577
-1637998730
-1422240509
678766753
685626374
939569157
-1388541562
1355632391
2008365972
-9168908
587744930
714621227
-1207308095
-405933000
1635985981
-1406636430
-20820383
276262875
364787112
-547719604
1741320886
-2032155081
1054995900
-1335715962
788667962
-292015008
200444224
338772188
56834715
1975061986
-379377267
-1942513966
-379892218
-852039508
-540599948
1619919555
-533569880
1003099210
-1855447457
-1358160070
-2097280399
1836699738
1986586550
-150825601
541579034
754972216
-526645117
993837173
-1602617751
-2041509381
664692568
1744382115
-359253325
-438311259
-1655814032
-303747697
-319924318
234060181
1889949203
-1759940526
-1395750088
1440235840
-208254145
1960432489
-1333404909
-1390509280
904471684
1840587720
725160434
-1699648277
501414703
-926040268
-1112471177
-1549626104
88010410
97897426
-1692578770
-1555526082
-120078302
652137722
-389000243
218530478
-2134113174
583393616
1149953981
1795033603
-392622049
-1308469739
1111515097
-1018450201
1488323083
-852542534
815124341
-1568548936
1474990030
-1710508106
-1761977183
354223739
3373243
-769077352
962021293
-974674928
62964479
-481834657
1346004720
603114151
-1732761848
-1244807927
1766202053
-215170190
942165283
-1897518231
-1495401002
99953564
1681899879
1664593469
-138947172
1335489657
497336785
-240446081
1131185957
-1230523651
1845054128
-2064218629
1486689304
1839919730
946406723
2074307873
-805575690
2024242789
-19596129
-94413284
-976560734
-261761055
1158364374
282405922
-1251797725
-1979299361
-508116907
1330435598
1617105319
-1672720132
-1332326514
1478891307
963440586
-200521108
1901016790
1965732177
-1993481192
558931502
68875919
317899830
2013061584
-831858559
-404926071
1030145533
1458989547
746088086
-1105044059
-1525681901
1029162587
-2060850554
1868200635
1050753851
574371223
-1156097403
1050956733
1915759078
-1677538729
-1881514152
-19706340
-550103097
-171179108
1019979268
-1671230614
-1696088153
887775475
-1881728825
669966656
955916405
1410430713
-861523125
1959684961
-255258975
-1933359071
-90249703
-1780048865
1799685801
691266996
-1389839029
164687613
-1370286861
1977064729
1284587141
628138389
-1180506403
-229624490
1040429606
1260918459
-1666426606
-1984823082
1066912697
727631843
-2033772769
442615660
-708975183
-1154848577
-698081211
-363279209
-1467562923
-1242291924
-728087152
1303148039
1152390137
2031944014
1135867176
118183520
1832785518
1395856377
1937630950
213491773
1241396155
494580562
1107000874
-323795593
2094359052
749077430
1948185835
406472358
-294086422
2127476953
-1519344626
-1099172121
-765672532
392464690
-1066271493
1734359007
-1936791764
-402328682
1765673070
1329721856
1375497918
-1923663069
-105742710
981486858
1203688542
-1018053281
-276181965
2026663125
-1082320856
1660683936
-629171812
-2079345076
-651642100
1058228397
-1474386402
-1174216516
612577473
1932335013
1701842251
1380865870
-499909383
-61959905
1370573123
-644829486
-1140396073
1756123538
431457861
472921021
1768764829
1755962359
-822338680
-962014091
-539808342
1131763628
1085750604
-732435509
-1056424798
444571
-1238680533
-1243893816
-2078994962
907552155
680781236
1832143019
-642779033
1411248405
1448270393
-2077174734
-2075755955
-39962646
-919933976
160618776
-275906435
1656625812
-336995560
-1091113249
1677552867
-457423733
-503249947
1832492495
-1833693140
1972434409
578998526
1258011453
761924288
961708880
419694524
1633273360
1196509423
-2138607605
-818069129
-1977743487
-963801494
427656819
54142485
-1460831199
1566393588
-1236299117
78199779
174836000
1836319320
599368463
1236820135
-783105589
715323805
-730467263
1041711093
1044267350
184208248
-1009063516
1316641473
-1548395301
-2057999871
2064955765
1703834677
2030449058
-1293024343
-1931759977
-839551036
1008325538
949496171
-1104010058
-454873985
1891246152
-142171070
1304666799
-75413081
-753174154
799387098
19969839
-945307518
-803689267
-1382842231
1445559194
2146389874
397380399
1065185920
385016109
821146178
-97454977
1574375485
-1391383450
-1830026301
-1904256086
-901518780
-1819000158
221062295
-69007637
-412874227
-752308728
553859916
-861171638
-222412224
920288165
-176643668
-867538331
-972894689
128276440
-1855859886
-1945473678
-1181486013
1488948464
-1354550912
1766109315
115974282
-314324973
1202630704
-2026687732
692070735
1270335585
-1876508568
294001314
894546908
-617849768
1872038866
-1008170747
-1461916644
-1164619399
1396233611
-638693792
1874002836
465451564
-119925701
1924398030
-1456329836
573255136
-1706321563
537860640
1706098345
-645732490
-333981185
-758871843
582126933
-1458444833
1792617541
-401127031
906101249
-2134084861
1769443017
-1721615574
-967831502
-1037060892
1939033294
143886855
47948539
-356504317
-1274735657
881383346
1448246962
954616322
-858698118
582442825
-1699886618
-1127223414
-1519003527
-528770568
1469690255
-2146953106
861298706
-903862335
-1036608377
98826000
-948107115
-261881729
787849785
1593260035
1915363895
-347852505
-2076624745
1219971825
419892006
-632444591
-914469551
1653593535
-847409699
1946148087
1784757827
-785861138
922112184
-1894695301
571827502
-910150588
-975820086
2113066222
-1440929110
1753370283
960197102
1728082574
1367069787
-1033128
2012845596
-1096855664
528056931
989433903
375561725
1952779552
1503989783
429563237
861100224
-847420251
1732692980
115999335
-923772626
1562707785
-2009974061
834239993
-1647374852
-462130760
-1995154852
2089579170
-1020818593
-182601689
524228280
-118965177
-513746459
460099223
1758062474
187481110
1997725315
-1291316902
-286603233
1096793765
-323604502
-1008070186
-1494614301
924852314
-638882531
-1040716920
-1387894762
-719006708
-976688825
1977951564
-1379452992
-100782102
-751386423
-506961190
630417122
1847338140
1246669715
-1823511917
1765162989
-1663155545
2033590452
-2130230403
-889471369
970207765
2134810419
-2080788596
-1920551380
-224690092
-712953825
2066843171
-701631230
-315496354
-1108904476
-1345604903
1640813744
-698255078
-1377444640
-1370301313
-662245536
241057281
-1571831499
1233123426
-1194988638
1493388804
1994890720
727338445
-1699507292
-979934035
-1680172790
1347792337
585214880
366963076
645398942
481682247
804535189
935823795
1718260251
-882204907
1798979641
-1101936660
381848746
-1626905423
1651242797
671295114
2138899570
632240867
545602162
150392822
-1977227221
-1341905714
2465563
1599136076
-537419279
-1113151696
1111968580
-666846403
-1431019430
131194344
465090370
610073910
-526230326
811918776
701812251
-1709076798
282440453
695377484
112730424
-554018004
881303045
-1552086917
1843995480
-1731484824
-169595379
923911371
-1487626552
-577566158
1370803197
1439790650
-824255792
852147831
954146280
524553531
-841145232
350906356
1981096163
192429822
819113548
-1225278947
1150061599
-2004046604
1510407140
-1663905473
-1285500614
2099609746
1211845639
-284639768
-1213968943
2025422676
1395111561
-1632050554
307921497
-808592636
-457182925
968886093
1759404591
367542843
-1848971269
1697007710
-355135252
1030944040
-1252535180
1945846309
33464574
122086032
1011736711
1033773058
54241139
-2075389675
-134455197
-702189270
-164120296
-337585990
594198449
-394991665
-409590590
1706864806
-965198324
1506633343
159350507
369857831
-19007824
1686503369
759419520
2060143097
-1726140560
828558373
-139556104
977534152
-1517346067
-18302443
98986920
-401994764
661305860
1515961479
193275989
143586707
-1612191608
-1324942467
-1724419318
119780027
99590449
1480911599
-1628466388
-1213267200
-566061869
28797935
448911819
-260150213
1072705746
-1250010098
-1893497030
1640034957
-258305836
-801294594
1975121376
-341390173
-1298442311
-56185224
-1468981680
-1307469766
-672619577
-1437639585
-1234319208
829739749
517509673
2079781669
-287244586
-868312306
1825899930
-1870032786
235377935
387775802
-1107778467
1242633714
1912199747
-2064363120
1655259504
1458089127
1788659388
-1382060645
-1529666304
-1308436962
189217702
-52777394
548136991
557101101
583215076
491200072
1746589619
1652510413
8103456
1854094426
122688178
-713404346
556165156
-1993660859
1139988363
2056327049
55051112
-2006307897
971158759
-1057613604
1373106923
316935640
-2146528879
-733559620
1916953157
-61051343
-1331707983
370351358
-799861251
-1427688691
-387543232
-1138986954
259392791
97837874
710480823
1549743965
2054125553
-1237696974
-36957943
-1708969555
-1703493553
-1994222354
-1877392429
1704385231
431742644
913352283
-488277806
-265707720
-586045197
359269512
-2140395627
-584420656
1241204228
220546527
1029538931
1986440660
-1024126181
-2083289430
53951934
299848700
-1598142986
677510873
-548448200
241773023
99213430
645443586
-632561979
728644758
1599261041
-509120600
-1875289758
-1169309792
-780656954
2044907967
2115845973
-1740544763
629413041
-1652115601
1308678310
-998403139
-2112817569
338462232
-1723579699
565452881
-1327162427
-973124970
433097900
-898143294
1293412524
488131781
-1061478977
-1082782550
-1314969328
-1911367865
-1017389935
1801807521
811949739
-223463548
972736625
-185347102
587125707
-1992214031
743504485
-243186387
18646892
-1103976811
-614186657
1038580718
1664697986
98468297
755223982
1804157598
-756119915
-1517808321
1990172599
-781039768
2065946003
1165296964
-1701073436
1372028176
975500001
-179440055
-941951525
-849205744
-1546132046
581273247
-296882957
7204355
470656156
407806081
-1743584285
-1383811770
494740072
1882679383
-1267781188
122221276
-626928599
1896762169
-1680885224
-852897646
-676068209
1632301489
962962067
-1928698525
-1451063172
848108228
-1694594182
-1825066467
1096460504
-1763728589
-507125822
-894483388
-1012640351
630078718
-1714122693
-747461835
-760875451
52468521
975490565
-238949490
172256051
-537520702
232945730
-505791283
-1983310673
-1356264927
308818189
-1501897418
1325462245
1410431857
-1513861719
-818006022
-1616563391
-1808615569
-408939011
-1795024491
741261053
-975699087
-854128832
1215090295
792436475
627086762
1991446000
-1890383898
-674871084
612064940
-509744376
-1684231390
1742481712
-610834643
-1855506319
260370121
-830341289
2127939085
29475000
2046061181
659152392
286683799
915545600
-260440893
-1912085111
-913737977
2010371130
626109230
-2041574657
-1094564021
2105105044
-1388912452
-700940033
1977827341
146720815
-592335233
-142502556
961778161
464394260
2103767679
318576738
1758600475
-670091161
-2082633506
354197723
-522452749
736975069
868281149
-1590738447
-1182407636
645803115
-1254366626
541885915
-783075071
1674515007
-646435318
-1703689732
1065812417
-345548301
-1494595787
-2126243791
119396750
357439232
-1615421345
-1256015510
1616463200
752170864
-1904211908
1290419579
381718864
812831191
-421064042
-1902697420
-1124352493
84729475
2031922034
-233647186
-1959705917
-123023374
-915916686
1736419303
1473750757
2009316996
-542905223
-1250039919
980957351
1217862513
-843566700
-217402842
-1947180183
-1805050116
-1723249385
-1860748480
1687382654
240870888
576233990
1527244582
-1234793421
-433229269
818754999
1613765801
1020121359
565707489
200104629
72933425
-1012921508
-575572093
185443814
-5403630
-1845703962
-1267158440
-61369873
-263505372
-374912766
-1282986454
1070363862
778351249
-1504341807
1694645053
533703657
-793381904
-1181521979
1039046524
2144149982
-2027968365
-338904476
1778963957
188715835
99884316
1510707532
1467500935
-441699081
-486241194
1177670262
1706649306
-1654677151
-954805183
758600382
-1082666610
420622145
-799479698
-1468466270
769624246
307763004
-1511484019
1554909514
-797972857
-1104934020
-1898223036
1592042695
1037199180
-1075239537
2040256833
-969449825
65170333
-984396144
808315026
469847433
-1775081009
-295991932
2084504115
-1938893452
-30522706
-772823035
269072872
-358262067
-2050904727
-927227612
273652813
513566209
-932909363
-1742986613
-717726934
2070346561
903958454
1830898658
889645836
-481023356
-247331135
-989207436
-1853200880
-533062702
-595752634
-1140454639
691652609
-777053250
-1985054843
-1097170891
1682364325
-1389859789
611489822
-1544819095
501600596
758046067
1417254598
1238095081
936158921
-1588235427
-1263240649
1289156742
583395388
1218353902
204604776
-242254131
-798971217
1874899977
-1111263234
-1252321431
-1467482232
-1400704134
1430807042
-638593083
1734463839
-76029640
473398995
155233525
226376217
1038808810
-840578211
-2052814890
2069734965
1596662444
-294892662
939632499
-1427809947
179581458
-1340067080
-159865430
1388259424
1683319148
1922589933
396438031
-1038451722
814992203
-1502183545
2065983247
-334368412
-1570057148
-1579620809
-1365260968
2052729833
-327766285
-977371280
1870422392
-1139561575
1522476098
1140595098
370032580
-656229008
1074449387
451849036
773347962
-1492264791
1242972474
655680187
-1023349207
1049886032
-1014800361
-563234708
1960028240
405923862
353422915
-1121912527
-320496571
2137403236
703223010
701627218
-2016861608
-151937615
-1461268936
-1588858103
880674104
424828184
-1232032841
3840563
1890361748
2139998244
-433956807
1838751557
-1518281723
1770386414
1651505801
-1800630404
-760999638
-1319811222
793533479
-654430120
-1423743980
-281603
-1198589876
-48399286
-318632219
441344849
29194027
1295562411
-1777493581
1523838573
-2135221895
-334083344
-1853613135
1162113535
-1828399057
48786204
-528815472
1678119932
673791118
-1642618507
83254306
-193737110
-1986579357
968378746
1938390593
88445820
2010080908
-483777517
-77666066
-1605493025
1270336442
1369471754
-822473028
120850514
-1870033033
272926650
588427118
1729162108
198016362
1636503813
451039455
976926969
1432059610
-1351519094
-61480414
-1222081355
-1382683536
1726320407
-653005591
-1733991043
1684125760
-119588772
225048874
-2087110190
-605506550
1357465058
574228223
-1428658687
2135127996
2051230010
-584367411
-1092034704
721202235
-106660487
418338728
-138667719
-868762014
-717514781
-2136996874
776119804
-278839734
-1777438747
-2091985838
-1263033616
-1460703541
681030216
-233101134
1674526779
-2044868285
1169167268
1237379019
970259076
-520717931
-1951156718
-623606605
-730113595
648615540
833336869
-267961656
-135771803
-111273503
-28372199
-233266224
-1968808571
-72688143
439182925
-70710175
-808150631
-339598892
1384717806
-1754125693
-327971781
733567762
1217277685
-1574823277
-1287138245
452679446
-504532398
-680606103
1773626106
-1350242064
-1682693783
66460349
1753747447
-2079269034
1371153853
-1662931258
-1430564438
1327750891
-881250326
-1224031709
606875536
775601347
1170852312
1791341822
106021255
-462420698
253941805
1479171694
1826213979
-1526244716
-1530183933
-1658788579
-1695257696
212384009
171220443
1758527018
1717733569
-671733374
-72263984
-645155248
1676083033
-943019585
1109873935
-920245945
853178049
320425033
-1585166714
171821930
144185577
542102710
1724857563
-1253758567
-1853743509
-460303317
2013194655
-121486496
-239433763
-632714719
1719331267
1259725656
1151178854
-1427239572
-2002660278
1605736909
1691411859
1426489721
-1642790849
1144536481
278073451
953899991
1227240937
355407727
69565376
1052179960
1959968574
-1111221518
1474991047
1921591095
91917204
-1044917592
375945963
1975583516
1513708190
-1646272078
1896427485
163796959
-927784299
1911635966
1718517999
2008455466
1820599733
1701811367
-742301534
-2051611869
563636970
860705435
1623814013
169877929
79007179
39746430
638766879
-1816336419
1253906887
-696636211
1379242647
1569504227
81585309
-2059052218
11755507
918346473
-1857676271
-463249273
1326782230
-946161305
207289052
1936670453
-46427697
-889732184
1355700451
-857030689
1500762406
1424630410
-1523610964
-864104478
1091578872
-61962111
2114995213
1488633230
-800238907
-534033695
345600549
-1053409719
1097022664
-1118483620
-2059452272
1909742963
269439559
263943624
-1198277162
-2027701814
-303667156
96851493
876270371
1757066512
1905418453
-1753117986
-1023835331
-1422624277
-922188249
-1625090225
-2080004943
-161612789
-2113736471
1627183751
-1302688944
-1016047983
-1244098226
-1902137778
1479169241
1562913967
1668590803
-944246167
533384439
1717563531
1827136843
-1147566052
-1242030995
902640744
-1021698761
-326008337
1479980943
-589338105
-1698312869
1245481909
-2000601101
-1497320373
-1218797683
1049448137
-1090106008
425701147
-1544658225
-1038199142
-1014672857
-9219701
624995488
-1138804374
655953480
500715069
-347686002
-2132473518
-1817098633
-222718459
33189648
472011145
644133351
535552203
1098934418
692790245
1675580294
-167878475
-496588336
32373408
-406801807
1761674117
-721533849
-1223527841
-1597987415
-1658657217
-806883672
-1673846672
631809799
642899726
-1827368529
-1598551725
-1919229587
623788391
1190667444
-1832158341
-939561410
456409198
1824418208
-134524331
-117213681
-1037134951
-1724490013
-217782903
371009694
1847345555
1512209028
-896915329
1304608770
-1360153246
-1444347272
-537739740
-1917713628
-1759804981
1233196600
476316909
1325988717
1868265204
556678541
643784475
910676416
-857805237
1600491693
-1245299903
-899742038
818901158
-1084961397
2046271747
-1200850472
728570539
255127147
-1498200545
-1392708407
-1249614990
1863783860
212496305
-1764807485
908536168
-1670126839
-764992590
896561163
-1024513674
313689498
1706454721
-1495633329
1154368609
-2040651850
223003174
1841097831
-1663879565
-854241372
-635982317
1301611324
-510679717
950596019
1480096811
-1252021752
-1321818031
-1248039024
-867733944
349402047
475606653
495661271
-1943820935
-438204468
999810969
2048655595
-444598967
-469455360
1576571604
-698057206
1500849990
-2015320633
1342625785
1881925019
-822709567
-2027733860
1405554384
-241315382
-693162799
-1581525058
1896061124
-67978154
-1916996450
898983203
585347269
-308454743
-97919013
-464918611
-1924868752
-1497304
-2009175148
2047218331
809382252
-1175999540
1123759401
1564911681
80193046
1045389809
1753661337
864063483
1895062623
818428782
-2057582332
1650448223
516620277
844048613
-2100759446
1733890737
1690568864
890974555
1192938424
453759131
748205550
-335286518
601185797
1118573853
-1835818733
957515125
1492319768
-359395390
1866336521
-404527939
795993389
-109149932
-1655489281
-200249805
1641201144
-16940207
-1198143248
-1354740179
-1027187734
684239453
-843560815
-151970019
-513203534
1958260475
-1438251921
1289857503
592372230
-648905
999669080
-1621239983
-947246686
-767320538
1737705978
1172842280
520509840
-1113316142
-1747785014
-1543290879
507245226
438806126
-1993639897
-730075978
649784157
-89563695
-163393858
348461811
1820265647
1425865249
608837167
-1761825016
-675374206
-709900082
-589431312
860438783
1747178009
1079904962
-1059558286
-1012001039
1583738331
1357637846
1277238401
-109842283
1161745751
-1024148601
745190640
907704345
386308744
448436713
1787946612
2091871285
1913544025
-519347237
842890192
1487263612
392712811
-1993360517
-72562638
-1642534668
-698158572
810263004
1653872605
34292201
-690383957
-941643018
-792918265
-1595093763
-1109591806
882179294
1041949443
-608275836
-10842573
376278582
-262047326
1372339726
1821467039
-1558882330
1278147287
-882128572
-1903159245
2108190219
1203753113
1656094711
-35167763
1141716015
-584216307
655397237
-781143394
-1874779973
1453879011
-2134072545
-1782496527
250201001
2083310591
811964472
1910349227
-1553791875
1848431196
1917059839
474103092
664718197
1572878125
1905660670
-1046872747
1790544382
-949318588
1007686820
-1262262974
-1754638742
1806353335
444388881
-1437463077
179080928
-292763200
-399571663
-523655122
-160680045
-408921883
1793186572
782526528
-2099410890
-1136235432
111716443
-938551284
-1095017297
24704160
-1955457187
878663372
-902857462
1581691512
1822242539
1861208182
-1394413392
662133750
-194272566
1684289929
350474456
-1117098001
100490560
-1127122168
1693535804
1233476505
-1506267671
1222834886
-2070553072
-424946062
-943351350
340745188
-1904033233
-1031301023
91211942
1994363800
-249601897
-99430886
-237573232
-414937553
-1116594665
489353158
553515201
2083758164
-1867534266
-1993875998
-658059093
553797778
-937878857
1942841446
-2040324019
2138965271
77581162
1017881642
1631622345
2034581946
-1622504828
-1117474171
-1924385741
-72179138
-1211289278
261414711
802287531
-1027855144
1466981419
-209438584
821740205
-985917202
-1970959227
1805059504
1362949031
271664673
-713593591
-1612398727
590825931
-1830707315
2135764441
-105681118
-928429018
464056143
2104699825
168793990
-1043866127
-1729960377
2064275037
127339646
38718503
-1291363298
1411582570
-267428734
-56287145
1627130762
845107744
-121196394
-1569502022
235884240
1069793711
1867007587
141002120
-297557878
222126759
1490806947
-1982473338
-640949078
2010538669
-2066085438
-307827741
1746189758
553285995
-900438846
836843845
1974956660
-1094239800
1462585438
-1555660259
-76077215
1618199129
1001779314
-1270896574
1462857981
-1281457898
1284411801
1726414269
1589084658
-922288560
-2096563433
-357954846
-938116715
1696916194
-856100103
1945706911
1730254516
-1569935962
-1108627333
353128984
1032147602
1394986027
1869748393
254448754
1829677103
-558036316
-1698717368
1566129134
1412959179
901353250
1033502197
421988154
-826681683
1193923589
-38536306
1638359555
400567072
901862832
-1437585966
15182798
-1098083138
1765205883
1252938563
-1502504952
-1686443792
-1124146195
-762277037
-83166373
-1378538572
662416426
-78382401
1947507266
278559905
-1485690198
-1578509771
-655438625
286871591
1748454699
246803260
736365579
2080209179
1793501672
2117033812
-1215906897
-277428621
-1690188789
1314995548
-1838102959
-570082995
-1126522017
810070323
53009905
-1429989579
-1205619895
1523986850
-438667754
635264167
1512709368
-633298823
-87373021
-1302113326
-463531813
-274216713
-666465554
-1905896545
-685264045
-319430546
-228003182
1593371376
691183786
-708448985
-1344899708
339016748
-905102270
974075778
294797796
158895355
2137145105
-2001458846
-558418411
-1942401458
888027468
1897217991
810687375
-1942347615
-20055198
-1448152389
1596209907
-2099373948
-812246485
-1865173134
-1041064609
-1056389290
786563681
-100564820
7835395
1941163092
-1258533042
409231710
1917925108
996012497
1277778119
-1139919472
-1683924928
435706566
54013016
226850184
935301185
1916437645
-695376448
147560232
-694114762
-1836179223
807312031
1075683732
548061199
-917500855
-485733011
-575154409
-1210609529
-936123315
804494254
-1928357561
293786232
1835795081
2062556003
1703209830
-883645078
722460552
249142211
1153382155
-56844436
-1000922605
-909066965
1140799233
90941479
81780402
1223201874
1139420270
-620236497
1150995314
-85275456
2079375927
-550002788
-748655640
1506944
-1078574429
-762053927
-438404746
1838492436
-603782338
1658860731
-222491700
710841768
1075260159
-2105794860
-19970639
1474259594
-1109313876
-21208823
-1977906685
-171513382
-974266499
1702298978
1371766012
94570877
1226655743
-5477087
479483318
-348143017
-1534880965
-1792933099
1032602608
-1584300872
1503218199
-2075836625
1495920146
-864727018
675427067
184149
-2077799570
-586610179
-1619558474
-1817773706
-997105976
-1006096317
-1093896797
1352239838
-582839016
-625315201
-1932332025
-1005000502
-1612854131
1121140410
-153649987
1497175615
-1765521451
2003397991
734176020
-2033925353
-10415717
-802604912
1483212024
-709117861
-641166255
1800532562
90780239
-1087687208
1565747758
640953995
-933943643
-1191570196
-959993478
-973319215
-653051638
-970210144
336867593
786483109
-466442694
168456955
2144712964
-175494681
10885374
1505359765
336964591
-654355571
-2046503726
-1988734103
1680804838
-507114353
98657992
1134156271
-641341399
1216654629
1767899308
-189507734
880944859
-1568661964
439673447
-1296185218
537306886
-1743459067
-1110084184
-1023117563
-1817575710
91703
-651362368
1545572386
201742934
1027730423
1288703437
-1540585579
1539980735
1000340333
-71827686
2033114192
-1752420113
606573945
-1153281594
-556854709
-1946184073
-1782710626
1757779363
-1557203564
-821480663
-1034941890
1506290015
-380208471
655763928
-1514314489
1577264617
1545457673
285241185
-1274441043
-400679923
1034843400
938998511
-541945127
1102481505
-822187549
-594004359
-224894624
-1425006236
1967508755
1422226319
-1830828616
217670627
-224364059
-446273450
1424893351
910295454
806517834
1707735249
1128484668
601298475
-1019253269
315215969
-674140669
1433617947
647106688
700354446
2143461235
-552653734
-1198343838
-916286969
496949931
-1826571813
201351774
-317943577
1035738973
25062260
-148278325
1568384313
-1324474358
-190481914
-1824613410
771911358
1376377711
-781162272
-47495364
-713596179
-643507906
-1505913244
-31158576
1949075514
-692126191
-1805929749
-1277645090
865149339
1002515099
2072789478
473324376
1967394375
740956704
-1177908923
-530283152
1451614656
291910694
1535611675
-2097650066
-1100613612
-890878612
410133890
-402594878
552995422
-2076945381
-387197765
391880796
2089027475
1275396923
1052414874
-1137094853
-7195270
-1808320152
-90675680
-1258546364
-1421746692
-476381499
-29812119
-1913374636
375721117
41141807
-1049089080
-584322664
-441442230
154768821
132068400
-1766471397
1439446356
-379600312
-875065387
-586908512
1352117180
824128174
-1528817902
-520223823
2012368305
145579452
1883902605
-956835080
-1706632618
1210611652
1452199320
2044473548
1876687047
1293189963
-1937675558
-241383666
-669853859
466368767
1840701230
-552493514
593099569
-939263257
-289917238
1789836712
503251935
-156481828
2016512163
-832721588
1634887563
509893687
848444432
-226724771
154954537
-2121987893
-1179024211
-741527169
-418194696
1893126421
1418999937
-1589731305
443762510
1736828850
-1019255709
371662551
-333592165
-484857840
-1047182696
1292962711
-1459055193
1415350376
-1572833343
-372209557
589617950
863811307
835434995
612892145
1825684302
-1585654213
266487335
-1547571478
1315067694
1183812892
827836372
-1222905589
401095073
1869602155
2111084250
-9969899
-1933336068
645101134
-764579934
-773482461
1049588421
-147622484
-583267966
730390594
1243007165
-1199878945
-1484771483
744764998
-681673183
-1762345816
-2111357270
998945499
1303191083
1459821667
-837668787
-565689126
-232780577
2091868283
-1806659516
1269882589
-1157306621
-1867934689
-2063005909
-58955243
-535142802
-662980043
338582050
539923034
-129231227
-1990899313
-2086009611
-1998143613
-323926782
798341212
-1718365570
1747308535
1456347895
-592459040
144709447
362571908
-241944046
-1067017881
-1755024781
384691566
161397282
1828749686
1655519453
427915467
-2048228646
-417630652
505147009
2000380429
1863581139
1016161384
-2031521253
-108057888
1143956695
429038802
-852705523
-1258101450
-236900260
1258781439
582052229
926574239
-1498387891
1621736040
-512280354
-1674453795
-823858928
1935224635
2040955975
162830263
1189066436
741791309
358299042
865475597
-587454262
1917612110
1247975085
-452930516
-538154105
-30008259
1428573287
-1399918237
208438887
-1868126946
-423549780
387404502
1364401188
-1326024982
551590434
-647920239
-1279825081
-411537721
-1495256488
-1332661792
39342830
189725305
-759555541
-45446691
-404201520
-667993321
-533027732
1670810953
1939809662
-316203263
-409301313
1386690207
246441963
492218129
-1803669307
-519510682
-2142381778
-1646540016
-711591555
349149638
-1864339579
-869027477
503242471
-2128358050
-864905315
-1387581915
-230186006
880555348
336906000
-1163674353
971642998
-1307698771
580530990
1737583415
1767225325
517008862
-358371329
-1481827
-224704066
-1139480926
248183688
314577708
1235183699
677857549
2032204109
-1303308312
380899885
-393507104
-648699369
219836259
1037543756
1056046111
688434167
-1764255627
467272915
-41322015
539897482
1772133419
-1685161748
2102643302
543344509
859582975
-2042890007
1308650094
-1312881837
-671911095
300595115
524530632
1584533093
-1775709707
809560647
1390744872
-127405526
2077967990
1737920741
450392893
230679224
878307578
402811372
-547092733
974872714
-671389217
1705014107
1469402453
-736677245
1827675493
-1435197831
-2023957563
734755891
377261732
1129486769
332541615
-1455393704
-1571435073
-564276042
-1130511220
-593920090
-910693031
-1522326802
-1969677693
1167111114
1482842951
-746610676
2090425925
-923203924
-1238548345
-2011251969
1431496985
-1986155020
1940223089
345213706
630249525
-96898352
1447923500
1039127347
1440568912
1487470067
-1996245150
217929697
795634292
1931960288
-1880832201
-85693760
786718744
1066686823
672121974
-1118514968
297540717
-826791824
-2111035379
1288988477
1905849592
-361702153
768125115
1009330456
-1785013408
-504268202
1791982855
1057652006
-1323371895
-621057846
2024294515
446688400
795730145
1719597871
1601120241
-636376996
-1655933960
177736974
-903114346
1456570642
-1044747946
799538393
6880141
629748898
529821832
580814452
1027505741
537212548
1468775036
798441975
1492248078
-801024479
909552142
-1106654542
2083907448
1395582833
-98338334
-1624845711
-674600034
690115044
-217126029
-1210276608
-868145366
1078995334
-1024568468
-291381263
-1424494376
564147805
-1801611466
-506633572
394103591
-73462251
-1342771247
-1037125018
-785590962
-1463999522
690193895
-1626697914
1511364461
932475541
-1907279074
550687877
-548839932
-874765023
-1930742611
-953499196
974526632
1732501791
-2093483214
692246595
-694194189
-1327065151
-568769599
-442927009
484640444
-1298202381
1507243584
334547804
1596136071
-1417272129
-1315027727
1645413732
-1065994433
411473649
-1057363633
101336015
1727132194
1702185214
1847843358
1593936805
970055675
-188017119
287280829
1029221472
1952135831
1344826822
856630206
583863029
1028712817
41861163
144831672
1765120277
-271392337
1548849477
-1695383717
-1318028112
-1061220015
-583313952
687268804
-1727714374
1247365543
1107328777
2047383057
-739901392
1516428548
-163752017
87889208
82348125
740418480
2053216391
1922218772
725358425
996367394
-327756240
-544081472
429545938
-964519314
1784491416
-634086872
359002894
1194572540
956027549
1743376348
-1666750928
-76149638
597255414
-190368217
437833657
-1796299501
728379220
1281624672
1920283473
1278908128
-1885293372
-111331457
1313366471
-1697941602
1143943255
-1873410318
-1949779114
1742221217
-819008765
-1292727631
-1659612630
1595360265
348949451
1283855504
-994103007
-1047064526
367445534
-931049773
758696661
1297850992
-260109700
-1873753593
191550682
-827248644
1358044511
-365554673
710153028
-1180871640
-504842152
-1733120899
-125446037
1774751450
1968085367
733833762
294862065
-1361267145
-1935629072
2003838439
552424452
1642876830
1758002426
-798703906
1100472288
1631716311
-607505414
-1848259693
-891925865
1781965452
384367840
-1375171416
-173480172
2141153527
-1592394287
332068000
1575927388
1984790492
1766828294
355064058
75525399
-1422728006
-1848754189
-1859084159
-639838897
256913980
-1991613269
-574291230
-1287083914
-1882063883
1641078146
-1798918785
-624030291
1409003853
110915315
-775691902
-1382422461
1911110581
379121604
-921608396
940081787
638569506
1036057448
790966926
-1148477294
-1963357257
247064227
-1124518640
347095039
2118067140
-1641555340
1697863889
522880764
947736815
-1536280274
52367575
1328719941
-13371984
1060024807
-2124125528
-1696219361
-731947006
-1004820970
-1877037792
-1744181349
-1485588906
-1999059593
-105017211
46470939
158187467
1240400946
-918985768
483031317
-248808548
-1819848901
-1546407059
-495299562
-1720566822
2079433467
-1440529219
-1599292662
-969984166
1211394096
-1329366149
849317562
-707082512
-2143667439
-974357532
268735381
1840628188
955416756
2008718939
1337237426
2132520324
1092316852
-1405024204
408495381
10204259
-1615697650
-1309901361
1705876528
1513461825
-881730997
1769521641
319722157
3609508
-275650076
-1945364946
1260675690
-1895211386
-713837343
1831973137
-1663839036
1661323847
-348853054
-1700447008
1467954712
-849106716
-962330461
544125970
-2008638073
-910101655
1089156250
1341075171
396258552
1240097700
1271614307
-646679006
1988054370
-1767967462
1134863935
183660361
-454874293
-548011713
1008205592
-1461799474
1148647307
1338927840
1979064553
958133688
1252077653
60853475
1455964764
-1331176588
-1468434825
225697843
1118889652
1285008616
-699551008
-871068427
721381612
1394401224
-820670365
-1296803073
1825477920
2064400681
1727876537
-295324279
1302918188
-1929936301
-2093143092
1486272037
1991486866
1368538842
1359150130
-2009240852
-611638367
991481839
1904710647
-1597649927
2131406290
738230515
-1295898977
2045056027
669717876
-509740724
1657261418
-1652723515
-675694452
-2031620228
671465177
1274559817
1650751222
-951486097
-563545487
-1691599547
-374026801
-187134445
-1586598722
-347567523
-254360298
-579171282
-2126327910
1603545386
-827419760
952752747
-2050372946
22903153
881466605
-97717067
2044205113
1634989463
1743367720
-1463780665
1801761296
1396307284
1944951859
1589318659
120670949
318990247
-1616074542
-2062861181
-1481992245
1532082185
-1399762490
1666994030
-1950011911
-1731439899
-249926098
1639015052
-1415317299
1188592966
591248938
1687799579
-1037988844
766145490
1215385793
418137058
-1541024120
-1714092810
-1572150268
-1120707449
-448399207
66853474
-873290893
-20563427
482624368
10610104
2023286942
-1406203647
719496240
-1420974977
603251215
926474213
1960443774
1086730077
1976321127
-2079554515
-1041415869
-519452539
1726114246
560242553
-835246928
-833626771
1387234160
1700215426
-1539442558
972599236
-467222100
-1011117783
-1119296634
1176115619
786208239
336630733
-299471521
1100472578
-1488161990
104442332
1791774599
-257339795
252686528
749504940
456446611
-2087388426
-1295158582
1359231371
123616186
2089224557
-1849311777
446336532
2073366167
1928675022
-1604839393
-687162940
1769613101
1380429306
1644715247
-1214987828
1908535340
1236527786
-1970624806
1837296680
1857698162
1067710368
1250522038
1747942128
-1938263340
-891198434
-496539899
1381648621
1097486109
-1169142629
762334878
-547153042
1562317654
1217213108
419646861
-1393115812
-205515193
-1501831072
-1887809226
1879717772
-15518658
1845807720
-734972736
-438257068
-95798514
1612817941
-682543441
-124908448
-1601269158
372319786
-1154767661
724603589
-278354925
-1047194860
-600251808
37439062
35047742
-451071392
-964744098
-1730598346
-1310736646
83145068
-512311229
-1560733777
-844568639
1928267617
1689733341
-2060848319
1624825069
-1452506528
-1508592267
224173820
-619506562
-1780616198
-1282416847
1663188497
-270426342
-126734106
-1025400646
-2142069338
-215072172
-1074833427
-2085796835
-2056268054
230454064
1650791464
718367478
1960410730
1743385830
1954827886
-618867509
-835521374
-518774810
-1388576249
1142859701
2105912277
-480504548
-1862129500
824188740
14776096
-1369153163
-617942637
-1160788572
1221211852
608621984
-2095073234
-1408984325
-52202012
-760637927
-1033212524
-545140971
-1673540345
-87644318
-1902024293
1074393411
-1597825409
-1633060205
-1970612476
530233983
-328990831
-1139130859
-208785680
-1399269932
1997136662
-2031683926
-1493338221
-431666436
1770707274
-1867078481
489110055
-78876854
-1759184669
-862783067
1908237346
-2588470
-134429339
1947820525
19695530
1385189286
1441474228
1007445714
1010970440
1804376523
-1904556566
2047519949
2117613788
-1546322741
2057167722
-574549501
-2010747952
1637851652
-475858379
-247353070
-684015984
-73594622
-1367358340
2122435596
472645433
910922785
670004597
1201464259
1633801104
-1787017
-967164815
-996442298
-712489931
-1406137872
-951491282
677406636
418662167
2007386297
1452058985
524770319
1755446570
991001825
-764770376
690782683
418158423
-1937990850
-1149324395
1044649288
-1079306572
-904915315
-1115229507
2124291620
-530818059
-710497316
1636826043
-408277803
1220557345
1589121324
-1762055745
-1647615074
-404586360
569207377
-1595991629
-229814239
1350053875
1284352029
-1242921841
1678661924
1220431645
1680750013
-226366740
-482556777
2030899810
-2097768350
640804311
1523554773
508119734
478930211
-1643564824
758441002
2039042008
-1314705119
-1008549486
-247260779
-639510074
378036204
1063878587
1494460878
-1818067597
500757540
239498126
306772362
-124731209
1518913123
-1365017456
1856130556
-1708394106
759219802
926541297
1357147295
1760783460
-1081726407
-473600988
-851053774
-179610088
-585453484
-651589711
33205252
1999965343
-1611868413
1797263689
1147757169
-858209437
-1762054455
187011866
-28574804
1142980268
-756274505
-557261979
-1548625986
1687474774
375788306
1070113868
1943584461
-1550514236
834207283
-1547475728
726720161
-1054955756
1561523118
2028642235
572824676
-1108877421
-1635476042
-630439431
1023753896
-539786381
91696319
-547755859
-1727417426
-151221573
-1188408987
184491682
1855780837
654463358
-1644334964
-1156257856
-1777475408
1830683983
735409607
-1739444832
-1492496532
924644852
421718013
498983265
1751912625
-656229032
-1071504310
1814095548
1063119831
-254709050
-920001758
1313021013
1480828603
-1230676652
997878716
-1585441452
959971778
1463081372
-800974419
703944756
1772089373
1767663282
1471289554
727004890
2088931406
-261484975
1749580659
1015452649
2018093291
1977261143
186846884
-1779750572
-1232687710
1785616755
-411004690
1168843828
-1785425796
214056220
-1177800913
201206234
-458300571
-1795831100
-236360770
1079450152
-979694101
-659222963
-684403758
-1193729252
-846685370
880896955
-653252829
-992872019
-1248205672
1837839915
-149498415
2053000154
-1428776075
-837205500
-964560763
-870662145
-916588380
-996481429
1225860821
-1760225943
264672039
1314136572
-281030675
1884699181
-369745032
-379922762
31783274
-711497163
-1499744491
1503088950
-1193965431
1128377243
-736421826
1491701543
1124039040
-470270919
-1184862723
649591032
1794550059
954451072
1090476134
-1639742768
-1487792917
1996317576
-1720644320
6842558
-1027427125
-235542423
679032867
1680996917
-1162128413
-364458808
-504257342
-316987210
2131954433
1723843764
-2017922324
-1925394993
1199718789
1941764018
1098964142
-2008687549
-948676468
-1872808170
-1946365957
-517410678
-1817811889
769705364
-273030993
-886180741
565024717
-1279884266
-1124772143
-2033333689
1577469608
1440126927
861363480
1588146857
-2080988852
1585110415
-959736912
-800365989
-1449226410
457621080
1711901501
310115019
-197112782
-65193678
-805606368
-689219058
727951878
1231894075
-1286517256
1111455252
254811854
629634817
-613153941
53917469
2105016263
-504186860
1743937061
1123648876
-1011773679
1944573909
-1817170144
-452297159
281067407
2070484628
130975526
1875936235
-1975594223
-1408973862
-4654189
-1363862138
874198709
-695931646
-2009336993
260364642
1631797641
-1932336882
256131164
1030137629
1857337717
-1502700105
-47675205
395992274
-499563944
1766291909
-1621015340
-662840438
-649651344
-104554335
-1080273627
-983857422
-714748162
-90098904
-1788513125
-1199831986
406566953
187244993
-1804793072
538997933
-1001159902
-2053041231
-234150891
-173433250
385289096
-2123042899
-1573614096
-1148995166
762264846
-2106730064
1257530600
-1246374750
-1429284261
1357494798
366775999
2070872739
627592753
1947967945
-318510465
1322961527
-764613936
2147328035
760297593
-1356232650
1698053020
-2112758412
104726154
-1638877650
1554009341
194645821
2944160
-1814933225
-35254650
-1295410820
-1708948100
-15086710
1608463193
132641089
-965800008
837829812
764490952
1553863809
-1346825460
628160070
301685567
-469554391
-1919949364
-1795027537
455078242
2125047158
481038004
-1570413427
1036715378
1747938179
1149468392
-1892168608
-1866900236
954790435
-1924667339
-93527680
-892830060
-1620555536
-948063332
-1765762735
654505542
-2011269725
-315794415
150405044
-1997916243
1583788198
478753151
-850012224
-1248738624
-1087351065
553502736
-498396239
-1187680597
-2089442065
1648596906
-303146976
1194262258
-184905934
359436220
-2076508556
-1714592036
1538280360
173056825
-1346155880
1121083150
-1026596708
-2073521948
1836369901
-1837026955
-746369853
-648647730
688980354
-193732759
1025514639
1968154652
-1568863870
2098857486
965443781
-829116402
-549616659
588719358
84425293
1767785788
-1097062261
-353621212
1680600904
-2056703455
2102325276
-340627990
-1363886745
1506611165
1850237140
929853078
-76210822
-615308234
-1663324667
-1429007887
2111958087
693017567
399941406
-1379127767
-2110280547
-1522031363
-1461816877
1495372536
-1494657368
-287363610
-2038682723
98430980
2052868229
124341291
-1525150107
1629961609
-669373416
-1944547368
585835643
46435124
-1445272035
-1837840646
-1880549428
-1627956910
-866786691
1434187104
-1542207404
204398633
384520674
-1569422170
667768273
-325195354
220933261
795078767
701796536
824320312
-884404634
-1702006031
417531500
1484127738
-672579500
1720743349
1654856877
563391255
-811302193
-2114532705
-98045874
-456551831
1315270066
-1216417492
-1267209430
1381723491
429619541
913239035
223757656
2052915249
-1184037669
1811966606
1619453341
-1389632739
1473441223
-524334255
1737184546
-1983381964
-1474458411
851425754
1083095654
-457925847
-1593037817
-1742639759
69341045
-1312935560
614287869
1487522771
197723994
-1022471986
206519945
697758771
1181439697
-1565962841
200152194
1483339393
147149889
-1895328711
562343128
-930694419
-1708252440
1647756688
-741048599
1215061422
-1330061993
-217251079
-484931054
103875326
907637537
62589860
-1358082937
-1944557719
269299151
-1498410876
-360656025
-842223545
2123501846
-460561798
223033354
1362444423
-1623750069
2047762097
-1295966563
1264555437
713433878
2109160779
-373880335
-827690723
-433902746
1218160188
-1253730161
-1817980519
389058212
-424791946
938213135
-301039353
2075674666
-955240634
1856983977
-1685308809
-1426707722
920089085
78282508
95792229
-632688486
377346514
-1167333778
-1908810950
-1027161225
236579335
-1933892892
-1926060008
284473386
-2066893239
892492275
-663453737
1756097093
-1362373796
-1581511834
1115387465
-1858588607
-383242761
2143250529
1358451141
-43017549
1034218476
835880885
170150627
928330430
-1727415412
1282083702
-1121287037
310684616
-292145848
-1401222197
-245202924
859503728
151401371
460413700
-1845030382
-325381441
531186983
1274115825
482974416
-1492314211
-897802978
1795734385
962168695
-1970670203
-1521932829
-1332663
452222798
-1483991428
-1111647760
-375432138
1402134843
393841982
-711538951
-744460476
109835657
-907338309
-26845359
-371587488
1724807147
-495527743
850066829
777301548
526327232
-1847836935
1173503590
-248628462
735575191
1356537623
-303557405
988345499
108754166
-505568435
1053080759
-1154375167
843351383
-1003404800
-524488985
404835330
-1787115150
118588861
-2010235728
1962461175
-453989951
394453102
24884390
815882276
1568046913
422247880
-97700320
1159671120
276148085
725043463
-853141805
1054274968
911410351
775526877
233701052
1850909824
-311966062
-236045145
-1722737085
239906890
-346728750
1365101025
776675997
2071724170
1483691581
-1811906340
1132629105
18819578
-30108161
1118837165
433081534
-304147574
1385126177
-1970257304
1034537979
-1114744645
-1374049710
-974832754
1845608319
-691274451
472566250
106121155
-1986629341
753223030
-331417557
-1401363772
-370516699
-1615083212
1033576393
-1853820009
-812758450
573706853
-1407048532
-680956413
-198033321
82992629
-1737893133
-1618077886
1583677577
-1803005544
158984764
600728053
2000676002
-268453159
746529058
-1465871017
-1917368321
1439148915
308411654
-1798065227
874897143
1891272415
-1797821934
-2115709923
-1389649788
-1809787602
-1603338373
350479189
1130309160
-1936855272
1603419141
-550567922
1708828173
1104336724
-1885567284
-687151527
-1734612114
-46869207
1298921536
1301421658
893448502
-1277516732
-834195599
-1193549254
86049510
1094471116
888453004
-2116620446
1935443899
1703870131
899989924
73643749
1652284431
-1847103665
-1105840458
-1996709571
668458239
-731729880
-697539098
-1728947911
1166871117
1800302611
1790628623
1143820854
-865836408
-733540481
1772153210
-792396404
-668246678
1423119630
1772590828
-1664064693
-56186752
-1838622873
-508620059
1893405223
1038191120
-2126221238
-2133109209
145005232
-27914698
-1186902812
-1403910539
-1887434299
914907727
-1353978012
-184231268
1225528906
-26082661
-835340851
300923574
-1521224168
-2017485283
1811790349
-1277026131
-873198027
-626076474
-297853105
1130331390
-337841596
344404946
2057724045
798663615
-1207802049
1350308976
-2074839960
323782114
-1007985310
1887125672
-1372595653
1231469243
2029196650
1967555193
1905321069
212245951
492496127
712278337
-239610874
1645610125
-1806741906
1842844001
1683003780
-1814900430
-1057333350
9394720
-1758376209
658957480
-1444377548
1962177999
-927088853
76428704
-324765911
-1378127826
1143705228
-60747903
-960405668
1671350030
-762849105
1253359023
-388815979
137744695
-31959161
-291166448
-1672605256
395882379
-1665177674
1214127563
506983737
-1290818453
-391414243
-68982958
-1053353777
1192144216
1108337334
2013446306
-1188876441
-1037853987
1110295712
329999049
-603498405
-1970740563
483523451
-1650799704
398701283
1163622407
182258165
-1559834886
2070951115
-1467615647
330315173
99169172
394901606
-580335036
-1917597673
-1424924434
1796044226
2019656821
-187183833
-949690143
-717858020
651279189
-1305353582
1526708658
-2032994154
73932426
1726999753
-1267604402
-1704856794
-9133859
-1744780023
-429432105
1787704017
-314909595
-464440153
853326687
-2105327591
1757680869
2123157936
-656811278
-567966540
1927576690
-1976069967
-121002791
-658414722
255696473
1676550098
2015670813
-1971364945
-230550466
1122524969
-1014364854
1327147856
1306323336
398101068
-557271436
1446716650
396447996
-150542552
2030689150
-156619647
-628256600
-1214575088
1484402841
-995749952
-2118760447
-7266536
-926464757
1343630709
652047439
-1396803420
851193905
-728391618
306894665
121553723
1300632262
-495886204
-428760069
1250125472
-1545017243
672272809
-1270245905
-415450077
1697738060
-2045186435
452974220
536056372
-1556538270
-1325758219
-251243336
-796994248
1889372539
-128364258
2077127365
-420843105
-1935893543
-1173547186
1223044745
1075954486
-249860875
1541668253
217917390
-1123998279
863358847
-419656557
-439801619
-761824596
101761700
23060258
1092097460
-73811862
-1752541810
-1317135914
-405314416
110614141
554024752
849256778
230131176
-1784435920
-944067005
-59194403
1066655174
1712295523
1658525067
-1035941210
-231853124
1525929373
-1638729634
-1849645660
-1034502907
1485274471
-115737754
-791500998
227026153
-498494505
-351879771
-1039662375
-393136282
398342250
-24101447
-1884552450
123474444
609961239
1323945825
-370136481
1870462760
-596773728
-693476033
-920865696
-1120837852
58989098
-2030554401
1382295756
-367442899
1584971280
-1220678921
-1666189632
1551672342
351089651
570367472
-1113109782
664224892
