844808851
-416439867
1257216523
-990473391
214458278
-499766825
1137351748
213918487
702433731
1462591248
-380024953
-1480222871
-1710532522
159510036
325043725
-1207457533
-1816482050
177235750
-741385739
1096129289
1111296315
1324102090
1693151758
-348286648
-984707739
-959342932
-588597258
-2118809919
-2144183585
-23854144
-1756206237
-293689240
826034060
594144937
-648307008
1562187817
456425602
1663695198
-2087245573
-262513621
143131134
10697995
-788635491
-219611561
-2014045546
1282727732
-1343491046
-1859903461
1384803764
-1981328096
1029272426
-934410646
-422696638
-762578572
997416663
1818026503
-1820171614
1619908637
-77672680
-1869260797
701288161
-2132224909
1814629023
-1524199804
-1999680981
1785367963
-1215652817
-1527529017
269345408
-1766677204
-1112752464
1727243623
-1726064217
631131156
-1531366842
-1102178850
-277261725
-1813694020
-1393963361
2145705548
1444191460
1366061418
1062102668
-1149462921
-1192143232
-583697945
1104466131
-1232675566
-734015326
840362849
-1215813054
1054831170
1046901506
-623544430
-2051431161
1088550493
-1386738410
-1274884064
1595308351
-1235857164
-2055648569
-1736831161
-1445737780
-821165037
941375592
950503093
525506667
-252907577
-594263581
-1757144908
-1624569852
-272872992
-531400395
-435519602
-1901091772
-1110520329
2074538011
879699756
1173249897
828991922
-1866661619
-406225664
-1254199460
810805574
-1259510933
-1041769948
667375364
1193895997
-805746954
787835843
-245452584
221809272
493695617
808172983
-438333770
-1539325577
-2001364505
-465581197
-1225293069
-1789779496
-1609408705
-216745181
546481842
1979026717
1956950862
-298014959
349254009
1515402162
563480893
-1653466806
-1543080447
-1621118163
-921824885
-1548018303
82466892
175133911
915992644
-1986982606
304320765
1594306666
318644850
7764490
-1914547741
670578460
1889257172
-954803579
396894166
-1834652964
677461453
2023873753
-1529678394
1915799002
-239119201
1892582418
2001667344
560371277
-1298960424
-703564931
-1875663085
1561023088
1249274124
2135690314
-616213501
-245094196
506401731
1610367340
1168093948
1434570940
529767861
663176644
1785206618
-246849746
-1423688140
-324175747
-577110201
-1196481626
-1168316183
-690998343
-1811650668
726913416
-278726718
1652842861
-1045952307
1408530838
1871642666
-406914424
1645465990
-1960699978
1570916219
-1675111334
-1436667397
-54675207
-1116042576
1040277555
-416346920
-66945576
1225657695
-1713749685
-600350380
1320615103
480584677
287825121
179372675
-910964529
1843768546
1748453541
1397878764
-410705696
-1046991385
1356086106
180626265
-1177941308
1045792622
719053751
-1217665042
-2024579374
-104369142
921422222
-1990979971
673810338
303384287
1203445040
45650712
1439169045
1622777171
-827385586
-568490010
-1924552297
-560662523
-970892893
-1083614918
724696231
-438538499
1910067089
-1252606239
959579543
1287845157
-1834471414
-1593577797
637666192
2125389560
2133395313
-1213602676
-1167888423
-659251079
2140983872
132109076
81795928
1814754917
-671825877
360452700
1545543768
649850539
-2019883642
-1369104558
-1242518388
765035547
78438115
1421508760
1673389907
-525090466
241085183
1491510424
1276803133
-1774608602
980238046
-1381495589
956920269
1032655269
-1710368717
-500082021
325035136
-26871486
-570404347
-1738207082
1909038606
-865670518
-981631088
1747656228
-845424401
874643812
-1963601560
-366246005
-856170464
1002124169
-97343260
-1390755950
960064294
-1573333454
397344185
108627539
-2041924014
-1670755566
-685622812
-76324523
-475030713
542640262
-1987940403
899940570
252390841
263155978
124866217
-79878540
-237248393
30420463
1851357471
663478493
627472042
-431488694
-1296555474
-243977976
-125287074
1139098415
-1687612339
107965555
2007861570
-162038241
-1635154221
-755044161
934335659
802741950
-488086119
1125252225
2100615646
1423076040
-1891569955
1845543258
-1957030514
1612198725
-320418967
1890845508
-221897309
-1367738884
1951991027
-1379542737
755669052
-617094620
27492039
479552204
1960189687
867333217
1926026403
-1501591641
-247885201
-492331538
1040761825
-1979968645
99656198
1774103318
-297434405
-1484799039
71601123
642227432
1563208330
-1594287479
-334735042
992602666
1209439856
197593741
1253972698
1229577101
-67543369
728092803
867756499
1349187362
692768922
-503345742
1898426521
134819596
-27326204
-1328318520
1415118908
285853559
-750545546
-834686486
1734899177
-641718328
-2018427091
-546888949
-455445324
-1395520747
548201603
-1188176512
2090022807
-1672887337
-904788843
1960569812
211713978
870090462
-1765285595
-111175975
-1882365196
-1286213244
-888382782
136673535
1619263121
326713125
625863462
-1525812504
-748088747
129753550
499147230
-378743493
675661760
1162113588
-110213328
-1552329801
1870932372
2127833830
2101545272
-1956538997
-1667297388
485515974
380131156
-426346779
-373390707
-721110347
605245377
-1910943799
-1964516199
-393350515
1048863622
-287386589
-1747375710
1105762644
-1211689840
-1862835938
-283407323
-2040656723
242020894
1549683638
-1957647816
-272794735
-1571719330
1716978828
-2122619187
-1435115457
556445784
-648534792
1413770040
453059953
-1132148469
552712548
-381729554
-843060529
1875176149
471686359
-1304618097
-1570202456
1068633111
-1204028976
1107706661
-1490824481
600348184
384713813
-911987026
-358929629
243795242
-1372438198
-436631849
-1629547934
-1959270646
-1375637754
-1124177654
1012609407
-2020353140
911237923
-86830422
-480743103
-458982537
1963585941
-1724154723
788973967
1040533933
-626183939
339389194
-1510453286
1211503247
114749503
1554822499
1150957785
664296863
-2123075247
1512753829
-1915764356
144692582
-2098823850
-2139834914
-1751239911
147245463
37299690
105883375
-1659341076
-2058997901
-1643788353
-729660525
1588325566
715310191
802824808
-1215150945
-1646823198
-1927858411
2086181237
-1368906869
342949224
-1342342617
1492316863
255958064
-1456688499
534226441
1013065220
1671694035
1180504688
834341984
-971828811
1200344673
-2078716917
-1847172619
-1276565234
-936999172
1734570336
-1535761697
-1439338649
-147232586
1539757298
-726100767
1624331466
-231853413
-2022028682
-338359280
1328695236
48019956
-493273398
-326085191
-112979840
-725112374
2076302118
-365793919
86329617
-806930775
-292182127
1781522636
1472366350
1518652069
-696426347
1299940450
-2130572701
710340001
-2132282315
361455696
-1191508634
-1975718450
155703839
-731515380
-472853976
-236057486
-1919861987
-725924645
1652271373
-404213014
791583697
1230975095
-1722962785
-1876528142
-242680159
1085353451
-761504098
-1276650206
1201385711
-86549822
-1713122725
1817402555
-992266355
1198613088
-1959120827
-481443933
507121264
180999598
1631542980
262343598
-1651691614
-1311581955
1646126149
-1410024930
-1220700803
-1985655773
401561237
1861391981
1733504021
1627902186
52947826
1199326537
-625416714
-218803285
64093791
-593119265
727771151
-1636763083
-107241544
544804699
1156251884
1282383090
1346732293
2029302959
-2099323093
-428003764
656659090
-177428332
346995496
-632900532
-1537808834
-1822273586
1976461306
764917892
141208467
-1655291981
1282801571
367284783
-899065577
1414254317
929472130
-1134088554
-2007050527
32403070
-1652891124
1449999284
-502284690
834998020
-2009850181
1725880604
1820328884
-1814030786
1074823493
1689301786
840080248
657631438
-2054844655
266644505
-1781746980
-175092672
1329445350
107313219
-1243853765
1666458954
1424947941
562941806
1798001977
-649636267
-116676423
1725323574
-289043947
615531068
1777204492
-533481626
-1016546752
399292242
-667812548
627069595
1459372595
-929741143
452508238
1155779883
-1910124931
-725070959
-150266846
-1134280638
285129755
-1524668577
-629036056
1508616014
1280223755
511341935
1325011410
-443671140
333778979
586627947
-1346749941
-360459709
569700126
-694330932
313283815
-1701587392
569568759
-1346748256
2048796250
-1260705566
-324568967
-629068658
-1260300114
1405986408
1277932311
-1908445161
571590256
872725736
1386305528
1354075422
1755443115
810158961
-1562193578
1042932393
404557400
-2054533260
812262664
-1160645911
-888046060
-985709473
-125663908
813401463
1804430099
-458925686
599890730
-366007840
-2109539244
1828479574
1224924453
-1021714845
1351118102
-1285512045
871401588
1050926840
-541341302
263973154
1842024064
158785684
618218185
270824155
-1059517425
-1500103509
9326087
-1963327568
1123491218
-1127231242
-503119095
-2073085934
-211802950
-1342924938
2016832980
238039187
1211880272
-894158153
1919010726
1874649548
-485847227
-1712903591
1319226153
-31933824
350422024
1556542412
-1906010138
1876865025
-2048461545
-1085480102
-49424137
836464850
-1415961127
-521457302
-1641405696
776314253
1226795689
-497729534
547732832
-1480184825
-670222539
-1924158323
-1693824350
-1476306767
-506708471
-641123874
-854981575
561171008
1166538086
403297908
332823916
1014352784
2128745816
-522894593
-1003740785
1904000965
-350788857
-567075550
1171972467
-1928776525
106257740
1382437498
1546109983
-1490536577
-1092247929
-2101723169
-1276490049
2118963078
1892485039
-378797847
-2029783076
-1365458051
1607076010
559592374
-1006691891
2036468952
-1468098082
-1215187735
1132861548
1855298927
-1991787769
-1905518603
-1287999987
1654545247
-1995601078
-465510502
-1182755924
-425101522
-1284223350
-1065633105
-1622280091
-1733328846
-1081609221
-302102238
1732738088
1401674546
897642996
1826762045
2073338284
-1245544627
1390054152
-1737200342
288680867
-387310310
-1629499306
348580025
-2022893264
-1167125488
-1906969312
-373495969
-1754843755
1120262696
-1069561958
1011090049
1117220657
-1066812992
-518036732
-1715802126
1898113448
1248790978
181956346
1234956474
-341508253
1363035141
111575050
513337369
1350739515
-310403597
-2118095481
-1766629685
1271065456
60098411
1970974876
297465484
1549712095
-1350913049
1984438435
-1824452131
-227973772
264540641
-1558601545
12104712
-2120836388
-789490574
-1382903161
1919278434
179948159
582087484
613491309
-567285808
-1742331987
-2125544310
1525072062
-1029789813
-1550480106
-733899339
353262691
780293159
2075171711
1387161033
-1888275800
2067955152
-1699221581
-858085785
1957972051
-1127181609
-1033126985
-245553428
1568530424
2130622828
1516015424
-742453806
1666417035
482607533
1888762729
-219642794
-231053513
1325609951
1077722528
-1237714853
870146925
2113519354
-506042911
1792874638
1455461439
-1362064534
-739398617
904326857
1454143469
1579202068
626288926
-711541572
1574778560
1155168150
-370579940
-225214774
33306134
1998371795
875853906
-742115024
-2118694722
-663736914
1875680062
-1837272212
1361711237
-557794540
-1109344668
595625436
428041488
-1449339584
-443336132
1106222500
1285149676
-1376652999
-1067245459
1042520789
1556057571
-2081289057
1994251068
25111754
-313043567
-1387906392
-964243394
70045909
514933558
-1720812188
1049229909
543921947
-1194364468
1970237256
1890168537
-353840708
169863516
-420314903
2116485652
-1360850378
37378701
705023751
-530088204
833952010
1787133821
-537602867
2048009723
-1439851616
949040595
1971551830
-1165432966
-1090321305
1026532884
1667850099
977472765
587239744
-383185866
-1249701205
-1243593207
1736209436
1510667634
-2012478334
-1491907580
-1535321629
1213007710
1452486398
419320180
-1947468905
17998906
-1568568986
1485484140
-1332109895
577896585
925970508
468225090
751477227
-23167517
67144142
-168142203
1023250134
299720457
-1984108009
-566524115
-862637491
-435607239
1416920108
854632468
-1182219854
-1244051772
360149733
-2057112667
-1135928168
-1754743075
390907448
1305472722
1343296938
1909462706
-421592899
567379531
-1212619318
1649651648
-563486355
1938949868
-1156371076
-337037469
2012861869
761440630
158345349
-1662256212
-354775157
-1820154495
1197078479
469842294
425868358
-800063567
-930142833
1940567995
2136678163
-50690264
1390331817
1024934947
-316304354
-1654344133
616162386
195421406
-188170290
-1738184089
-513540873
1552536498
348679757
559458181
518447965
-833972649
-1258625209
-1407395267
-1383318264
-1816344574
-872302096
1954368952
2145474785
-624596929
-1665874612
-454965095
1936734994
839041795
167706794
-114916052
1470300980
647185921
-375338895
-922814240
267718828
1038341948
-347884770
-1804001550
-756577966
-873168675
-980929908
-732022165
1986340434
-1105492410
-1770683018
-91667636
-1097110697
1648113254
-1271349958
991589126
1812835301
736628558
-2035819553
435332143
-1559723258
20317956
-1513468327
-1218938509
1877123368
1233456535
637028107
1314160584
-85846971
-1105453965
859225228
-697253915
845901380
1491822326
1804472493
-1000639756
-1399689825
98009154
-1753898054
-256651643
-2005267387
1479576148
-1068574720
1698896838
-1771300672
897892949
1267616143
1448316401
-781271654
2048851504
-975552959
-1292268539
-1331651843
930541412
-934178310
1127965112
1611290265
-1964884198
-1147231440
961448875
35571145
-1204627590
-726793299
-622783777
-1827596808
1373630009
639168915
-1680299161
1740281665
-1138973578
-204481375
-1000830369
-247460523
1259884486
210860980
-746969316
-146756959
-70139763
-92326257
-30123100
-900261456
1135090063
-1712855074
-508585888
-1705559859
1919487174
-1888601225
687677199
-1791398932
2118488437
759180515
454195454
1464772809
-166500483
1583966749
-699818891
-2123980463
97713134
-274555239
767128948
-1606176703
-1999207712
312208007
1640088991
2018405389
-1117758844
-740226472
861966198
-348847102
1281100661
-1067847039
2023129288
423676846
-1909032365
2119361406
1921192041
-940664705
-1458626926
1126382105
-1153940702
285005225
-842706289
-231047189
-321827864
-1561562547
1174540516
953122851
-732529839
-1944056361
-1768967428
182805637
2091659843
1721173671
-464091927
-1357439307
-143537170
1777880819
1483620980
-1227251275
244364027
914041834
237097333
1290383276
-125102587
1132086045
1438895461
-1549647895
1989996360
-1839228390
-838354895
-1119567578
364467095
1348365402
477946960
-1995654128
2107194515
1230633820
1376087063
1702664710
447758873
-1297695471
1257556555
-1964403679
70186748
-951743366
1898375160
-47640972
-1115562764
-1223769969
437891968
950133652
-2043206699
1899842914
-1994353418
1915249754
-215701501
656954244
929715116
-1976299545
-615848924
-134495833
235356426
-1620424728
-2121741801
-534319996
1923529889
-630618854
-855656667
-1052622593
1939891583
-1049309168
1145436022
2140894344
-1538356028
1180140083
-25588538
-878061629
-855327371
1070961418
1881943128
497201002
-79270513
175961532
-1405310934
-1166035086
-1668338593
1458621138
-1589561495
-1169673108
-1858149872
1846504000
-26652121
160380718
-749603707
1776322981
-1510665142
975173298
-1095342743
-1924594991
46881735
-1023712195
-326353533
1213595272
-912845296
-1940365885
682678606
-607549563
-412651317
1938432649
1725557448
-2136028735
-682237501
-624497140
-344046454
-2007203340
-1183827421
-2080187103
-1709719016
-357539492
777271521
1924235613
-1758797446
62286268
-1077063561
-1870477642
238412299
-207911513
110924760
1800802153
-344818544
-872750851
-2086797663
-790058465
74614923
-662059594
1979550863
-311228853
1649484497
1193148638
-1134439375
666520277
-642307750
-397995040
-619112226
1699885820
-1584717736
-428689914
-1599010840
-148548233
1175573642
437873215
338728209
-686278178
-590983471
100150563
-1884378563
1845354568
1116007683
-1020756172
1316462185
56270644
185512958
-96972953
-1566660645
-1730380884
-1951977728
-126383646
1240972699
138305447
-1814007754
-2016850171
2034867233
633197230
1288570514
933435054
-1521557169
-1314842429
-1055851295
-1882963015
2132308897
1925569405
2092709404
1154804677
601008290
-1190215305
-734938371
348313405
-99492191
856201195
-636564267
-929038954
-404587100
-863636839
390451612
-600440363
1881379741
-1367710227
1122135369
481719124
1249017819
1363984224
-1578804124
-668477756
1382113731
1684660253
1483400152
-492061835
1343831743
2119704040
-718804467
901406933
1763971957
-1574613445
-59306698
1949610037
-1154857925
-1744314447
-1041216793
1693814483
791814347
1907205544
1008405737
-124269548
1638362931
-851887584
-965497007
-1363791856
626799118
513350121
-1476734001
-281055660
-1122820616
1945231101
-1323952573
-170917662
725054014
1904688426
-269551979
1268789116
-1586681643
707110132
-1611265083
280282913
350204301
-1396133704
-721562560
-756726312
-1478185850
-1386692588
-1514031243
-1053655381
149641186
1193043334
702745768
1209334262
554214588
304122451
-173065466
-1340434975
-1392826537
1537502377
-1482733832
396307242
1367430810
1657068551
-105750341
-85706201
-896545092
-931899428
-792049616
-1618484213
1402768187
-1836845970
1061788144
-778324889
-519091183
-10802691
-73311837
-442499340
926325290
557511207
-1736684142
1538315663
220471056
-1630873714
-536084615
-1988240764
-523615257
-1049306185
669284001
-1703513330
-924824672
50288437
-1273954514
69738014
-1213113239
-786286586
1339921077
1214575451
1263414371
566706748
-160057839
-744190358
1793082775
2071672543
-1506615177
-999167378
-1185344215
764413201
-2071871546
81588690
-223987250
-389125773
518450723
-250689979
-315112069
-1365794873
2099309765
-1433664250
2101110366
-146928937
-1712424948
-1902081183
1422043921
-77203820
-1059223336
874807160
590206477
-1783768959
-520579304
25338182
1247802460
1005564497
-1821576799
1139025889
400698258
6519503
-341950656
-1545163010
1466921725
1829023997
13139218
-1752893254
-1982518245
-853836416
-242020846
-1138522217
39865932
736888378
755806195
-750889788
-1924851256
-359344072
1806788911
-263903584
635078098
1817152463
-1550269345
-2096608383
996269613
1976895233
-1510216499
-1745896272
1369850831
-1663499740
254312519
1918037432
-1488517932
-1918455099
-303158731
-1645753376
1631256501
690143433
-2115871763
-1901874699
1766491577
454355413
-1179208122
-1160686516
1193308330
-1176635665
-1718355861
-439686906
1214930892
-605755291
1580500977
-1292365675
126570506
240155629
1503061546
-190627201
-119340174
-632262387
181511867
-382549407
-2102301
-863227972
-1994933397
1737318711
-29848315
-477973175
-879417026
154373850
-469464712
805432188
-1044809022
-1575387191
2117914447
2090454522
1124500391
-1009292501
1303222207
273809901
533678485
-544135916
970731027
1278133220
-1497618886
-1740203769
1426960867
1417433079
-1297713503
-2108495685
-272938876
-324655058
1253010378
1828205346
1838379458
-1999512286
1620758646
875710374
602895308
-1580516123
-1330653119
1273678261
-1398861201
-129364962
-269530122
-833779585
-1487141497
2054663544
-1567643874
-308015362
-1285954895
1545427773
1252326106
-1693732810
1082027589
-45492419
1457760754
-557214786
-1340504189
-288901900
-523611603
1765049982
-2035080181
-1649696277
24147682
-194735175
1324945042
1909739614
1107083470
324315725
1480416466
-592713698
2040457000
1931661881
-57552702
-2146098759
-1542023693
-1830832544
1385928967
661417943
-762190446
-970553716
-1862392662
1479006950
306395041
1925346741
1542651402
992375545
-642282239
-499689343
1418715411
627735533
1827907893
2035755022
-1684307793
352827341
1911527148
2053532911
1390718844
-1346276489
946692574
-1376921995
924245952
980040063
-1432282662
-76053969
474099353
1154568018
1961718560
1918547891
-939757960
1948803230
1129945067
-610198371
1751377104
-1618084623
1620705106
1161602263
-962351351
-300954720
97475920
745915162
-1994063174
-1925080598
280756257
-437412427
345488663
162834268
23146191
-2063053939
1051719080
292344950
1157324043
-11575964
1763543100
438802318
1013794880
1251817309
1243466268
-735912972
-1265151515
853933759
-1588142462
-1404031146
-518411502
377167865
246373963
-1195187866
1523918166
1509077221
-590592276
-168953415
1147649223
2007774032
-1391827806
-1791940622
-182505639
377519034
-563631123
-2088627681
1739404659
-1748844455
1193555518
603039074
-91344961
1519719524
1630131694
1134775507
-1110679999
1509086093
-2033945230
1975923364
-774441813
1610072526
-282806835
-1669402746
247832558
1678959464
331972677
1504857164
-271167212
-1488957144
1350860633
1317534157
1299997004
559254763
1654174449
1820746509
-701144250
-115336603
-676228137
-2053702242
348730817
919494685
644119141
-1017856956
-1629475999
286725307
-1495974784
-1610840105
1244879813
303283333
-1104005436
1852957293
-565677608
-1928922329
-1974782720
-515368777
367758183
848281010
650767844
1692575147
732888564
-111771418
717882873
2093329507
-119401271
-1907214412
1459211728
-1034310588
-1947394993
1435932157
692858750
569627491
1259490976
-76168288
1859616583
-1540975837
1350071641
970701747
772023192
2071223074
-715303755
-680928241
-840349638
1538825813
-1181010985
-650286831
317001925
-549878159
-1953622426
1035209119
-144638382
529987980
-803570850
2049802089
428506228
-990783996
-1537166043
-385167
651348327
-571438945
2009411292
-1583755572
-1953976950
1978949875
1856451320
963086249
-1693338102
1445283848
-1314584816
436841106
997189343
-802177733
1273327864
-943742990
-400812036
686505316
1640757517
875138518
470577602
-472025029
704544210
749676023
339852469
552663031
-1309152069
443994104
-1968342927
-1443094729
-1362283447
1513010155
-538055202
-1876975322
1468449622
-704812775
-126046046
265410521
163719601
-1257747198
1522484183
1071553786
-1737183763
-1369848158
1446041085
435783851
148958326
684849654
-740865998
486193828
-396438556
-479154243
77919392
-272854627
-1615424877
-2131790461
1183574070
2048062707
1539590515
1536113114
337544090
901452933
-2010933221
1517086954
-1612400803
2108474079
-50375132
-991638228
1263292272
1025822106
101911988
-356206478
-1668415018
324139010
1135676249
-712427222
-968346470
855931897
544806679
-2015207454
-1976848637
-2124794598
-1936119101
-914302706
-47863289
-1453336031
-751650414
1442078473
-365562884
-1757288311
1964268780
-93271975
-1462297707
-1976686986
-694093178
-1075890633
-808856053
1118887637
1790621615
1895114573
1282675866
-1033421887
-1692840472
1734570689
-719880914
999449384
-1797745478
-1681166478
539638366
-1179829842
-8039228
172542848
-1336387943
1642131408
2059122707
-314386415
-1167911266
-112018100
466348982
1914719570
-1015609551
1510436544
1863239312
-73086276
451457547
1002416529
819825007
-462448744
2094214673
-285603314
-709030819
-444110908
-1424818487
2071363540
1904078134
-1319688009
46855945
-1016558477
-820472966
658250433
1565004528
2134657105
-534438556
1862646423
1861516570
-441691698
-1338209733
-1026801905
1431909135
-819656023
-275663385
680177447
-785318661
-330053727
-169477690
-1741302709
1787210916
-192489889
-320436544
1188662487
1308874647
1533902226
205311128
265962201
1664385189
1695898460
2070774405
1125157660
-287873907
888456684
1531389185
-984534943
26861050
2141721195
-1822819105
1096036079
639210671
-1056840164
-2063531101
-1257151410
-671781888
-1888684610
-2044446451
-1949173938
-1671797629
-861939916
-1487782409
-1952334770
1645241607
-527840921
-2074589088
-2051270214
-1764352315
-664168853
-1050884921
423899349
286949589
-1888619552
32651453
374361784
722824931
-229571174
282933941
-1723012711
-836194526
-497621372
530682654
-1136939440
2123187072
1076976576
1503124147
1888969239
-153050598
-1429662189
-259118575
1911397521
-2073526031
-1827723904
-1911837047
1120640525
-14997282
1660912434
225982519
1269548555
115704771
-1255680610
1038488915
-1033540098
-1316529661
2039730920
1733152454
1081683027
1290892083
-2026707578
-2081383936
1806681009
-2137485807
-2082408669
-1265658872
-551402878
1475044276
1802929605
-361555500
1864767154
2018060805
-572365007
639554010
-922740297
-2001122963
-275652979
-498844954
1810749648
679229903
-1802377145
1229902894
-1404789360
1989720760
538894390
-167628125
1062861469
1325914837
1443227134
508794761
534896821
-447380827
1938662327
-668083127
447381490
531789422
-1999480112
1936181125
861829454
332399476
-1009034447
-937287827
1148855400
-944976792
-1704048481
-2042360496
-1121391225
251488543
1627837029
-1893620106
1737232351
827510147
178241839
-960385492
1916547091
1355525070
-530284744
-2081102561
350984955
473777652
-1204781401
1455585773
-1708708698
-1248632224
-281796042
-1731039495
730866594
1424906211
2037189653
-1934096002
-1026988934
-1107204887
421132045
1955306982
737603967
916637165
422608359
1331973468
794204875
648167214
626881805
-46692193
442837634
-1458434654
1736358514
-1699910631
-562851493
427389739
1745854383
-2015999696
1992546142
2066174472
720327278
-560008997
-344075025
-1588687987
645588747
363238263
-45615094
1392317974
1718282615
854739418
-1085236785
-1852178887
-125921184
-1524130904
1465428033
1789249338
-1795346802
-1967614235
-48715702
-918823229
-491266416
-1576973109
-1603972094
-125102124
868050071
754960350
1477007664
-1855561480
-1080405343
-330510531
-1499595760
1903045049
806320857
-1198716103
-2029739434
-580506796
1876565053
-990421205
465537650
-917337936
-1765821055
-502887295
1535652630
1530034572
885629490
708408090
2120627956
2011034872
784000543
-316243244
-1720606516
-1745940730
-1987261708
-732155294
1620573093
1274478016
-2140851162
-1697542302
-1922325670
-154535588
-901526250
273103790
-730261160
162294702
684815728
-416650255
-2011799132
-606133539
-91254827
714128253
878488611
1689221977
1046156985
2080172380
1413271061
940291340
118594445
-83242332
799231970
686483407
-94071777
756694543
1990791961
-1780790497
-272000447
1711361226
35247285
1241564432
-767786583
763405453
-2039869535
-487000959
1668442135
1438033643
-3538051
565783184
-1486150724
-311932437
882631586
1959659344
1983951834
-1011391018
728724067
1554755001
-1108699225
-1164997550
-1425699690
842580704
1218785143
-417284945
1644325202
-206721945
-1257534439
1298172288
-1055026695
1602535990
-1527492480
-2113961107
-1039477128
399468394
-704083547
1724513607
659014093
1158626957
-720002900
-1790411427
1504531145
636611847
-1450587323
-2082115571
274595095
-868146731
865902165
2015555485
-760990084
-1908419720
-342120748
1975825739
299242591
969468207
1173171448
1820297122
-946422388
454214503
-1546025581
1560328719
-350833612
1597921138
2135791032
1345687987
-1434436552
705679991
1573874853
568566649
-1530043994
-107350103
654841820
-148865173
-1474731133
964996539
1003754898
55065921
22513354
1965715347
1040058701
267894331
-1066035788
-1555065795
-455239992
1065924656
-2020569286
-84827614
-1437694183
853204453
1631996631
2111578489
470981653
739686562
-1986587502
2123604476
1643296243
-573831422
712410427
1660872671
656027438
1234613515
1767578356
2134995965
-948858192
-1332559491
705713651
1270471508
107745324
60335214
84368773
1363780019
-301116725
784403222
-929140395
-952923215
-383541750
-733479705
-1516786962
288922593
84694242
-1412121119
-746859651
-1838469309
873942824
1974272547
36590043
-726471428
-1140874954
-894482748
-1899793205
-42762935
-365512245
-1554422813
-352674433
1215511473
204012079
652061692
2094141025
-1707190150
1114713242
-1332073347
-155033073
-1374282403
1969388758
1399514008
-1785991514
1749240188
-1113139421
-527892645
509647170
396212371
1730793818
1479965181
-69673531
260753774
493257300
-23681159
-1983181096
-774424678
1085336460
1007257696
-603450833
-991404961
846846210
795407851
-227468016
705432301
219568994
-152831153
34485525
544046036
-1736294299
1394995285
-419071697
514390969
-483971721
1564223785
-489720082
-2040573626
438845594
-1685696655
-318435328
365235810
-1706271863
841660577
1206367223
-1036435294
-1482719968
692669837
-192089521
1739732222
1485163770
-1816340673
-1985828690
445006535
2139176283
-1646017270
-749645459
1728172504
1469376336
1642512351
1192638039
1939542027
1748993301
-1887133986
-2084074577
-1834546705
565751478
365990191
-661604489
242948791
-1632453384
-1228369645
-1244313361
-903813260
1889367673
-1133022155
1288528987
275929478
1820584725
2125933894
-694769911
-1361687472
-882761333
1826427592
-1650407534
1194189354
796228448
1491287848
353203807
-653413221
-86707454
-1623237102
-317767057
-1940040761
-120809423
-657949951
298550870
707447078
1833561754
1074963732
134193544
-1020849802
-765652284
583040040
-672529961
1360773618
-1381185233
918027042
536592698
-1460056892
620354490
-1406594164
1977605071
-1994352457
598763845
1563029091
-1448000990
-1702764496
-1303639146
-1550457298
218713007
-1235874978
1832777600
-1827041710
-1843114587
-53020240
307395393
-1725473884
1995594220
1185836679
-1014661332
-1405763008
-2000262551
840602924
-1425281913
677436568
-1346995072
-1455271932
139599542
1989603279
-253533990
-534591742
-1492270440
1981309255
218579815
-1054676644
1250150448
-74911368
689319846
-688859519
-2046211448
1314476035
-374598365
1947755081
-892300847
1781357830
1001918529
335620206
-2138991666
-1890276430
-712180935
1492509498
-869296525
-793765351
-1216640158
918419842
506714313
1471713868
-1969586510
-1804765230
-980457964
-435664731
1671798148
966715625
217347894
537463648
-551250789
646824295
-591788459
-1417709712
-1080628378
1790923460
2080536763
2144609936
-1368221051
1179875716
-326597890
-1703335273
-1047066997
1844804264
-32265376
-522491376
950952709
-336018329
-1161294216
1748283913
353616315
-1984657891
983255569
-879980245
-881569227
1441551236
1819456081
646139914
751211904
-1622980831
-2062732003
-916219202
-1667593678
664426496
-1189244996
-1381191758
-646835030
-166603102
-954221894
319825851
-1593759844
-1133427402
-658591730
-923030676
-1171689268
1899495175
156102526
1635264936
-780300775
1825334070
-1456708286
-1800576137
-950792516
-580487512
1260164839
1106370845
-1070414639
-844222143
318257782
-650337176
1843342103
-992679343
1256430549
1062153290
-1729568013
1735694414
1200059500
-180118106
743411386
-1644767292
1394481419
177481070
-1489662929
-84873848
210444810
342747117
1738888010
956381235
562229681
-1888284319
1166507323
797820110
-348537638
120904652
977516462
126548682
-2107115051
-1981309429
-1469634481
1886163762
-1007920757
207632423
1397687439
953306915
1227992805
-1014271766
1367237032
-777707141
-117348242
1116018869
-1724743457
-1401897009
-456032202
-1736571503
372841480
303091363
505873913
1157446787
641758799
1820859604
-309024895
-990258141
-1911474892
827040345
-613491896
-1391420305
1654539735
-1213057494
-1346006688
-974063652
1826050677
-1663750273
2110623383
-850701906
1928236082
-1573034435
-454961706
1212853640
-980759272
-1434761555
-2132294711
37342278
-278178209
-41948050
-2090417980
1000129034
1922215662
-243763028
944680164
1627740564
-614308319
-2092165230
-881431947
511301847
-395723059
384854269
-1601295725
1638595272
558204544
986660977
2094489619
61813368
-2012242676
-843845552
1252949155
1606847333
1807806534
-1419406264
1896930351
-1593066740
517009419
477564685
1191936646
1915500482
277462659
-1188253880
-1431990467
1904896195
-1590124375
2028122062
-291271725
650789771
-438930678
-161544427
1219426325
-1778783644
1463559884
-382977565
1816115395
630005824
1202948850
-876468921
-1269085068
-1468291640
-1611340323
689763276
-250090826
-1707093068
1185293077
431075820
-871370375
678692444
729323849
-1028442685
-1831582548
-1969049969
-179393388
-628011516
-969767896
2110135203
161665281
633826352
-351388723
-349023539
251507025
-558940668
64647658
-747337806
887193083
224324146
-1296877598
1515784765
-1116952461
-253631404
300753163
855752115
1347849902
-325678051
-1108687911
-419140349
403495654
-1838543919
-1519998661
1529450594
685808538
-1336989194
-278770108
752441367
329144280
65274443
1976638478
-976351085
685548478
-570041863
-199198246
1568682948
-50267843
-2142141688
1999396220
842120106
1454561568
-75365612
-616432139
-2084337111
1181841484
1720086847
449350753
-774309343
-1501528759
910376809
-415099117
1786441147
1654952449
-1937612130
-321586434
-408097274
1601228230
1960382160
1219528534
377237441
-1519240295
528546245
447068022
1111069050
362217640
1468946770
-864606460
-1341331753
-1509759208
1120604361
737256530
2065769779
1096503557
823312815
-367983353
227427692
1789974470
378713010
2139824382
1327427322
-842196107
-1425291303
139794285
-832749500
-1156610387
-278664451
-363511223
-1288484818
258738837
-1648903305
1102478313
438371574
1355487005
1307858458
762813161
-2066547648
1966756743
-1660125597
1797015632
-1509834642
1146215209
-1772382737
-686648331
-734791883
-299236752
-520349908
-1565332706
-1769884307
-25565144
-1661040813
-2030676631
-787397593
1832343289
2043220885
911809519
837985028
747944756
-558412396
2132688549
1400921028
784478415
882162452
1133140998
482442013
-1331499602
-1593561870
-571281682
-743324979
1643678756
798036308
216598217
101869810
1268382136
1179071777
-560669204
1689712793
-1587278293
-528439117
-1547046334
1080502164
-873591111
-647971893
28410923
-274221681
904700319
997082309
778280864
-1085691803
-556665379
858695436
262476698
2109766063
2011308861
-1161409329
-981271628
1479870878
1054803603
599427060
2062204942
-648778998
-1042342331
1161563725
-1628983435
-231285558
-552129779
-1205828343
-937584704
783057989
1368824061
1361366892
-72744836
-2063418039
-579668797
226038978
1191963595
-1624370405
585036078
808628624
474759560
1701983950
2087567600
542083085
-1767946065
-362641704
1233897637
565797840
1314509564
1655372770
524414228
-1351654199
597360337
1773833950
-1897332301
-1528388235
28685148
-1536856994
1221008240
-1743613875
275987192
-1658418908
535350190
-2020042625
-1241866284
269315061
-383481971
146426336
-1161908526
1876836530
-380190866
1505485856
2056176817
934774952
-624334155
-2026048194
1627703661
770833446
-677246000
1079748414
-1370685979
2065985871
1264414840
231912729
1105887166
-595665870
-1877953993
-1630717195
-1511676025
273464343
-241485015
1915409814
-335567587
1201703451
1634587398
-1348352749
-497484207
506395903
1564932191
-522975540
1538184135
-1569049028
444926503
-230188389
-1959981024
-237360038
1655899509
1988192073
-216930981
116450945
754768775
1166373443
-230605704
-1695654576
-1618697207
-403284340
1303182174
2079397100
56766359
-1573296395
23151870
-368196516
1521139328
-1197258868
1884428215
1784258068
-1183391795
-1392129455
-1812337156
-520614449
-1917272959
-1220744401
-609270477
-1847197791
1981109025
-1059731670
-376361248
558498892
-1172871306
1457048276
-1773580286
-1598953775
2117806736
-1486629883
-1880886595
-870611126
1220402958
39336650
1491406392
-1993339145
-1190330979
-265554531
1573611720
-1846161003
-1755013698
-1221833514
-1499383731
-1817284618
-991615285
-1183592095
1514923228
1742475214
-2107339461
196905649
-1069362786
-238961462
-306208732
-900558860
-1250996233
1935689446
783559425
1157267592
276177129
1261580799
1301606325
266506157
1254959291
1157532327
330611919
1173100410
-452577067
1430500408
527836175
-351869163
2145522670
1698202667
-926837463
-214515682
122490984
108215978
-696524600
1064220523
-1298596614
-1909766046
-424450091
469069050
207498127
1644405150
-639993096
-541044957
-693647763
-1466335599
1640607326
409165069
61723545
670273778
-542300739
-971629470
1386318458
-928786738
481041556
371570246
-2127110212
-281607527
-1068880201
-2093518972
-1478464649
-206974843
427173130
2034102282
-564064881
1364057366
1144146572
1916210583
-223808419
1846333686
-1711370857
-806416974
-215357042
-678300155
-554897051
-1990094115
-634844853
-1395684940
-1261628458
-1759532790
2001880986
1272340627
-2124166289
346400078
439642115
-867455193
1617961382
1946340564
-1315812490
-416150527
-1366348452
1088419603
1793112172
-1703411957
-1155231318
-1760452797
420872523
-1693470172
-981097249
582293772
744697102
-663185681
1627489225
-1281368960
331646501
1507661288
71341364
-823976629
-405687399
1416862391
-149274193
1452613929
169066611
-705457720
514319253
758450583
1739175262
-505140453
-1370999989
1846871245
-1620399989
-1500252584
1706472390
1786911210
-448895020
65383462
1687085903
-2095053711
-61595357
605010108
1657484426
1365431028
-1972327147
1378966455
944509875
2104966414
-1107009575
-1787203282
2071165995
1552278677
1364362334
1053308931
-727326157
-917703152
1290986925
2071374203
-1438026506
147774567
496503442
-410831343
2062089420
1569455065
311101314
-586351738
-1716528708
-928470991
-973600072
201574460
-792140221
1891617340
1144325792
2089058244
1971470931
-46798731
-1512169863
364819637
-944485730
-1578662142
-1069958859
-1011250241
-1727381485
-2058808605
974151331
1562065919
-2052103256
-105001880
-951926065
142065812
-691303846
-984718108
1026204584
2078314353
342257009
1883194271
863591651
-2101843596
2012822280
-2037275120
-1290709473
-1972660296
-1083561268
-1854271669
746958666
-270652890
967187204
-1349928264
1421725506
-1704522926
1992849872
1945110021
1039186111
1732771204
2114059957
-1575745955
-670676625
-1627400941
1064499288
1914027225
598394722
1440056313
-1607060855
-3563978
-1589419864
936364708
-1222264701
-4693560
-1766293192
-281632246
-642582671
-1344779345
-2030755054
-2131184897
-171965132
-2091620793
-498565976
-1524601142
1879052131
1158242020
1909043578
539598069
-1572784493
1386674623
263416063
1572958820
-228435497
1306546474
-844664885
1133020584
-438593910
-788245493
103335661
873411732
652771403
-1409599609
-224606823
750407441
63919432
893177853
285880582
-2050548946
-424627521
-887159499
-422089063
797116027
-1056993854
-1407527463
-566807485
-197355370
-1854311366
1939447331
486890278
-1061651706
1920162349
1673762263
734771326
-967923129
-254838973
-18630284
482418878
1333863461
2117400709
-1954245979
185792761
-887183539
1533708904
-391343107
1424751235
672749600
1447100170
2060975076
-726594344
1986158282
-1450470213
297366219
-1307092549
-1936141677
2037883070
27908262
-1471873118
1886094964
325952079
-1924991589
-178256303
-2056090899
-759037464
1529348599
-1744471612
1027504405
1662779583
2092579169
844943185
-1465328910
-488792941
1537666385
1863973134
-279821046
-79729752
1361038018
1292028783
1005581626
2105521424
962938661
1471322419
332663493
347359531
-1000970087
-895407743
-1556567121
-2034049424
-1086825127
-2078249906
663202636
1023145580
1807989
-883519231
39683603
168857354
-815048251
1685087064
-325073225
-1881463787
-1282408678
-1952312692
1441540216
939050235
-597996363
-531970381
-349762891
1589068499
1266263804
1609672805
205851078
1420409505
1671038826
-2095497566
1054134536
-125501480
480898759
-1236252942
1435204152
1694083871
-2019440999
-2034930738
-1771631100
223990104
322004441
1284865342
-165676577
1949607645
-1687966486
790761411
-237269228
-1192062196
1682664646
1941480822
1688133406
-1591707643
-767881862
-133118608
1042450741
-1748946254
-735336492
-349592212
1637698860
-1125607673
1309640281
-1422505557
1713665914
1783852170
1545027964
-1722728681
77494933
719597333
1957686029
-1800449109
-768259706
-1289447461
1618214127
681242897
1861961657
-597151064
-860881138
-1325924980
-1739660779
1798079340
834082959
1521116952
-222943924
-1206419463
-1588395960
-566772530
-793975437
1639801355
1180565617
-1247905139
-2139796780
2019759497
1414332828
-790369578
-1683761149
478332682
2002440418
159630072
-1659028178
288118426
-1822091938
-906306196
1724746937
347321020
-1952536353
777565826
-188373750
-121937997
-1623046184
-749105348
-387652704
-20336899
-1968452453
1162173049
-570264214
1148939039
1877830086
-1796351915
485152854
1649343400
-1587963907
-1175944241
-977575385
1714373999
-892228903
-1413007699
1047453835
664128286
-550223585
987539356
-1995725204
2056245748
1296434228
-901241190
1779735174
-378892603
-1239258416
-489276520
937696057
-2037997754
99185394
-822473894
246467488
-921480313
-247822573
-704797022
-1737908767
-1267299393
1985741470
1841670028
-862474554
992882255
-890107490
-1452883653
139052684
-1622902271
-1105287239
-40753739
-1175022853
-1002391408
-435131812
80209419
109047478
-49146516
1050929719
2056040637
1146276308
-469066563
806352876
282235483
-985364562
-2015582552
1071341570
-744842129
277341690
2129474258
517372447
1859098266
-1591688936
-697173982
-71174282
666377724
1272924587
-319148854
1324328061
-1470048551
1063288684
-194164090
-20901405
-1371171719
-635763398
1987793702
1119049921
1082825550
1667015284
-332506806
-102339057
-1551539876
-1383201397
1845842284
-436094631
-781815595
1062706130
570191652
-79764815
-1194569469
1604031128
1214747302
-2055271449
-333342358
585520504
1405586062
2145249527
908497709
-784851474
185282015
460942274
-1020719952
-299931603
1295618633
-94636287
829637502
876962096
697492138
803359862
10815597
-1643470321
-469132842
936749667
-46628352
1608764563
1942889883
201706559
-1918488308
-1677009652
-1664928257
-2068462937
934419357
-1156364959
89210059
-1377184110
2024161817
926688615
1819533644
-1848382519
-1327709530
1513960566
1078226008
-1166076267
-1673638199
-738185158
1743810703
-508405575
-1266690225
629269702
-1120128286
-1458718302
557093487
-348970514
-710633639
-186372644
595050544
-18665003
-1037265392
-2054684216
2034487560
-406674236
52329602
-2082030708
767742661
-391739843
1120501513
-223565750
-96581712
1319194447
1942511269
-738752365
1829948399
495462956
-1528420612
-2010968034
-747754197
1649433336
2055358625
-1682887500
-1780164494
-442899997
-2086300776
1140541550
-1319779747
-1602639239
336451097
-75957469
-211669643
-1276715976
1955472276
-1975787749
103871186
223617122
-461502475
-989364985
1753952517
-1036586731
1641163560
409436981
-1747286729
1036797336
-1910691617
-1399473153
-1083231599
-242536457
1700765842
1713665924
-1510548514
1990934481
880460231
91839642
-1519209617
791527023
814274707
661640450
-1249491649
70653977
-493642144
1530497245
-773439658
-9501020
-195538193
134651231
-784278415
587157839
-1220157024
-1889097022
2054149346
409613776
1860278001
1122934140
-664929867
1877266088
797125188
599717555
1728634388
678103743
975249380
1816731632
1202270956
-629929428
-1577924791
-9845229
-1382893361
-53545901
-1187161701
-1629917306
-1022956516
-2110874828
66452596
1297334709
1531170652
1065058306
154840298
1105799613
-2016774161
-1133966093
1547720396
150330467
409944295
-364636074
712285226
-948674233
-629159885
-1111620375
-613019366
1846615384
560536063
1624839020
812511161
365400202
1963634267
122665329
1870825584
-953599290
-980869862
-619048586
-1513491848
-889627614
-197284868
-984500171
-895958881
96994386
-74573041
1793436473
2055257675
736765277
1179276113
-1047200588
1125120191
651402643
-2132550758
1908437135
-1029662563
1538485437
632108984
1779455683
-1517400149
-1535014762
1737332187
-873646361
1143889625
1806763130
-1099469261
-1331748599
255031426
514883677
-323553065
1339078592
1391919858
-275901698
-1239966232
913328001
699760424
-239918245
-265436170
-2118484175
-1050404900
67102055
-268132191
1256168956
-1348363070
-1428853255
1799745411
-2056443292
-1113231856
572035592
-1813269683
-1028421988
-214754242
690423061
-739613393
1744827927
1254211596
-1403295000
205796989
-1845958565
1047678665
-1068216194
1859930255
-705454822
-1520406831
-570605503
-294977816
1610052994
1200459862
-493329031
845336473
848594643
1281248867
-1476758782
-5818905
33047090
-1600234466
-1374568129
15575851
-821803587
-1786805683
317511502
-725956103
-422008098
-28544742
956552060
-1318322300
-1333500444
-1362073062
-271882501
-606048447
44272335
1828783755
-1613801262
-1856377655
-287536278
