963805699
-1764850952
-1099525713
576658806
80203533
-239037868
1087332175
-1715982526
-918399361
-975046761
-1273968271
-1939454923
1489203317
-1893490927
-566589820
129556690
1577770173
452955729
-920002455
-705733361
-808181279
-16256808
-1864641263
149168680
-1396942747
1762507792
2015239524
-405966417
1201858124
-495378820
621756004
-967112216
-698618143
1667051055
-634648430
-1743176877
1957919411
-864843134
-1549063792
7816073
1076665312
-658250495
-1714572281
-413662901
-170388842
1267115429
-2116697654
1223775703
-1219349033
2081496648
-1631415237
-1355823235
1991255163
193790292
1795413741
-132564622
1864401531
505679806
592177290
1224920292
-242989461
-1369165262
-1966912009
790314830
1569217352
-1120964209
-1872907339
1678531085
420551284
768508566
-1909251702
-1098168526
-1252728323
-202123043
-1262074784
-606543976
-1290581211
-202869495
-280300948
-1246738887
-1037384418
586867259
-1450291822
-516725571
883333140
1524373194
2119444487
-1270211245
914068593
622668851
-65827017
820135364
1103753820
-272883123
-2009685783
-708067387
266282369
2145198528
-2069885279
1691173516
-912611049
-1481576009
1786442565
843295141
-1836775394
-949971756
-1501569277
-1519985403
1494787561
836845924
-534495887
2121049695
-2135946533
1561536724
-1797817867
577963958
-427443851
-1279212958
-725383578
1235281715
-1620193393
-952398569
-1648580621
-1014684617
-944637979
-2001830669
359050819
-1247188556
-839094315
-1626503318
1800665310
1909412280
-1111022234
286065423
-918229301
1235463754
1905275276
2047004302
-1594569607
907873145
23409321
943616736
910879714
-1367884111
-1150596265
1115993273
949349101
655562576
35768676
472795459
-135769069
-1197964168
1534703901
724607505
-1962627771
-854670298
482142415
743638094
2025918733
537423747
-2048712566
-952017100
-72829453
842954874
-476278232
693212612
841222177
-1394840438
-834353779
-639160397
-690603703
1322094812
-1251900113
-1448303197
-295081274
1807166359
1065717464
496549010
267441665
-499282317
1168575658
724149399
228235030
-1292454260
1131813475
-1683566902
853605814
340170104
1816124130
1138077316
-1778022322
1586386843
1638851050
731699656
178122089
1759067065
125957669
953433344
-1398941870
-1379479604
-1721864342
1496864235
885929468
-1407473897
-25971390
476162517
-347256026
-1688281734
502899112
1057024777
415290554
2088500232
2011941904
-1749843580
-308938378
1573262038
-1962934102
-624203029
2118179789
36838421
737568743
-1331649091
1445459727
-93586333
927343163
11639756
1325771463
885699677
1292983332
775634921
-2108909469
2086508408
746069611
1481167582
-473843942
-929719279
-418292054
-1161395296
441008650
1806375105
1808143373
-1088332091
-1676548960
2131854070
-1178446756
-2068692685
-1340356292
-1739586881
-1796424392
47759897
1724870163
514781158
-2053853788
-343521245
-1473092521
681020483
-1190390841
608746985
1317428630
-947613873
2028589807
-1192781401
-1174328481
540497655
519964121
1016933427
336762154
-1278291534
-321806033
-2128516309
1888954489
1117418965
52378193
-1403344275
1604675386
-1269507547
-397740456
165411020
898955375
1209451437
-390339241
1939870719
381009680
-502481710
-245805597
15411164
-1691944145
-620328540
-409817899
1915538630
-207824547
261688694
-1954452147
-530646684
-874179508
-1224706640
2082446586
-722084973
-1847489355
2121907683
1669275801
-1740649315
1102707579
-1851268835
-979292997
643028138
-1066130928
1024085118
-1874458934
2040557942
657726744
701458187
-922135987
1293128772
291290443
1537688257
-2120257942
-370144494
283249311
-152581395
1145874348
1173604621
1285445029
-661322822
754401799
-1732918713
245136178
2012557067
-641622248
-1973858650
-1571799486
-1149113718
-919993168
1293961247
1860164634
243571457
-545142893
-431728604
909131436
1522383080
-228204932
-468506534
-258510530
-1487154626
-352378524
-154113393
-449889460
763385244
1601222915
-1029968917
-1979972179
803043974
1161790102
-1446434972
-205885963
-539370748
1776643043
-738653321
1567108123
-61107599
-797963398
-568465644
-1446826406
-1775897198
-1959134916
631026137
-280752293
-791529495
-1950176480
-1270996093
-1077458285
1864143435
-1734288844
1456819873
845861610
851754672
-825773086
883470985
-430182499
1557781833
-132686987
1560672400
-1968471196
137828056
-1984593958
-1304965004
-1610800682
1584894011
1093863850
-1869045731
2001180428
1291682632
1414538599
-1259079035
455329157
-49180448
-1132450299
-1844178445
831585865
-723738562
-647808084
1232574830
-1193003184
-1336942704
-58500420
1509935473
772391971
-1506559544
956280593
1210940378
1922528451
2010109363
1538262919
-1317039320
413613770
1982558793
1341105600
-2030821147
1599132880
-2012826553
-2098840028
1691418465
-1759850480
883079419
1863480361
-286272864
807555146
1651999326
1011439316
-1139497835
-700303894
1666453607
-242048642
529895567
-1737401752
307641245
-1098791717
705507826
-1440650510
686630126
1294466104
-1623668182
1037977929
-1879945537
1287385859
-1413590563
-771221784
-1374506172
-1411924336
-1733957281
-109031830
2122476560
2146840602
118840426
-993751252
1468710639
-622542073
-862737138
-361234639
-1859410957
-831542417
-234497562
1124493126
-569960244
1591855326
-1393208436
404385126
-446835363
-297107111
784586062
-799895201
424293771
-921188193
-1887988447
674680756
-1981846441
-2135763024
-721027371
489361093
-1851763666
-21866350
-2085458294
-63391187
992112767
186452562
1400479330
1598828651
-1880689522
-26992311
-1596343433
-567744829
381477767
-1536366688
802313743
-1893636250
1906089430
-713727467
-1913216754
1154387408
-1457623115
-468189954
790607019
-2083281551
2075325702
-512850546
-1628190618
477318799
1105028706
-1852509354
1532139577
-242004630
1142760305
802211342
537291021
-267671648
-332067205
1252653973
1310482543
1610593235
257199423
-913382858
1346249603
1153826696
-1030798589
-680768723
1150415160
1221472082
743299052
-63446679
457550781
-129876689
-1791794801
721594514
-1036221133
-1324173007
1855471815
1057351756
-643939421
2012475488
91523272
545064893
-176009167
-1177805346
1671512948
641932621
1038091665
913377868
1207510765
-615303508
-1567559238
-694829716
-984182677
-206136040
482934490
-642832889
-1175070642
1398577632
355710857
-1818174447
-106933386
-1223983325
-316335552
997286154
1450546642
-61671203
2101325836
374833830
594397751
-1654396381
-1277633922
2070463407
-502713486
-1456317779
612338917
-833949910
1733175967
59390101
-1885805377
281622968
1417162428
-1006112162
541676907
508532031
-1966089864
443690295
1058560803
-11199799
-1588802223
-1291707521
2082990378
535342763
52424925
1912354699
-877131967
304169705
-2125100185
-875338073
1581404766
90528729
-593226051
-1976776613
-100641632
1150532357
1215683143
-2034584082
1365960828
156324950
-1568103589
-1622559185
1081088828
1348399469
610283216
-1161664142
-1275051350
1276847956
-1837295664
1099936217
-865453560
-1384414635
1511219186
-1928815660
1175059010
2064780330
-166140792
-311309590
-1941175962
794988630
959796532
1696755384
-197444269
-1642249519
1889697729
-980089798
1291218352
-787829526
-2052782801
-1460902071
1220882720
-204536727
1832045583
-1007028124
-1202441805
795431155
148751377
978967218
1579361439
1437926322
-1636905253
872844871
1772523823
-1468340940
-704257509
-1307219290
-884305158
956857747
-1370376481
190954886
1537411928
320035542
-1933403613
436507096
-1008142830
35641751
-775867733
-1009556727
-1414802088
-1980148763
-1876209645
2063614084
-1835439881
188996203
-253356252
-1399184006
212673738
-754066479
-1200218264
-380335899
-1506010511
1909087842
2055427583
1172924873
1265191489
-2122141714
2134358452
-606512196
-1495691397
1989718001
-976927670
495015849
-180511809
274798580
122721564
-2118757168
1773909442
24077875
457388260
-812454384
-1985335490
-656191873
-1428067622
2065930088
665241130
-1600006811
455953152
1130506171
-1641650901
-161318512
-354351684
-776357165
190576457
823857003
1004591270
-145215577
51135205
-539282678
-1255317341
1294124768
164626410
886207562
-1990410958
880256409
1201970499
-1119182538
-147712763
1228816486
-121673332
-1072573780
-1555017773
1298461335
-224521461
1164320575
1551767916
51004862
59421409
-802219937
884900365
-1586188947
1668863868
1047492023
-371011595
-370951356
-242990513
-795110698
-982559176
-126742742
-1733210939
-1826118895
-554277678
-487618599
739911794
225099686
-760633858
-267421792
95645323
1260532772
-384598840
-1799429788
377860760
-726487798
-1846593311
-1607269913
987827303
-1678037842
1009791922
-1048532660
334155075
308800096
-1649071437
1334913242
1630852198
-1221492785
-1759089924
1850857727
-1945028949
1150748842
290628123
239565720
1917595015
-290973558
-1840814040
377421423
1512145210
-1071797490
1184880407
1349083653
-1528700351
1208971847
-665533619
1908983952
1410328078
1615144791
2097113461
783348038
-1123837190
-1648770732
322479507
1694344156
77522810
-438258063
785123160
-943337399
-829675376
-107238561
1729583032
-1938135345
1159971717
2094085360
-1083939911
1489775675
-2018730284
-310669314
1335107726
1885605482
527873641
420508554
2035252452
137215247
1217281803
1234264359
-1805421702
-626226508
1136200981
-1633282152
-1993133321
164551166
609694316
-1189540936
-746295561
-147547340
1759184812
304614298
-1080611226
-1205756415
1729893540
2056876016
-793007343
-560153735
571182084
1638432688
1756239482
2043223129
1669877332
-1612584460
1395218411
-325640302
242985000
-1338803679
1990137805
-809589496
440876946
27211
-619402183
-892551018
-870325033
1883109336
-1878410545
-1272243883
-998753692
1269964386
-481909818
1772583198
-1051105278
61381858
1371408964
-2040115124
1773620552
-2096060150
-1299313168
949170630
-1531910319
171439345
937626052
483298108
1904532911
1635642101
-79238105
-813163089
-1525847393
27542492
805665850
963246647
-1894378883
856709948
-1476452238
-470808832
940629626
1554179613
-892798362
-1971040107
2111311499
-318640164
1033006057
-751260832
-544967004
-1064615599
1630886235
-1799722639
-1003488474
1357092404
743947580
1168451710
-1442914155
-1418115908
1188716801
1613102122
423748237
1486306184
1127862058
1815115914
-835828234
1594849730
1329844884
-2036637468
432560758
659711361
953489163
613613241
-2089803993
-1908759441
-2106081501
1294689541
-1354301815
1110137515
-403373241
-558029884
631297466
-157748240
-646369774
-950325320
-333333788
-520955146
1846184413
2002322025
-984795403
-1067007208
1091113880
-1631308179
644015765
-1101240266
-747239715
1529160681
-2135968172
974317788
-299919550
-32620201
-902156765
-323543389
1186884334
792349833
1696825350
1188862167
1154984558
1249214444
-1266790906
-625402534
1024440777
-359770095
603413355
-1575169081
801566417
-884036247
-457466582
-501252391
-73738053
-985258416
-1731568228
-350394354
-889459470
456869196
-40278159
1881465223
649112871
-1566009451
-86217757
1201635890
-1289971028
1124059096
1503664173
370180138
-189625598
-1564174025
-1778610626
1299434845
509555120
-1439822188
1906980010
-1772103058
-1942883498
1495024143
318706144
-842652707
576148993
-1642745652
-242604382
1363996005
-438721857
-1108934919
-1427801167
251580325
785484918
195852303
514774727
1236466690
1140453361
1337773911
455232201
-61121845
-751369925
761324719
600905532
1502865309
-221087184
62689677
-727545095
-727650296
1496555088
1510523460
1811144220
331356274
-1913444394
-1837146234
-1433979070
-343258309
-1667730936
-698495959
1983991794
1046672929
2018407632
1751841582
951610459
601045478
-843815540
-2034605570
1938725439
-931794896
-1915285214
3492597
1438411567
-503075921
2023572310
-1559737308
-1919902216
-1705240956
1455607647
-1230313902
645688157
1515999969
1092816310
454266948
-284464635
-1473756692
768402225
923447870
-706658889
1183241448
1080534352
766727625
-2088335932
978308246
-602837033
2005437877
-2056143165
1105955544
-699088996
-780477855
-330298493
2009848472
643589794
-574026183
-950200003
1171182055
241839461
-236685697
1473811209
-622120344
-1459243657
-1956098994
-711272301
9956335
1822323019
807973340
-1078858738
1616291172
682935632
48087039
-989148313
233009133
340502081
-885823502
-1866815298
-301332404
799361211
1297034584
650032657
1732463237
-1067272689
-1905722240
-398428102
-1505510461
1749506649
-1977310999
-455617253
-1076998533
-245440559
724410377
1612927254
-1733507887
-1487606944
1500478538
-1415434301
-555657925
179539574
761308244
-616338468
-1975814813
11960858
-495545711
-623396228
2025058130
-693207230
-818028307
-490467960
1519559882
-1815000988
1341740253
-835368595
1973593330
218642508
1297557411
-336780789
-471893960
-182949328
2080116431
1204507376
324060786
94162689
-6829816
1303750345
276282182
1006355459
758067980
-374046188
-855388980
-1241055585
1753491700
-1002380006
1203423345
-980557449
-1203521604
-132376292
-2099623394
1981255355
-1608031485
534281420
1106706840
-1384428614
264143630
264119294
-373265879
-865924677
-60752110
606944927
-917120896
-668129266
1293739954
407599845
-398196011
-1319124131
-1669024314
-1410804024
-334469296
707864135
-2040778403
2103153840
648688811
1288580911
-1971436283
-606451857
-1435592427
843104080
1396064585
-1546245776
-1024943271
778405652
2011911290
-1874382031
961733183
478266278
-1113245006
-1526815506
-882635214
1744748997
-1176671723
908851102
-2007725790
1054489051
2038447962
-1819580126
-577310549
-1128801971
171306633
-244017220
-659915145
-277770988
658717701
-227352387
134288096
1305043340
-1043447347
1215854210
-664222248
-1615262836
374588670
-1873256032
-654106100
-888639818
-1294082148
-1941773986
-472748473
1737864463
1934951057
-1379737757
1451731220
844024785
-2024762380
-596481360
-993912153
1166367104
257731983
797404623
1956356349
-1773960902
-1963016293
-189197236
-2039801278
1507395411
-182772787
-1575906460
-2091347598
977120033
368684181
-381203972
-1175121599
1281280531
-783786844
-42767404
-155041473
-1908695032
1599992495
-1767134212
-692833993
-585844515
-873962125
1835506310
-579209512
992503624
1566436344
-789468804
922747287
1505711331
-801616360
-609284844
1432963283
2095677323
2071345474
1292430114
-1863665607
1400715243
1767284091
-1636528691
1338408553
2096035155
1543394982
-692089467
-1336204839
2024936142
1241032196
2006984244
1343482
1027590514
-1903738883
-1529271373
-1505027432
-387777543
1304359456
88363391
1677744006
-381900912
549070183
-2079540820
-1758685575
-1319236113
1123729599
-561053927
1816019252
244509865
866725832
552808164
-793298459
1657230788
334926297
-605526752
1892174798
1444543884
1271158086
-265223995
-710901208
-656076380
-149699868
1948885735
-987723453
-778769059
-438026803
325348651
-1677689359
1598373706
625949536
-1407896715
1937297189
-661490669
-132302965
547525862
1365579222
1452702345
922691916
-797233147
1608648489
-1142606597
1766603636
-510826949
-1781144370
1607347143
-1361326675
380854916
1457852329
1282299187
915407295
-162769053
1162518709
-613022083
1805998350
1247225878
-718853083
1328833072
-232774042
-940445429
-1789521205
1018877880
-1325869061
-496688238
-1476655683
2113964088
-2093720150
1561864403
-2096652235
1226220699
942026629
859357185
-519619655
-1594091287
-1829914482
1925024719
1262838395
-558884645
1108945345
-167804125
-112229374
-1559731792
-562824873
-1297270519
-299839480
1154041153
-207121847
160837610
1785027494
1070256723
-1162282990
-283652
-1947732818
1524084268
1574331065
603437308
1988052823
262632296
1922307854
-1721608421
-1057670625
874490380
1944583987
648545077
1387111405
1126411483
-869808291
1082396232
58703989
-823324696
-649755940
-339445725
1753745120
1416322156
-289202856
-1402715811
1827554987
-1614596647
-510321572
-1398511480
-285856050
1391606830
380728600
1285228199
1181655841
-1709293683
1435466338
-1775026468
-1409907717
845912330
11151102
-904923803
651414556
966769861
-1889122274
-1167162935
1266952396
-1282254534
-1160623061
-1052389299
1845260355
-809461801
1238219205
1370597037
1509857867
310072014
-1786604792
-377421816
1883512611
56775724
217786641
700036123
-1699422042
-1553206742
1111696320
995286450
-1295973972
14261443
2099954110
864728154
628510640
-328257402
-877685567
-1336685221
793780915
1380721325
-293716466
1554053092
1883952991
-1759323539
-181080257
-451532664
-1246607506
-1183069297
-1975078074
1125656553
750052428
-881383873
-1109670991
1033631922
624646139
-1386663901
34303535
-541972278
-1440821194
559585967
898649682
735674821
1758877657
1324837559
1155522454
-202912610
1096147583
1552696645
-1868911711
-552690525
-715133332
-1027918420
-337995572
-445819472
657776813
-1827782436
1765350625
-234823265
-929464451
-606119432
448747558
-1277900546
-421515541
871533605
1804491930
-1520393469
758567864
-240620123
1647191422
-533196612
-1372225403
-1585696733
1012269846
-756893814
-691515091
-2032016817
-924221776
1913974479
-1991174033
-1227966803
1192295141
215553254
2122564560
629040042
-2113563618
-1077625005
-1538614849
-1633292048
1151075673
1297365563
-2010270215
1903527418
-32336595
1144654614
-1400149969
-707785238
-1218294005
790063778
-1666885403
-13056870
-174846778
-1762792934
1969264796
291766512
1318982740
-370559065
-1781203661
-346435466
-1017688618
-1910032873
363491721
99498025
509171157
856546252
772348775
-1975767408
-444928050
-1358590730
-825525347
-1173511408
-568288016
-1310006012
1659890794
-940824962
-1002874077
1375347543
792273440
607848693
-325463988
-265310408
-2101112312
-109772566
-305633841
1301833484
223339394
1354018685
-1435428779
-1946472762
1751175025
-229599727
-824180786
-1930923620
692916693
835211550
-615656519
-103576836
-2125704776
701115461
-1883639902
-1314567487
2140152654
-1980406876
532782060
1400244385
-689403817
-1653692821
631021264
-971965718
-1769631032
346140335
1197693349
-2016820115
2052984233
-421264770
-649922975
222850490
1574785088
794440242
780691807
-1082180211
1626906479
-1396561910
2058570594
876684423
-2031173286
-891659018
390975449
-249122784
-184899764
793183921
995580772
-2133149476
-1737731621
1481872149
-236749162
1858551740
1562989385
855639210
-1352181508
531508983
1640535085
-1129380737
-733239202
-1371475479
-1013760431
-188564163
-939915196
1552226379
-588320290
281269112
-167762501
-1392281436
-1303140170
596578120
-1353979048
1688372735
-13505503
448498456
-533730947
384027870
-212582230
372538301
1359970010
759679854
1955654731
-98638390
663127351
-954558213
1045396167
-1814768607
14190191
1008668837
-1028152233
1967449037
-256918081
1370846036
1721072264
-1885456113
552888640
1517663465
-614924445
-1273089610
-1257689166
50653365
-1470788914
693528755
-465461638
-1351581394
-1211653583
-107553044
959710189
701585119
728639067
496065872
1171794382
1487121056
837680039
436757547
1803072533
-1872718073
-804941734
-1850917957
429205490
1538827550
-251140785
41286146
-332472560
-1080657835
-546505515
-789736995
-1462015203
-1223965254
-356527145
-1584578731
1453010314
112855655
1242581310
558884148
-1491392625
1785443642
-1416521838
-391827493
-51034511
1235859403
-1317780249
1341362514
1777512455
-1939557734
1402252534
1748331168
-1366830214
1183330440
-1685747319
-164694435
955925067
-473848440
-149938916
1082116229
1260164506
1529619606
-759569471
-1045694578
965534628
137167079
-595988924
-1134148933
1529252237
-774058399
616975246
992332210
-215986849
-1071942323
-473684914
-240703156
-1604576174
1680166218
1743482069
-1599991380
-1459754675
761951108
1025069377
788113810
-1766625364
-238497754
-317014051
1765757681
-831594941
1566342924
2003482056
-708533058
703770275
1629589437
1266037203
-235753974
-1431491429
-69381992
-646843985
2053756498
2017882625
1031051596
-1075028664
-1546719467
-634660174
1027065997
-368556949
-882947417
1452291286
-284923644
838029998
-1649480635
-1157090968
-1935167098
116743568
-862902936
1868486901
1475105928
1285812446
-1940048802
-88733533
829510354
-342377128
1774565397
1103313780
940492147
28822932
-443347654
1798906828
-412560652
319333667
1073604738
-109913808
-106937392
975941105
728285766
-25321904
1527999010
-207775759
-1022630059
367690566
1863930016
1854443257
923878149
1184983072
-1798544185
736717546
-1847970165
444801947
-1701244840
1595227667
-889515636
574673457
-1583876606
-610343466
-518193165
229282134
-838679200
712147340
-709852924
1276652285
864934437
-1929972827
1634188209
1639085409
1382029973
-1889283820
-535739348
1569483521
-2029663946
1165779689
-354343235
-35176725
1280458183
1019649599
448744405
1944908093
-1796228751
-1889585577
-2045802142
-2099173400
-1029977540
-1325781755
1608054116
276844471
2114056644
-1900968630
511135167
-1857992305
-2096266453
1345977410
1197115731
-72472584
631696465
-2144342976
1225123401
-833830693
559930946
128761399
499190191
-338159731
651495664
1366789467
226690119
-1642601717
1925406241
153739527
633884827
1890825351
-1472589910
1556848864
-1887297963
255033891
-1204699939
-369645765
257851085
741841403
409240383
-1261660741
-930199838
1074676073
550102654
-1258041282
-148456948
-1301445501
-2049653855
-691879430
1116361393
-1703151128
1824572288
1331220706
-1826276424
-2118418756
438304887
207528782
-427864228
-1642778896
1085330262
-472802342
1785638722
1702239686
982449051
1074835341
-2125248052
-1772055916
676501218
-380765634
385147055
1020120519
-203252836
-1990544078
-1792908094
-2047305174
1592249087
-1125551094
-1714767079
-1872155032
-1574416835
1086114779
1798586194
-1004592433
853766904
-1208563554
-1149659346
-1723957418
952646388
-48245558
533179235
1181820385
1100526349
532805439
1262606767
1534991554
708265324
1994361702
-1909541840
1420590467
-688227595
1264244629
-782179854
1084230626
-1309220861
-287955529
-1728777015
1891219740
1958084695
-504741333
-239712159
736532334
785165901
1644922093
1191853715
-1855192616
-483260080
575916275
1298296057
1558707235
1314649999
-2065041959
-1809084476
1789464357
909969136
-1155137601
725112268
-1812912828
109766980
991592817
-1610327576
1642801976
-562823236
-669297463
-1877156481
-732727020
-1134712420
57331025
482482271
-95467642
934038062
-1330808532
-1179831859
-789596835
-2093925896
-1721856971
2064922332
-140435125
65673008
293427560
516334082
-2020615188
310389103
-531726720
1456621543
873952774
-374485851
277980642
852082048
-807260398
-342157491
104268473
348293980
682772475
1537355745
1521347425
699580989
-1423491547
738133390
-1365756408
2000340202
1953313456
1190486059
1313094546
-463381693
-236649987
-1271694489
-536238915
747987606
1119342448
-2065260222
1724081542
-39211216
-1791948425
-1638238274
1633913546
-4918475
1306929611
1397945813
1363394095
-1442267469
157529589
2061251501
765436996
1611656437
1586185236
122325514
1641314534
-1122626795
-1740208163
1826141443
-1479307802
1811858388
-1796232222
-1007096328
116101096
-1324565331
1225751318
189345986
1122416013
-2058989529
2115378831
1063919660
1186610388
-33185429
-994348146
-553960030
1659230909
-1122466539
-234865220
-2047449048
1214775599
1740446542
496613814
1892669069
1477844762
302348058
-47885365
1012859103
1769357024
704505582
-1457879292
518532385
1982441200
-1885949307
-1555224476
400921403
1708023988
353067507
724738672
1521110065
1949813165
-594615815
507569392
585662616
-1489202469
-1130030693
1793461495
-2067297724
1952109153
-1442331408
1459882273
-338821818
-413594775
-713184968
-406077924
1471073301
1276465221
-1024952781
-1131974808
-347604214
-316546346
-1103173456
-795053982
-1273719023
-387909839
812515939
1191731582
1178264477
1439136894
-92968196
-1960935981
-1367673892
-158789597
96489076
1804451036
-1898896596
107839266
385698985
369151100
-270327604
1060272575
-372421076
-13293758
1334149846
451042662
147477082
1299630830
-686615444
-1758250806
1675922089
-1908255948
-97627343
-477139375
-1742383293
-1549304641
1259917307
-1994680146
1154283736
1998738552
1280534214
-886860337
-742847568
776050439
-621444629
1620237306
1129259007
768935065
1498995856
-893747918
-670563460
46574819
-1717929886
-1528202017
141398068
1752069991
843627137
1770150829
1898321050
-1151374346
547480508
-1904017996
1959110883
-1717403787
-1840949250
589450968
1036977552
-1505040157
1198352647
-2072426126
-573395125
176964250
233740382
1986216751
70552567
-1841628204
1737786501
974890040
1594701058
421781105
54785390
-874681197
-635593988
1647291638
2060237870
-1775555640
539020909
-1659626280
-288531984
-626241849
-1691287070
-1817988869
-105536981
670492680
-1632495287
954349684
-636171241
795563508
-377136514
-1441008234
640853852
-1866896509
-1620110555
1771680044
1320871948
-196827
-1647294534
57425410
1463598547
-237370394
1734590437
2070818986
-1733285267
-2065788724
500106258
-264056964
-279590057
586381955
1137516609
637894366
693963465
-1492491461
-2000535526
214773188
-502797342
750937297
870611011
2002486906
-1664948699
-274024148
186077430
-1115166815
270173219
1214055657
-1117985331
-529372810
954186106
1293887546
-208097568
1686860634
1298605053
1817623051
-1853012207
-1421826675
-1092703180
1863749990
1438630821
1541937981
-1770505978
1135673623
-1367314153
-577812289
215968436
834644370
503449896
31652379
-681864951
1153172757
342210106
-1866844722
1583239375
-833482231
2117302238
740689866
-1470976891
-2142715987
-48513877
310671553
-259562418
1299316981
-2124921519
657798562
-1874140885
-1412519505
-1060133651
-1217221789
1862147948
103840232
1736438430
-4547839
-1337504669
-614007923
938115159
593324484
-723252389
-894822828
595831542
863744455
908498376
1522499036
2009536405
-248654153
1562913471
-1048158701
-171838944
269066970
-1737588313
375843287
1021968680
251015251
-1268173775
-774262817
-1473142027
-176250205
1745310597
286579164
850790369
-673680269
-571171651
-181683749
1634090467
1809472912
2014380182
1926187500
-1915297430
-244509386
615281252
-1180401144
1566541675
2043638928
926691910
-636508113
467416253
916176255
-2226533
-1130234159
473855652
-200013414
1498486964
-1186368146
-4263766
-2045237899
190015690
-331858048
-1069976651
-1937286106
1523453234
-1250658920
-800394666
519370500
287944911
-329374522
1701439070
1086223794
-70777657
746352701
-1297679433
1375650395
-1422517896
315140407
927798384
1741284926
-1971924307
1152942358
1484061209
-1294925203
822340364
179747275
-384675760
122065104
-1189659949
684456059
2118425755
-1613287056
2125804995
1479515743
-15698056
1208715250
-972237733
1569901547
-1538114893
-324276896
-1605346231
-1602883022
150782198
-620299729
-261243875
1912313480
1087113894
-1232589699
-1807454657
-743363480
-2051220500
-551801191
-1906174173
-1561253480
-1743280111
-290160184
657347258
303020171
-1427218930
1628737862
-1644075733
1874177285
-1127093661
-215060086
1646838466
1826856708
-1283620313
-554315826
1419223848
-2058268706
-159184032
-1577855538
607196116
1920712102
-1444596076
1347356111
58473921
-638154540
-213836385
-1348054302
1181405793
-910454748
-604865593
357497193
-1528507439
1266542270
-1246047475
-1367811110
441199693
11765910
1193611973
-692754493
-2040674075
-1772392171
644125545
513361677
670903153
398194681
1443330985
-789487228
-774723647
78616697
-1950227771
361230998
-764166119
1087669931
941114399
1023326042
693130460
-950683862
-217769973
-2045806380
-300508282
-1052099341
-148986391
-1982564745
619385055
-2062409329
-1082170506
-154241814
1710283373
-505013385
772044126
-512330482
1165118249
1312933555
748365077
-2121967808
-1027571850
1613120451
-292593690
83619547
-639876018
-844275517
-1956998325
1234848256
-966148674
-515657527
-191661441
-484626023
1754497171
1096955281
1771352402
881141146
1436095317
2114355036
-1099358149
1830443401
1762658932
-2135791852
-1637182029
-1827310272
-1734462527
-1666529612
-2077220672
369958385
2103870751
381604838
1823408335
-1765504149
-1815494023
-195559187
1323974342
418885019
-424210698
1126991812
-1992670375
-494557612
1993858411
-1007877241
-1523122531
438475602
-1566182383
-2065187822
-664505126
1120281723
-1976469641
-64845849
1482343588
-124003736
2068328634
756443220
589298220
-1668298460
-267484430
1531331541
16466899
-1394029773
1445839855
1520198326
-647078912
1878986965
1724050468
1058050556
-1568981966
-499296373
980668899
-1462562682
891907416
-562063910
-658480182
1062644334
-1113618080
-1882579122
-653748611
-833182028
-1252343283
25199809
-837355116
2057005853
-732462835
938718429
-578082857
1661663832
-140806838
-2104287010
-1031895384
-608128925
29532544
-1685788260
-244250432
112845100
1781940239
-769304376
-97327074
-2040840837
-758280175
-1624364427
643533627
736961038
788914095
239758042
-1356002943
90912005
-50305104
-639374250
1875313406
-588909184
-867578798
-1488741965
1468186452
-830791290
-363309219
-1024579410
-276969484
-355199448
-169132172
331018423
1425502603
694652390
1380356269
-1095046668
460916923
430858576
-823358876
1927420043
-1794664946
-1823396368
1093568076
1506142240
790195495
89065319
2147269830
-823706724
-2013725894
1098618581
16611957
-651741904
-320763715
-1363850114
-446063855
-831391079
1555685983
2132445097
1320508796
-392496731
1897667897
-628172597
1676272914
135950581
-1634145725
1062191589
704969796
-1777057533
-1189597944
-1402300119
-1460016024
-687060634
689949085
1658548707
1430748873
-80947627
-1914380849
876031895
952400645
-2075663767
-442836581
-549378203
1300575896
-318492506
-1263064350
-168889419
819071411
-734821701
-317231012
727932431
458210642
-882937976
-1570543667
-845970614
-1812445555
-1938907679
2028145527
332895720
-560766163
270296977
1922339535
-203758912
-918295679
1377380513
-2099950989
1601502173
1622666610
-1874215206
-1901365414
1378889126
-1260985131
1426128263
367966541
2061476414
1235920128
2021005695
1131389077
-957753555
-151730273
-1738059423
387345141
-1206761153
-844385080
-301443551
2147228634
1960278700
1790416972
1313880003
-1124047920
-1926711431
-889661361
-407709081
462555960
-1148634083
-215555814
-1500629116
92722231
-1544773018
1471109679
1062465400
1262159857
-870243
44767389
-1493438657
905978615
2045191912
-1317051754
936717954
1667585277
-11827473
236410942
513133012
-614742064
-956771902
1510643141
-1310982857
-1662787194
5195770
1237541559
-1989819676
-837814794
-558221282
-335019374
308091467
1476139882
-650164409
-1536165224
-948749480
1965168275
-953737211
-561553178
1852127735
1131123133
1799859076
-252737338
-584524326
-489417917
-849987350
-51535808
-408374663
-527472828
-433441021
-1798499594
-1880976550
1824551062
-146840544
-746273231
1168914578
420975866
-514811845
-546602442
-1785362550
275724433
-808284833
-1313268514
-1080513530
-34603889
430459462
1649883493
985939299
1286452525
-1327426749
744337793
-1693715425
1380535012
1844053346
1086585782
-701451362
389216983
-593772595
999432936
-1132925909
954968720
-2060533903
1903239985
503224636
1029391087
1856458976
690208757
-2048368646
893208158
1710505080
1533945650
1983353343
-838592951
1795788997
-2054949348
1764563040
-1264149555
636694307
192508648
-1662809362
567494574
-143589721
1118703592
1658648505
-2143380082
-982980288
2096335831
-1406722347
-1233994148
429459224
-443137162
731981408
-907500022
985046079
379619415
1192889026
1485508738
734841995
2013008120
1303334710
55458266
-1384633927
-2001611246
-364399990
126283205
-1765113897
-2051411661
1954409506
1348377165
-495680538
-1361948534
-989088446
-1788257858
1183402170
-101952511
1023779467
842934245
-469131739
-164714607
893161926
1145091706
-1113342380
562687696
-2061389856
-87059238
83225976
213128654
-86615243
-1979670792
-1586958424
1917279010
-1193187824
-1270814827
1973516549
1275029311
2107080050
-1295216209
383122462
-169868021
-455297006
1799769398
-968328554
1740001202
180457893
1358785285
1325022212
1662937526
1692259935
904707087
-626421990
1682248010
-982498632
1231794137
797440264
-12737056
-562963597
-466721241
102332194
-1069911296
540557787
-775378950
445888192
1535005787
-684554161
45284281
1092511589
129763104
453004033
-435140435
1992559394
-469189491
-1629810438
-1150960206
-1410012868
-1093877304
742799713
-1856114901
-1082915060
-25800466
1970927867
717971510
-610251994
-1403003028
-1321063435
-441586912
-1836437827
664567182
-833486879
-197018341
-1050107579
359799637
-57034242
-1521100498
1745224282
426952332
1346117052
982734444
1458066912
1688417821
-1617610882
1883098472
1569068650
-2094123360
-1130590303
-1517770521
-1693759009
269077556
1443432892
-1104917033
-968311718
1189879186
909964329
-933147008
-694057646
1278966878
291834820
242687225
-26658053
-2121916736
2040362994
274657500
-1855490069
1086545459
-73661724
2106250300
1448843007
-630616164
2022642205
1573653463
447072638
-8337250
-288021711
1580945032
-907482241
-1165220308
1932054734
-1926725634
181058184
1973971039
-887512064
-1908481358
-1674685832
316143497
409613744
-2124024554
-1382083418
-362699127
1198548077
-88707574
-530555575
1269352032
1897701998
-1285682029
-688346343
1681547012
1478074327
834940622
1834294582
-801857164
1472582971
-437492702
1041001289
2078992140
131904098
-315396428
-1206469656
1777979930
146634059
1633052703
499252543
-1205574736
-1365643916
964361572
-1744788501
1233918651
-440946856
65730079
-2102725591
-1956417452
-1013810120
1000635132
86587695
727401813
-531176930
-1996239000
1635749593
1912673583
639129630
-1612549494
2014978440
-2142436869
529947358
-1563239564
1262684231
2080116174
-1684517543
1776239765
-1340531410
-482077360
1545609695
-425379214
1450276875
-1019977841
1848643423
923722133
1266904894
1844369168
534763240
377890757
-1629928733
-334282713
-1958584979
42816630
-872557002
-1334378360
-1922785848
107719811
-1878910157
-740733923
1035679489
559160602
1450906749
686607129
-1813767473
911679991
138645888
-49476276
-1544150946
2094029524
-1118107431
411524793
2096136018
1041466399
1156396276
532926821
1299740427
153339629
690247414
2115276913
-1858886102
1383830574
1914848222
-2134978454
15849044
328892194
43687910
-835587872
700530741
2138163979
-1421153233
1469489973
-2026599480
1293918244
-1758246244
-1154929994
-472772396
-1393288239
859642877
-1720776209
2081954745
1673179159
1328209008
-7753414
-721798548
687179341
-1384193533
-219348327
-1837640257
-1788880621
851239326
-1478902075
-1909679387
988248451
742678047
-1721159802
1824487733
-442698842
-364878394
-923229371
1948071982
958203434
-116702764
-526873121
666364346
-2031263407
1529543790
-368287045
1943321783
-1284382421
401989830
790985758
-108661838
-1749108986
-2109974149
-1441487939
1653015541
-1981860315
-1471688384
32706707
-754114365
-1972357199
827619772
1383919093
1744746209
820529644
1856380081
721731554
-970417064
1859591852
-441033889
424163487
-1422919559
-116855546
134021162
1581536131
258746401
-619595192
28919418
-827340529
415507006
-376455635
2116893922
1805660225
106897553
1622365771
1395303811
-1823514327
-2085580619
-1567736625
971176114
993782972
-480013985
1385363053
-169710120
-46613017
-1876262938
-993481839
-1757925734
-1112721433
1052465670
516350170
1347164217
-1014471209
-779487264
-1848655160
-1257984198
-2021716086
1750950468
-1483278157
501623113
-1588213862
1139657011
-777112834
1895674202
-1133164863
1015864991
-714086259
972704272
-1575442329
-760047244
-1898711181
-452529566
1145724027
-446389029
320937200
588247163
1927144069
-317784132
-467044198
609707746
-1990148
231248005
-2064675111
-35940389
-1528466476
1114026282
-327909737
1767078668
-618155685
1718548332
-1840816584
883722594
126082117
-1608073892
-579275832
1597956917
622539781
32779810
-921289613
-1365560151
1616956509
-1824728326
2088728377
-1255670696
-1934100168
-114680705
957916897
-387027
-764599369
-545536980
1697365806
-1313948526
2126404745
-48897506
614723920
-473220659
891961215
394175262
248302493
294204327
1704000606
-129135905
1270292608
-1002688690
1998362871
-1612870013
395372721
350722940
2040709237
-1515728029
626824358
376092375
-410799115
818222607
541557064
1108998299
