242220435
312902634
-738992267
-323920541
2034425596
1855635830
236538546
53942774
915387674
-170900247
1796194712
1033517502
-539406202
-1628763904
1305890068
-889485316
-647953434
-1622251213
339462036
779723672
2083278959
-365548062
225429302
2121336953
-31828309
836216782
-1699379678
27449879
1306070908
-407597366
749890867
-1587199155
1460048224
-172976207
1263019228
1993965427
1691018741
1024849306
-360427447
340844716
-755289153
314849866
-349284668
80439163
664748073
1669876202
1528684378
386908060
-2067886647
1347638777
1326113470
1099281937
619354856
-2098064509
-1624082580
1828289658
139461696
1212457106
1748614161
-45655
-462385145
1745538277
-1804958679
806635381
-633051860
1935653343
1694214889
-1844277810
-39783712
-985987646
-1580126112
509348626
-1448588201
318567964
-834763560
1870684574
1357642959
1097749889
890742402
-782769498
-1994745903
1140062329
1677981009
1003920969
-1581282890
1396776380
2144330021
1568137439
135326828
1976769948
-676800980
-967593579
-146840455
-1976296254
100731781
1274357308
-1451734464
413775388
1770985509
673292381
436904835
-1295003627
-1716030978
-1087486064
-517754583
-1829826297
-571720867
-1769843443
1033901376
903980781
1903297171
-692452221
-1111829180
2018530909
851335127
-674808280
1681112225
775750836
563043691
363482641
-1457855626
-1989201518
-14043652
-1959904061
1409768859
-206957687
1662809422
-1564893943
895178213
1004227600
1791031064
-1661082873
93854120
1156343485
-1129922516
-1218668401
-1058482052
1758500787
964283866
1367016114
1244863556
-838111912
1408497558
2012351642
-664257172
1216637259
2135967448
1251052439
180574065
-2092518251
1774283075
-1131728777
-1588362843
252404509
752525577
-850740711
-420851660
744487521
1122817933
117849412
1149428065
1461858147
-867191223
1433048500
750123797
-2027614240
-1935087119
7689334
1142160538
107154119
1958867928
919519093
428189859
-1687974936
-1684066925
1561048659
-463402097
2108825324
798024411
-1519873923
351273454
900746629
1075946935
-217364359
1408901955
-1209357083
-900513574
-34830207
515642635
28102259
1271786569
644639829
181570046
1880557500
1438361664
-1835987891
-113282668
1739867559
1329848918
-2009455187
-317449270
-2017632531
1614399711
-1871285188
-1313647323
622500295
-1999507311
-1378053865
441106167
-1391765272
1364865129
-879596862
139651040
-1855511635
2000213967
-775181697
-170268521
-1343586926
690397944
1614322403
-497776406
-1506459416
99160459
-1000053851
-504483581
206008516
1292436359
580562617
1611672300
715437626
-765738909
282725020
1516042324
-283771701
-101528458
-975593999
1776599186
-695999973
-1670827879
-8519603
-1725687062
1658580198
1774917642
2105691214
-2035369713
-593641676
-1916868462
1272430322
-1300515351
1607251916
-1201325846
-1651541979
-1763603304
248887014
-1495840422
-95997797
581696439
851442211
444719779
1716189408
-1617536796
-1174715455
1242873631
-1238674004
471406720
227328266
127722022
-1163375237
690064819
1786733581
-1880981070
-2033763491
-2143869262
-1701600112
-1920375227
-118326518
-721311420
108387396
-922950391
1985954361
1381512065
478261818
589223993
-1897448655
-1220999972
210520469
1447246272
-62344033
-1618586780
-90822783
-176667617
731478698
-1352355514
1390478435
-944423533
-1746555580
1255917206
-1728775087
-645377674
-1565186109
1981965134
1407439556
108927973
264719791
-368366186
63978892
-1039938654
-1375842083
1402433605
-223712509
674168380
896550076
-502674009
1131558789
-672875924
-1155165458
2083183232
-1553807841
1804283074
-479091430
1074652497
645034118
436734593
-582232064
-523997735
265110090
-913850682
685509581
1599279326
-291540150
-1230518802
-892377680
-668799956
-1561815702
2002836281
977213100
1213644510
-1805162109
666098858
-1992541264
1729841627
-499544165
-1327068878
-844027164
-629230429
1137280597
2034990349
175751749
366148171
509128106
610472042
-57046157
1029415622
1293566169
131660881
-2020620087
809978981
-810583140
1673324993
-1556693074
-889599584
52715163
1905413912
-694365142
146003734
-410007771
-793362505
2065385915
-1594774062
-412037603
1835012581
1389870441
1386870223
2031002162
-1804861709
-619008744
1244323005
348082514
-1217584735
783720477
-169126651
1615672672
1417049792
476103954
2139275531
251263011
1239467032
831854829
-933654862
-98999678
-2108847733
565013327
-775321820
-13800722
-1501208454
-210512871
1988941522
-1861208290
1406299494
1659792965
734466490
-380631806
207472602
-1565824014
-2099005465
-525586703
-1373569912
749852608
2134507070
-1730035932
309005746
1085052766
-1424105610
-236370329
-1911908917
2016052064
-1677543064
-659625460
1193603165
203925589
886307464
-1603740381
-1008956115
-574552808
619488179
155171049
577163676
-2143987098
-1721851350
1245669501
710159439
-1452613711
-775469602
1354669017
-841793774
-379915981
-906078227
-2016020993
-622705927
88214341
-1295936148
1851746930
99617480
310617840
-849964442
1284079079
1134577556
-2078880828
-180795099
-1299096004
-1669532758
-179737880
-947005009
2079458729
1838745518
318101362
-1099940461
-1132077771
-221848057
-1440288776
-1767574555
-755264918
877062266
2111622503
215607686
1691751499
419011605
242027282
215425448
-12915834
-1452689587
1092025358
888332944
-1403952667
498222698
-1223335492
2065001118
-500683510
1654000162
1442609062
2060743050
-1656844197
2136220804
-791910258
-1376847377
1227434554
-132108265
118325444
2113287949
-862330759
-1629346493
2127344056
-1216836918
-694837235
-1891323410
-1666958641
-1462771718
-1877351424
-1973491863
593857401
-519772961
1931425708
-474979699
-524897661
-1706235405
218441765
1928679969
-1102647639
-406820636
1648842999
-422969474
224605295
-1958447137
-81612783
-1452556939
904707376
931245329
-3355393
-1252040336
-1220480137
107427434
1448034143
161721047
-222080884
794896803
1060843661
1452817588
-1448149166
-447393662
1082225824
1411911065
-1411426224
-1679166116
1107703450
1901097409
2023459596
1775137755
88519642
319562612
-1503459169
2062914049
-1143293227
-415502928
-1065516154
1982719340
-2029854459
1302125829
-236283723
-846935845
1745855520
259398336
-1434814991
1554294256
1568467597
2091308619
1570378079
-1272473801
-2040490221
475979987
1341310551
2028185190
-1803410477
-413999317
-89756803
1388718822
811366520
317142512
99497490
-869790574
1219129260
-824503316
41156231
14479038
1546764237
-1683013953
1847769683
534480762
1468480224
-1785035332
-542884091
461219606
-1933403707
-526909680
1754243740
-952454167
-137935188
1547268905
-357774058
1722261070
-2111120697
-1683318188
-1511583930
-189558545
1427718977
1710756008
600953578
1271456069
-1188970130
1987519522
-1472219140
-1142029218
987183682
-212213487
-711085240
1803193313
719423751
-615710540
1959330366
1169190735
1875167562
682860064
-1808791543
-389405301
-1971401706
1676596583
377186271
1863471772
-1536545692
73249014
2130571419
-1935536720
802797265
597952831
1459563912
162464611
-1126819695
1586313879
64860286
1612904513
-74249821
617207136
-1069323981
919236489
-841980346
1796582506
-1552441910
-1526695372
-1028723797
-1807358570
243226800
-476450252
1556581355
999616700
1618370472
590521856
1003457850
1065126094
-1214773213
1092827216
1359145053
1322001213
-1810858796
-1685145563
-80635303
1001157019
304367748
778253580
-1948000916
1344723329
-607831518
-820456542
-975930048
-942537038
-209127906
-273734054
1296022110
-927794304
-1251555082
-215953795
1735946464
-1133231250
1374129936
981576050
1612478058
-1458885610
667665866
-1703145921
1113351003
654125132
-1814488625
-1859788977
-1957020866
1106624900
-2017327444
342783093
48605318
8371056
-1120969822
636657968
-384581766
2008698349
35436989
34888496
1016822894
1242405151
-1791598811
34063641
-1765838541
-1167083558
351785907
1801429382
958420432
989729859
942688967
-138448304
-1487179663
-1815813449
-1953837480
-319174641
-317519713
-1748441366
1124435787
-45775392
1613650353
1761994579
-517687544
-1331880600
-637421439
-1168739641
-312265141
-402192615
-1880694685
1717558372
690720055
-1044972877
-1613194413
1323798960
-205391696
636201998
1059338605
1722101505
-1153896215
-127594475
594971553
1257698846
672073019
-41193963
280057254
286559014
-340909768
622838071
2068933422
766909360
-588148992
315764299
1727851612
1424249907
173624018
1604555206
1179932018
738707368
619084773
1774414350
-879209009
-527127187
-1174002055
1542169076
-1402887657
-2078664340
195849000
-447742079
617035187
826937980
1964238721
1884240628
186824572
-687723770
-2051404842
1282408971
-60164686
1555202027
-1133872555
-2011927679
1024437554
284901797
-826752171
871538392
2060259304
-969462868
-9891086
-1777748904
2077802113
455839258
1430103003
-944369322
-1087952539
-2038641263
-995619991
989381817
446401764
1276149084
523940596
1379510202
-288359249
1786017748
-56094110
1006913258
-1215417719
1307875588
-941457408
-1917069447
-1418062787
360644496
-1329026668
356695220
269100242
-49219630
-721941838
1045848527
-1611049731
6616389
1914696782
1831365604
1428219606
-1858322906
650443154
1355450427
2053134542
-987419304
84792817
1838308043
-1172010016
1095315079
-1288691588
-1108389631
-109143801
1708906640
-945528716
260332735
-103937553
1886833184
-1850845409
-1091314778
-1425446674
54799515
977244895
921448088
-1175757771
1620312382
-1693999233
1927791992
-1762017214
-979985273
-488216624
335258419
146765209
1438184403
-2060805004
-230973948
1541985714
-1866096311
2102342649
-1611931661
-1434582219
314032630
1887983657
-248812642
796232036
2069566009
178345119
859547963
-1869807912
-1750668191
1370643101
2118467548
-855859345
-445117036
-582078947
599441141
-1619652220
371672306
2134183973
511564827
-1674720671
2075750649
781941343
284444942
-609106447
558329642
-253198360
-2071632391
1078429113
1745019373
616097640
97145847
817269513
958853297
1798394466
1699621849
1342423150
1886545495
1903887820
-564896474
1224050282
-189083184
-437508126
2012707170
763320166
-889287420
-619346122
1901260691
1487877863
911592949
-67289333
-2087814144
-727293952
-92199388
292474084
-724938693
1355409159
165024819
364800855
2035758946
-34651509
540052427
736544294
-1248445791
-1441534076
94017471
1304779663
-24147462
577676492
-892765583
212541154
570993992
-593770034
1235349620
-994299820
1960722816
-980540292
1928034674
-1343046125
1474676282
-1576537466
-2106274992
910582426
-2065678480
-403709496
-2106993777
515544133
508473220
1427676163
-1480725771
640416295
1787145607
-1370957361
-91021460
1440594459
-194143305
465383632
-2001618903
-364571623
-953073079
373035304
-1951311856
-207429942
-436940183
208119340
-1700306346
719305053
-1983146626
176197209
910460264
-417790309
650300594
713531016
-393900022
815400249
-1858304847
1188832353
1555690691
-1377986196
-1354931792
-380150771
1944362872
2078972866
167552944
1136463151
-2103312041
-433733328
-214564093
-547060972
-754419978
-1345228697
733009167
-797158360
-727290693
472193130
1969817937
2021567659
1494476157
-831857564
-402540891
445845669
-87865493
-1020548938
1776947395
-1091188457
-1609067731
593429840
1344368140
-1622380430
-1534826168
1008023873
-770742906
-934129076
-555843130
-43543664
-223262427
-323055023
-1253475819
-1545343668
2091810892
-319730057
244981039
-2056931103
939099794
638857333
-187528709
-425708883
498832072
-1255267723
-2033198094
-1765636398
-828036549
-160359673
-1365820923
1004011597
1084105782
1376007257
1613393854
2048103751
-1888230966
-50625883
-1196788571
-1017682773
818724304
-1974313494
-1592752668
-935462664
-627836626
-1009511714
-248728019
1911841879
344041306
1093283618
-249358373
-1986950673
1435918108
50781367
1603200343
-544724872
1570419607
483721392
1392855997
-644449778
489601417
1203704105
-853034050
-797999801
1693850833
1635309175
772793543
-175686777
-231634383
390564768
-690110877
-2043895662
2094952789
-981003763
-1009630243
-1599031454
-1518181612
1285696637
803718697
-66822086
123178996
-513870531
126023683
926077946
182725363
-1094712427
199628888
900761781
626963588
-556927867
-1346248987
-1663349888
115175895
883182257
1825967902
-1350458484
1685034077
945281433
1162728784
1930744439
-534588021
1274818572
1604473353
-796260898
1742768861
-1418676770
-477104201
-1507553738
-650545635
1039495384
139566734
-122933540
-337127964
-65886992
1511944879
1865407337
994277985
1566426041
-1122623354
1705408075
-1470373287
-883335396
1620632435
1573151888
1730716782
-1068166328
1438603947
-1284109563
-1988056925
-1911710746
-1736423328
-656635777
915207711
-954431343
1129357088
766198136
1836325168
-1555413883
720142714
-862318371
-230201966
416048533
-104982554
-2138492379
353081585
-1499105694
-364814106
-416204635
1749721517
1039839177
-1273864344
-1710577630
1060408796
1552373149
38095726
-591527257
926017172
949791382
-1585534736
-1272553575
-165020823
43560840
1799055616
-1493311480
971235892
1470964183
404191535
-1829989305
-300863722
1634954537
-2031917777
-1691900227
436054204
207717470
-2143293767
-94904323
1959754979
-1208035908
-2004828240
2103171093
1945614622
-1242050962
1241881222
1089169699
-617935913
2082578735
-1957974817
1852258092
-1539894893
812074050
1676601459
-1384619728
1871229561
-139208027
-2064808392
-1378766983
1216107540
1904082053
1493047231
-5975245
450421591
-69561612
-1813329186
-1351382207
-1117586719
-1489683752
1911210894
470663757
1887807875
1077371687
-2078494697
-250938847
1675795710
424057424
-204211350
1444845621
-1972128496
-2037006596
-979615283
1368123272
1191461553
-2025060362
-588452931
989324210
1516795802
1191188326
2093028111
1763975482
-834811386
-604730043
1306924631
301950756
845631675
2070334732
-1005224306
-2043818546
-2061149365
-719852882
622140142
-2131527940
634899095
490926792
-1285392608
-2138426575
-1519456876
-1347223017
782045081
-493115328
-1920539055
182378538
1093986369
-1977692895
-60433608
-32042664
-1290180267
-395260152
1758820499
1429115891
-1635866995
-2140228685
-111901102
-1915372355
479032448
282479875
-1901750773
1784800922
1043656775
143282638
780930369
-1439438457
-543531679
1421783027
-1596387352
748326090
1427013078
-338728018
1392381736
388851819
-717371234
819306540
2104688737
-948966942
1069752898
-1053592222
-560299921
-665620463
-1214579773
-678879463
2024695598
36352628
-395379781
-334350003
-1344041152
907011990
-2104453694
-359918152
60544525
-538812730
-168086509
1589300904
-982935542
2065137930
253548398
-1817431271
-2095567554
-1712951980
1252938047
1546969087
-98489854
-1827363853
1590852607
907352802
53372936
1679652172
424023513
-1443348048
-540730467
181741513
-1293934191
979035086
590772530
-163313392
-1573064287
1066457199
1186377496
-242950536
-1200864860
-1461328343
256063370
-2009765704
2099053047
-2023174203
-1089616144
-1044451615
-901269091
1603918422
-1682875806
-894958451
738370147
-1322049396
1657481834
-931135656
-2043092156
-1328396471
-1612085747
1762119567
-1716482802
1806722933
-2057381364
2000891943
-1168032443
588136718
2108123239
-866622992
215452486
-1731720318
2029286434
-1378621942
-41966673
-639273152
1515709771
709421975
225687038
875541644
1983359290
1335780530
454105207
-366963822
-262122726
1726215838
-1285470645
-1306848834
-679296856
1737046338
-627958794
2081351754
107005754
-226166315
-678758936
-1867649000
1151937795
-1264487211
-1889364633
678653633
-1966902635
-1728201923
-1420562509
-1272274707
550514854
-1188841738
1292782442
1839404516
170593814
706052749
1277120558
1796649061
-2012769744
1286342693
-1845760892
1940807862
-1215146192
-20178001
51852799
-1529877508
1855217924
1100383321
-1195071587
-1750051636
-2060542890
-1576359612
60121712
-95700735
2083274
-455420551
-2034871168
1604106447
-580429436
1319913244
-1529910801
-1510294760
826014444
-18055710
-1136513954
-1993891074
1668605109
-2012709696
1168667791
1829423800
-1846470374
-2090208540
-1571155381
-543139927
-1015534998
-848723992
1137348230
-914277458
-733723705
1285850949
771648448
1708750775
35486249
1276659461
-1318483795
1508340632
636135849
390800828
2038335767
712539937
-333683972
2129161144
-1085183741
-1199320981
1889185084
1908530039
19766803
-834235532
1042718702
-580002471
589458218
1633214190
-793962176
2045784726
1200507477
1566351955
-568847214
407266161
467439848
996467005
369124663
328228013
1127657959
-1656434701
108648828
-484380608
421315240
-1361337018
-279967256
-1203163834
1055860150
1533752734
-1783998267
-127089864
1940750327
-279663793
1953621471
572318813
-1563599856
-1736970191
-902006133
-707110017
407707655
1177001070
539734506
-671692574
1934506282
-1502839139
-1772101266
-1407698319
2144051759
-1234104048
-292387427
325161786
833628060
1889431657
1550071573
527791644
-773714328
1232709491
1093037007
-1917802561
789577954
770270254
1453951143
-1034675261
-1704630830
-1350997461
1578895131
-2111430341
1376421341
-1364044262
630174547
-1516936612
179774253
-1510898015
-595179936
-1713394831
-991664304
1368800878
-29957944
-160846574
1536510817
-1038724209
324151618
-2053886572
8052325
1792933888
-1121774659
1680760259
-2052321802
-754735227
-1387883354
-1066646322
780064037
-1810782534
-1340816278
-196905086
831190428
213221223
-663079110
1451200187
-339960061
-364579303
1118342413
-50130666
1910483109
-1845562131
603028971
-1866415125
158482770
-1158199378
-644880793
1011128186
-1793574522
-1057389278
39229548
392340067
183913418
-2136950367
276100156
1628823643
500107098
-626612506
352161206
1929357340
-1020182265
1497804073
1054564823
-342618979
-1146999202
1002287468
-693739390
-737239677
-1549037814
1387369749
-1601155453
-116507945
-262633354
1642074812
-105954351
-1351749640
87168950
18748486
-1099216365
1843136978
-411681369
1705891378
-777461915
235920463
-262977196
-696030158
-1126014629
-242095347
-391977829
1735686909
1820238917
1695639890
-1305032944
-1714865309
74660532
1568490812
-1216138464
-1452139871
-1817890499
1791373884
-661544583
780569590
1403208316
-1869453627
635977385
-1209606282
-905918629
-1534918337
96018181
-1759235555
-1506220140
389433409
393628875
208587558
2138426995
1479621120
1813386378
-1132692835
-1995446304
-1198645503
941962177
257805619
525691292
603264022
-1501901370
257042769
1617603787
-968966265
-1321448727
924330350
1394088881
-1116691058
287147481
-1992767579
-547178560
-20590584
984345413
1252077185
-820479022
1097710954
-1120309306
-339197157
1867128498
-304690447
15106043
2044345447
1128266208
200838685
-1751625995
1580587978
-1911547755
-110767777
-107272490
321657582
-1781026044
1211443216
1619435444
-1297325350
989501922
-1253421659
1811144898
462725180
1659852328
1182385185
-1577824335
-1375876855
1632043287
-1432132150
-1556524461
-212687033
-687073156
779607583
-423360894
-1517814487
-796667083
2070429192
-50457537
2125092444
1611774451
-763486385
344653341
-1469637985
-1162508224
768478031
-969698337
-8669799
1536661955
1075648746
-280794272
844031974
-526882877
1986917823
-1530231885
-375024270
-568599831
699977372
2092136074
396731658
-1936624311
190106417
-1648305189
-2123446993
-356083549
1808863495
864732096
-205903314
1025535205
1701216687
566192798
7313773
-139515148
-1073043394
-1602712695
-483437050
1743048619
-658535944
-324471577
1387643545
1725266723
658722378
1908163411
-1107899299
243793972
-1744965123
-289610045
991720312
-1337890756
-1288013399
-1477257748
1433732241
-149000418
161240935
-399535132
-753739870
1442462605
530118602
19033097
1957210130
970053514
-775378418
-631633887
-414524926
1590177066
425809810
-1857633086
-2123415322
2112261021
375438979
-203200524
-1475724456
15857771
722674650
-505405932
-1488898008
-1334980353
-838946681
663085306
-2129135433
1516798057
51047918
-532239010
1694442628
926371167
1581192594
793848439
-1300233721
-1877834620
820586511
1489283044
816474301
-1563196692
1756036941
1485608399
1890009220
1915380959
-2046177294
-1162290353
-1524424152
-1430692643
1760546328
379236110
-412488387
-807405854
-61413056
1749276203
1464166190
-824128533
-1303456891
92302689
2034120598
-122656328
1711261716
-499015576
16766414
1382314706
1835975899
-1225657445
-124437562
-2044314929
803154816
-1215167526
708669976
1660707540
1928920468
1594286257
1727285594
1827879514
798631944
1022452921
-658713421
694413365
1118605791
939012158
-92243536
-2137612334
-842931676
-1193006558
422488408
788293312
-506384098
1049209600
-940140931
151072369
-612230973
-579422573
1698004308
-46184896
523491433
-1157568679
1950961736
-974558795
178683843
533983347
52485642
466677512
-1776855798
-456402481
-1101019924
-1077814813
1308682874
-1141613944
2105395055
-1706633620
-859662593
-784796276
-2035395046
-1836883838
1601848880
-119030657
970351244
586324806
-157887620
-941433634
933482452
1925029084
1213752482
-1870963865
121312256
742666866
886536038
162636216
388292339
161439872
260216449
-213990858
913234556
1049961297
-1399985704
294884912
378525603
1760113603
-1597041167
-2144789949
1859190085
1819202634
1798512290
1481616639
738380770
-1006900678
-1750908662
-1386146870
-60945739
194897733
-553060155
-1357682172
484307460
1333086017
-697260965
-1914085781
-1000200519
1973724718
-1689420552
1453220545
-423863502
-1525894537
-1143417502
372486572
1740024148
375291768
1001509926
321736412
-1587742234
1302461504
1434590485
-2333326
1520766235
1474728599
2109677038
-1618564960
-919209872
-1615842750
669446748
856726156
-473354824
185814149
303239970
197844345
1605132148
-191462424
27935892
710996776
76338792
-1004989378
983464008
-957739396
858393706
1399404258
-667249139
-603792548
1192665212
1126565699
105865244
1273061596
-292816867
339520419
-624040307
1371693470
1321607643
1762182683
-573489652
-1373512074
1151520045
-1424199198
-1073713716
1059495756
-778605697
1748259022
541903035
-1966938554
-1447047539
-1105171175
-778033674
-1819627226
1376245748
-625806488
-1034834818
912403696
-1836577275
-430831351
1634674220
1009598415
-1974064676
635060860
1012141538
1507020088
478671537
-11305420
551996675
142121039
-80217491
483534750
-1721246684
-1845434230
1514213248
-1241831838
1296415491
-385526636
2036234225
591461864
572781495
295786355
967592373
441770269
-1066230487
-1877371924
-429624251
699317878
-220786494
-1247745499
560615274
1438353460
-1099053211
-794377332
2063582042
-1116652310
-948399713
2003024119
-300130808
1241281596
-959733987
-150472948
697297336
238253032
1795098974
-1438579485
-291546927
-893972214
-953035352
-1123888919
-1453057290
996794779
-2096717248
-69588985
-618451113
1449820730
-829328684
1758264066
-1403877309
1950741551
-470724548
-1053878748
-2007460863
-1327278164
-1011372191
488124188
-1719992608
1962575444
887804797
-1265472222
1160708749
-2063904255
-1265655932
1583796062
-380709212
-1268552766
1853524705
-354478710
1725765256
1071462178
149859685
1479216853
-398970761
627183023
-1450371460
1888580362
-2077412904
-1405176134
1132848033
2054334961
913999063
-947841190
-937440749
-1314511627
1179153203
1883397815
46270408
-1625215226
-718896554
1655779972
-1141379166
-1990175039
-2105934683
1962123213
-1566276384
66770637
-247776231
-1305422862
-1827677738
-1722179449
-2052814322
1787748850
937371104
218229984
-414275493
-219080723
-56375660
1367177094
392452002
285714659
-1682137034
-253179839
727150312
1107930817
-1391947408
-455987553
-1072211865
-1468086114
-408949182
664425428
-646838366
2014173505
-508152265
1093764826
1246084282
-241522202
237271513
-1323620640
-1246025472
911504705
1244668774
38981601
1294256330
1911791299
925439682
289746322
1251575434
-1417340389
-977970000
1120442496
-886179044
1158039295
592432444
723509625
-1508843682
754730283
-1193120389
533983019
-1794866427
-1638005591
582775927
-53014005
-268936018
584619603
967781219
-1087425928
774047539
1172930710
438050070
-1684914913
-1272037312
-322757512
-210614090
-1473089120
1712045093
-1012187429
-1472246861
-1263634575
1159914220
1438953986
1876211447
1274240259
-1242248530
-1539816620
-1110375589
1209853218
206897954
-440768160
1692326236
-1438464351
-1205139850
1001834017
-537616370
1172816437
-140942494
-549779070
-1014397104
464106145
-1146817415
-1857095644
-573275840
924842771
1934080193
16751197
-2055414031
1791489998
-1954537082
-1455433852
-127171493
548754696
-1968772758
841023851
-1545148525
-1850314732
-10303295
940184620
1527992123
1559963331
-650994917
415018536
882115643
-1571899128
-822359519
-446495668
1252092592
1054580954
-258731612
986863254
1706243620
-1703246754
1880813810
-1444828969
-1608700672
-268720572
-1201119892
-1318272070
-202363074
669808752
2082179669
2123874820
-78089118
558970077
372103660
-1503154659
-1043516246
-1461411650
916147131
-1979124786
-1728761469
-739353115
-588055503
-849040821
1785123135
165834344
1421314414
842136180
-559824379
-1241330047
-1650429602
-926866089
84629512
2053523638
290110729
-7213319
2140543739
1314252857
1912114472
-207654571
-766495036
1428467089
-270246918
157784997
-1835285649
1991993721
1168509016
1515512287
915347557
38593031
1299512839
-1214979966
304783069
1950656016
1911820109
-1026623343
955570065
214250186
48812998
47851487
107251637
1378897843
-1173774217
-2034130547
-1181990620
494847154
-349541085
6023889
133806556
47894139
-691914019
-1448050696
-1276205396
306378039
323473374
1906591149
-499118805
808528227
-897721192
86329979
797196524
-274969865
-1196171766
1184013456
-637075473
-1821868341
646074710
-1650116669
-243375527
-4393418
-19002224
2062241751
-2047700633
570166520
1153945816
859273985
-1611302496
176480601
1922722218
2105114791
879160394
1546898065
977988980
-393293718
-925572066
889803114
118748008
1525998950
-1840324290
-1883926749
-281161069
1814567352
712937574
-1052764521
893599278
991800896
-1522060958
-287126625
1538446132
1727007399
-1353682753
-1733276493
1277389620
1522563491
855156933
-201010473
1620723815
339862905
-931807836
1196075956
-853577979
-1852548925
1588267244
-1517702652
372096979
-816756877
934152258
-842307533
-445536256
-1624972265
-1654996144
-153904829
-1306363342
307299677
-487318275
2101847023
-1301297958
-298164262
534479838
-1352870893
1497184719
-605480954
3061227
-540512694
66911002
980545675
2043775861
-130919976
1226924303
-1345480514
-1034617513
-1944759094
-1113813604
-2013798547
-1685333397
-301547940
-931831579
1871236571
-1263476672
-1525644390
-874601713
697691912
738798345
1549806153
884373339
415909684
472461527
-1354336762
-517903241
629653414
-273564662
346178479
1448459792
248318633
163420421
1502820099
-773809237
633816023
797960992
704061060
-587691851
-190394215
1151229154
-805359196
1980574168
1153647853
68263791
-1185379040
-2030693489
1183993962
-712381121
842371494
1780968956
1941043072
-40074224
-885258051
7111160
-796484348
-933606883
-784976923
-401243284
-336486420
-461434224
1252207101
-142136098
-659713706
-1410583244
-366663964
888143950
422135502
822635886
59945315
1020281155
1418415312
1942631533
-1369851062
-834733024
-1373930101
1808861856
422715352
128429755
-941047832
-1572510616
-1961941921
-1772001745
576533193
-578933233
1779818280
-1606851087
2094221461
216406775
-849827693
-1122456543
-1419602188
-729140202
-411698557
-1047730398
-1673306409
543054241
-247766536
108179564
-543944518
1323019271
-95197444
-7855968
1329353005
1147670560
621776579
1603014876
-1772273265
70599334
-1345463283
1577033040
2021069085
-482791709
-863276593
1709489425
1147673130
-1513587540
-1943258095
254673709
-957739089
-1552447091
421118745
-1556030210
125173510
-1502265019
-1839625015
19718595
-641717774
-1764325004
526233669
-984610964
-779551518
109065362
1138261976
2068369588
-292510346
2059972643
738618648
93636725
-1487991486
1825169960
460294983
-1924473289
451558609
-1410405928
2085901308
1262909449
-1308529940
1322301328
1259311618
2081508756
1652767771
405778439
-386820481
1311203436
-114690453
134729413
1404509272
-1475238487
329297265
1319107541
-2080342572
646526134
-184505713
-2008250183
1683234943
-1549922456
-1283025547
-945289059
-1518257328
1140447057
-833412886
-1333463089
1256610573
1342702678
1828929484
-1559370129
1668368622
-1185779585
220735061
-1951327646
694433664
-503689970
1667734431
1691344012
-45721140
706925778
-1416536215
1375266109
237258936
-1633398852
-2072074213
-1392993301
1420221100
1790131122
-27460345
-1971249630
97341815
-57626973
1951789297
-2116599368
662831732
286672347
-1449557807
-1341061564
990829800
-1807665513
-169272618
-2025510449
1642689198
-888843300
-484601426
1943196876
1050961685
-169206396
-1006469116
1759744325
-2008127479
1233202328
-1719279542
414777687
-1603988112
182882533
635624631
-797243168
-318473514
-126815287
-1302652013
1767005814
-1738408117
583046221
-1417540686
2095495066
506195851
-2051444616
1985082685
2031551532
-1655372193
753283042
1702548152
1899326754
-1150970045
1887871878
1859597887
-1183315340
1809989449
-379195684
-1661747438
-1091926950
-1393409987
1992404519
1817830228
-365161543
812509704
206351883
-2011753969
562599386
-2011187623
-1142093726
688222587
334669660
998832769
1753135695
-1209287297
2094004844
-953855074
-236910702
-2225544
176708658
-415878917
942030621
77688888
1381703054
1557274807
-1591560984
2087772496
-314191101
428458660
-2112813823
-1918782830
1854054387
380536176
-338758682
462067409
-1195146996
526750218
1821868054
-84405526
1605585410
846432574
-883689243
1906683400
1184647806
1884551074
132591248
-1914478046
-962605483
-2047237195
-697102448
268636360
99151101
1254300228
-1161148622
-1230897121
821582908
-1694425841
306491751
-308370390
1322138145
-31270996
105297880
-708102070
-74317256
712375980
775482429
-848171769
1923621368
648494331
-978422801
-2016956912
-1406672768
1964086156
-800188229
397853824
-1852076670
347180853
1778062072
1497028962
1310731135
293304535
1140318427
-535028617
-845608652
404874177
-259080439
191861558
-1593901485
-364102059
-210725267
1595855891
-1441120394
1846757612
2125755211
-1608928764
1383136592
1351849719
-1871783531
-117924800
1193558821
499416678
-1669756291
1006548553
286771323
969152844
-1233547445
148302893
-1386698223
665796035
45784431
-1873311993
8535568
-98136052
508831705
189531596
-1876985984
135271163
-780291704
-486719933
-101020419
255253137
792540513
1865157205
-1036790102
-1268726550
-856443071
-38599290
286529380
-678666919
-671526315
1212686019
404596026
-377008687
-256157528
1159660125
102966557
1747976838
518281213
1538891861
-1688089133
-692362285
1111431134
-129740070
-1408735695
159500894
-981277451
-2119210737
-1066175863
-278621831
1279835545
563091984
-906345120
1209002955
-1320275029
619652150
-927996060
-193798609
388241315
315333786
-1388967268
-268335909
-2001452827
-1132678440
-1729135391
334759620
-1041561767
1569025300
1908592012
-1141449919
411451962
2014945346
343218800
1407665646
450158636
432253089
78657546
-92197678
-1555075948
-57760121
2068228343
1536273604
-1247603164
-183418012
91953317
-275509239
827198132
-118406400
1647856973
349506370
142949464
-197630713
-142490336
1100113028
1426645934
-1839768889
-1707838784
-1924437816
151933815
171693367
-1481487119
1406718853
-1648692888
531296058
-1014323824
-181859173
-1676318654
-1486784475
1172077507
182968435
504325920
1938809470
1498365297
-1742268829
-325352945
727702278
1951509492
412059990
48760803
-24261638
-1206527987
855156395
1729159496
-1241460588
2075945240
-1732348066
858246423
1743772888
43033472
369923941
-1483502102
701177228
-463871372
2044116828
1455152370
-670247801
-841058086
480101475
587281927
1418016046
-251712124
-441830842
1885131008
317261115
781305505
-1655446561
-1275700156
430114240
-611035019
-1568653896
1791118497
-1369151381
381307724
536276724
2115294811
720426251
1039092907
768040046
-1757224056
593937235
-193224759
-772335070
-886334566
1410149596
-986152643
609490636
555372605
901503856
670732791
1774935502
-1625693341
-1652303995
692288884
1716491094
-439354724
848411398
917196589
1734905535
-1064856662
-1801720743
1686448976
1194833720
-126366124
-775223907
-1723179342
1716717219
-573767814
-718607309
1418852867
76732094
1388798313
446127232
-1593152446
-2079531896
1185150320
-1963004432
1045287027
-1338444323
-600216909
-2013015235
935387791
-1276990109
1820073534
11655920
741855164
-1252747095
-54949795
-831163353
773543358
928576652
-57890006
2046278553
-1065622100
561849309
1704089190
255841495
1646771686
1488712768
-268610420
-2017848364
-541839546
-443757226
-1734879965
-70665561
1203339669
-208392674
1606461523
-1131262066
-1937495232
1410604184
-87547973
1710346038
1131761738
1291938731
1123657857
678772537
1735900292
1032649543
-321097046
-5937945
-661795588
1010718414
-2147042901
1252107336
-1982858062
749688239
2038727231
-1747235999
-528807791
-1446075820
-510926470
958647734
-584589667
1871268670
-1505353443
-144395248
-482947992
-98975123
-1844030164
-1786755968
-1524981558
-868421884
1497052862
-1673124189
768062672
242496813
-1171040237
-2041083866
-1420423180
-91908038
321390059
-158694004
1948588942
635001612
-1105958379
1444207406
1640143242
1030144696
1923334981
1975657091
-1564618149
215474022
1629144618
-2030428255
1504390703
-1029275779
-1840415808
-1432362237
53194084
-1166888708
-958123806
622510988
-1576078278
-1074432726
-649639134
-60394292
-19014199
-1376220558
-491579684
-552092287
-91829708
-1612287865
-1032723831
-166227361
-1715200994
538184399
1733032784
-156329709
1265146204
-216562435
1948409570
-73967739
910467820
1603689984
-1297992058
1785566045
2131916838
1143913755
-1085509774
1261807049
1392965937
-2135001772
-2115107747
-769734788
-1417175881
1603033874
1113246801
-1940940551
-1168274212
-604057599
1946542789
1203530512
1992892267
433367353
-114295574
-805631063
173546834
-1216097378
-2129313723
1593842368
-1013674672
582179465
2030661245
-722588753
-1815546388
-587418457
-1744143754
-1646315853
-9287000
-75859167
1950276254
-1810555224
1304885366
-882315523
-2091504507
545672983
-566377109
-1149308733
-417858125
-1752713614
41318322
-1427354013
265670069
329621661
-359565374
-430666923
2083691897
1641100720
-383589933
652969730
839098331
2015404283
364952205
978036066
1278402431
935076938
-1728890109
-655139355
-1899631136
863148905
1565091807
131224727
431484841
-216779798
-1631361059
-47423106
1584896579
-933602011
-1360573060
1419455046
-1882261842
554710143
132925427
-1084411361
436469140
866054639
1874030434
-945060890
-698457957
-1823074114
-486236087
-1916970366
-1020259078
1358917773
1845041725
498297744
88306511
-1228207460
249877976
-2061846462
-496303954
-593504440
-1867856399
-1353643900
-1675873027
2007076821
-1351124980
940799072
-2051026306
-1652230035
1252050964
1696702370
704094892
911720040
1193319239
-916026433
-1513968565
-2047772978
-1291069840
1338123250
-1117374790
1435992345
-1027210404
-1885542489
1452486283
-1632251330
667244934
-64923876
-1968914603
892005358
-1111351788
1049429574
340670152
1657111577
-1989701882
-2033878543
1926989057
41328819
-498348628
-512019670
1267265054
-928830535
1951890521
1659342048
-1129594603
-1557380234
-1843592363
-958902328
-139515967
-1753887998
1428861207
-997842815
1535468605
589758219
-228447821
-589222919
-765522059
-841411881
-636298863
-1630423538
-1736495879
2057574793
222060383
-459248009
404498452
-793067614
238625096
848605157
-861204963
910792906
-94338715
1326779749
1475582476
-791214640
1597203827
980996616
572581199
-2035484945
-409139770
-1904257340
485216734
1436946003
-402835586
-582200676
-29785715
-2125732134
1766893047
605456639
-2124845408
617382686
-1608601723
-1331135891
-860620380
-383178573
-1306797727
-1196885152
-445415300
-849269843
2028670685
1083954537
1623151290
-1451266460
811016159
485021336
331421487
-157705862
100741772
-1019612383
102921924
1228689437
-1760027581
610753851
389685387
833610889
158848460
-650987701
-1443071216
37048528
-2016444719
-327105471
-399141131
1997764573
526361740
2127772226
936851133
-750193995
-389431359
1186634631
-562102297
-1489572352
-813359633
-1693304444
1694902590
-656548920
1948035521
-1403599284
-2010301841
1603075455
2140948170
-326494157
-1450463012
1936853574
835433586
1461519284
504667567
881227116
457190442
1854042005
318673201
1210849588
1596796647
-644020407
1341024091
-375174693
-898615860
-1301598316
-215365203
-207579944
-1126548951
-680844939
-1953531330
-1863798683
-1166718812
342576959
694205460
1530748734
1538495413
1276737544
868773045
-1823585112
-799491753
602213703
-356408579
-435346252
-926601221
636473016
1959323442
-2081133372
391581376
319930499
2061523029
-1983586226
-418208543
-677126244
-2061479238
1211454943
-520579985
-2095630228
999517146
-2058522525
-577346497
-359382095
733337448
-1897684829
-675693275
-1942442590
-673347167
-700761330
1056818785
-1991775403
1414638312
-918051397
-1200794279
1946501733
321728657
-219815250
-135535480
1882465999
1435610876
-659686823
29525430
497423132
-210978586
387058278
-1613937815
-1324663099
1281581051
1805188275
-1399282277
-491923758
-1852003666
2103388829
2139508140
991272131
-1705176243
-1779994495
-351609447
755765172
-638426033
871069056
8822382
693601211
630228464
-2021512319
-10642951
-586822764
-374009601
-689976453
1040915391
1837455488
1907407606
1700975092
2000145716
1079374953
-2041385141
1607843780
563667237
-1928824246
195373573
822453022
2060583544
567750861
1583933329
1699327184
-889521640
-879318219
165952981
1519932873
1795506218
1129927805
1656124037
-1718953764
55372932
1293813953
-1792073034
309855426
-1134314914
1703174365
-1976053840
349940325
568070986
1862767699
-2037848825
-1362089125
-658156191
-605350542
-1042248724
-88871760
417974462
-686666829
679665600
-2106805784
-739117008
-1917906843
-1649387543
1448551491
1469604138
2085147021
322468585
1376848450
-346837250
760774407
-1642320212
-1624181910
-846400182
1020503536
-342607328
770071623
467312050
1690525255
-2113549301
833195699
-1542456113
1772744401
-2017977576
-724385193
-1803763098
-1404810434
716927794
761545074
800504028
258134153
-1683799020
-271870503
1861978089
-2040077404
213517600
-1776680386
887058060
-1448520109
-1704000912
1668598708
-472307650
-471353769
86730539
1216485234
-662015638
1561651919
-373483239
-1365286698
564649755
-2050243621
-1319421576
1358613421
2119826935
-915906430
-567189745
-864495951
186444907
1303875285
312204676
1977889362
1673716775
75074132
957394410
1501413305
1653696205
-1897415537
1582681246
1407122441
-4718108
1413702672
140451922
-897491993
1423629842
-1670560392
1463500394
1046567740
224038282
-857421081
-602431354
1566328121
-391787070
59717025
1910120287
861141147
-1351012247
227395053
1012319958
185871407
-1833181288
460586304
1409701706
-1800865896
1239937351
-174236005
764610601
730768464
316669442
-713797327
-204054583
119474924
-2063929637
1366427979
1497117816
-1423900509
-936757598
62495600
-1205065007
-912090864
1856891475
749641152
576472401
-1433452490
-552768305
-1643512928
-2113644247
352252101
-733830705
-1376395365
-2028766123
575408795
376495125
-421275769
1929756909
-1747874419
-1101006109
509515494
822727098
-1442071450
1552378544
-1253377137
-1693760501
-286168017
1895562521
86128782
-2144357687
-704871504
793693205
-1846981817
1939994313
247230263
1872403565
239607521
-1402466207
-1288336233
2145416042
-932904480
901092925
-302197901
-844409905
-917548524
1408613746
-852542020
-755083767
135168689
-1562030381
1733866615
-2112909403
723050687
-305783421
-833190717
2089123329
-1320699468
-784674100
847094042
-1944852410
613730398
-1611455698
1041052374
514878613
2001144838
-448937799
175783927
2003184767
-1913426478
-334061922
380201251
156454075
-1877485461
1805474307
-1829239827
869415954
475899358
2085149719
-297396903
-1334053475
1190823879
820676967
1380380831
1154462259
376786348
484741743
896957999
891272476
1736846758
186399090
577597173
69885961
35681093
-1737875059
-1624317986
-440329656
-1574061899
98040585
-810667623
307205939
-1805578724
-1139007247
494147746
-1338566679
-1123372218
-944178204
926296443
369771584
-1036302460
1160724012
-22780612
-1191143687
504337360
-737194738
484739662
-1665672907
-269724875
-676893853
-1620365965
-1345494744
-33317523
-2116978329
459202312
1128269836
-504113205
1765563856
-709762930
69667671
1575637083
498756642
-2048709018
1331252527
1102178119
-1142989759
-1323310629
-798775267
-1430754692
-1295145145
-813027482
-2015081983
1033602956
-1665376873
1845200172
743197253
-713525291
1639696946
267095499
1785196373
189254371
-1647282359
2138970965
-1675536562
-2009009390
81881106
-1990836580
-755468299
-673744776
-378561570
1726811823
2078714346
178124289
467283563
-1458641755
-887934180
24724698
-1605129866
-1526067304
-1709079425
1515223570
-1629332587
-700037900
2067341052
1259117183
-334575550
1940672753
-1334684759
-142268194
1736475962
-2001089699
710038330
421851709
-1862592248
496293022
196362422
-437994339
1362210524
-1943003401
-853263507
-1376797742
1409397664
-1160787958
-2138270680
1847586990
303149132
172213917
-412835422
-943794594
-103615111
-801836896
-1131157449
1037632019
280620084
-265429650
1731430619
-63334172
-26599403
-791074733
528689997
-1643331598
701519503
-1971136690
-1291462773
-1468634419
1693861768
-930944489
-1961987448
-1705169899
1828768555
-1122806429
1498075676
1417604196
696422653
-2039222683
56073275
501197675
1448784942
291703448
-1336515223
-150950054
-285753039
2014959547
-1927101843
1011926661
-296943474
-228085731
1012547908
-1674805436
2102467318
58191642
1916173656
416250394
-2017826153
-796784155
-529022223
-1861862888
-2061595214
-1722027897
-141429269
495064963
-1998582167
-1797063898
-1221283927
1520908468
-424791075
-407902326
-1671247799
-2117683905
-922201992
-1076974883
-304300264
1865762647
1819746694
-1938089039
736409160
1859202928
-1841032182
-915425209
630846944
-594530778
-2120252721
1784941838
1200957939
1826142301
1134838205
-517177495
-1404186604
-956839512
-289928595
1204125877
-1838905335
624359662
-441606658
-206541430
1450523581
-265505973
268873769
-1314349760
1355764347
-266682061
-1073680494
-199531084
-492739751
1171093981
1241169761
875960139
621353713
380651742
611415569
-1056361162
-1773189033
-873305581
-1180420729
-630166025
-1985788602
752943044
822325350
-1570564060
858271132
390719237
1078489249
-1891027093
-799434232
1745677919
1066300241
1227705813
2062864897
-264809808
309210567
1784905038
-1242650375
1650435663
385372133
1858256228
936213202
-1497987469
-470100055
722807119
255982480
1285735124
-1219802614
-1389319631
626052688
352705426
-1539627769
611942814
-1358293127
716175702
-954671364
-291211171
652967472
1297662902
2112948022
-1515801232
1725714705
1491384798
1038638026
-568491695
-293944805
1964306795
2025908386
2035841406
-244552213
1127833498
-458652712
399833143
-1781292500
1583091873
-1432863930
1889645702
-1490151603
-388107940
-1436186787
1947065983
-1258745483
115609388
1625773877
209140681
432151731
-2122419684
-1733801498
-1421932452
772462714
1096807748
180922645
1109761931
366577227
1536213362
1750857937
-1094110907
1060589492
1962626566
-160485217
117704599
376993656
-716305379
1427173843
95101044
1782180367
-1935007760
628510497
-940171336
-406658736
607767678
-773064333
2028330346
1748012908
-431000215
-1796413956
831460417
314377502
2035833629
817152396
-545065879
-1345206496
1341945143
1463141669
-1243111802
-1364605216
-227078365
549371855
-965817607
189641331
-406189305
-954766936
226042209
1609617353
-1289228577
681989182
-996604828
1516492578
17768424
-325776351
-2003839570
-1615429439
1918038082
-484687950
1745679929
-461915682
133522128
-445972671
1730545359
-493898528
-1015101086
-734434729
1291070668
-1917957941
-1162960618
-1001890225
-1791336664
-671394825
1697861882
571800107
1270153141
-648145406
-171135242
-484439132
435373220
-947145465
-401117463
1486272898
1604269645
-480484849
-1082269679
371916590
1075922222
65654983
346856623
-1514156667
-472335308
1626404467
867176426
-2039094034
-17657031
-2028190686
-1882589709
-1461470034
142370254
1232785443
1901869673
1007946618
1911132729
247210679
1614338303
76268877
-300104511
-32531961
-1350785956
-1991138693
1063809832
2046925144
571807554
1610515462
-1440936840
-1499465860
779064305
-1719711440
-1520180990
-1093508981
-422398515
1789258321
-1835923805
40541907
-792159938
1597041898
-2079408823
-2042888436
-83149353
-1060272903
-1801644107
415777743
-992844102
-16124018
647031937
1677974601
225746233
1181946526
74666853
244994603
-834455104
-1653551594
-1172622667
-1472781596
2091095795
-1440519629
1250074925
-471435246
1843778323
650354448
1542070257
-52137163
-478428251
1193128320
224850126
73990309
1530462037
1122533661
1728711877
1567188422
1450123799
-1959337056
-56525110
1697119865
-2109231218
642965875
854468296
2013126101
636434353
1513596804
742664425
1615939094
-29646420
1540899420
-1003713261
895953877
1689370883
-1515293073
100848309
-1611843463
1466734845
-202487371
150043842
-167968787
-492113345
-1787817351
811391485
791698834
-1578228042
-1087627408
452693367
241839223
-941668422
708857100
1892719445
964021959
-136445329
1529420818
-1456276009
835926146
2087642735
962403690
2051737237
355234160
821359269
-502085835
456003594
-1035156911
360483963
-52033756
-851098794
-129957543
-1491319497
-23845369
959739455
1942729178
282202530
978964644
1262642552
449768259
1309267946
-18327094
596889382
1224293192
-1016825911
765757861
-476106337
471988066
1646571749
1127386706
743912052
-1265323654
-2129032326
-59252299
-874122831
894616544
2033461045
209008778
-1229730461
-1790105471
779162723
1927794362
169367897
604507993
-845440182
1120052463
-1749250257
-717428698
-1628203561
797279082
-1281262968
-1087974563
858046329
1115739667
-1808865894
-1318015391
-578248885
846378449
669108718
-696570126
1117417592
567980828
2137688424
287621603
1041673434
-131648049
-1182321787
1436819727
-273277468
683181634
803625700
-543042419
-502360126
-438119528
-1373421817
-1580461278
-350108994
1725549396
-172732838
249804279
734303973
-754608590
934364275
-789040245
-393187862
1827294772
2145806490
-999041558
1991823177
-406306310
268349580
-1460101089
523197103
783063382
635882364
891393766
1295086744
-552653025
-1440261798
1262706854
552704314
-40651707
1511314006
-545099619
1036548513
-162435034
-2103975257
306458972
1937262362
1550201375
-1556529529
677634678
1708052693
2077116516
-230149502
1810570612
731469765
633638932
-626822160
-677825013
-1079558965
-125111673
236975552
1820584336
717679890
548201450
-1795046026
-1764814421
1182445756
1758639886
-2018036618
1814056523
-2082914371
-1487545732
-1941515902
1599003353
182993159
-751611188
954529408
1075774127
-84076569
1979385398
-1725043072
-1227102005
1720886190
-751850135
-3278850
-1986423105
-1966549613
276069787
1261479779
-1223391508
-1767030568
1512234977
-714773039
549658095
1455032618
1857276352
1979664416
503367514
669700941
-32666877
-1802380766
-595482202
2040372216
-914348850
466516526
297346408
-932210435
-1421378062
-1134038820
-724790333
-1398503251
1913391235
-200543988
-733022179
1185485689
1934601384
-1808954323
-979789547
-634969124
-1740763983
1850484411
1616950452
-1104324488
-2144045458
2081861897
1734525922
1297675391
-993585730
2038638656
-905707238
906228308
-380748698
-504454233
1770989153
1450122353
-1788882141
-2015727068
1257215603
1039814794
1128679425
1159662594
977823040
-386182926
-87585299
1068883188
336524182
1793443902
1252262281
-238605735
-293137890
-260218073
-782350529
179935680
1508499340
-336255820
-178620776
-1630200913
1818220050
-714254184
779364046
1004748448
-1802912747
-713832488
-1928318817
-413979061
1893428258
-213904463
631781732
-704126166
-1765365725
664820407
823876449
-1420081606
702770125
-1909945279
451968861
340348158
-198806948
175705604
1147943797
-1050521144
-468851838
764909565
-282768595
-1235997637
666327964
832531092
-656411449
80596491
-1152269530
515654398
1982459863
-1166448634
294693233
-575295006
515219735
-1157276840
1424889490
1216788543
-1358119049
-1611367670
-1411184483
2060963468
1008711288
2087870923
1745752083
1760541216
666393018
-2081366029
1271054232
1846662356
-1238647341
1260373444
1106502377
1233562342
-821015967
1814072818
1561702668
1039536927
-1048946334
1156295781
-2118881848
2005411128
965932994
-638220996
1280257623
-457919878
1719769909
1803374613
-20073126
-1845549917
98230598
1372613515
1004771852
-1000937712
1649650608
1349575935
757214906
1320336920
-1617351188
-642369381
916314738
1744810165
304332811
275484052
1478679034
-320706455
417565381
-1822494034
-884958205
-145478818
-2063376175
-334930171
-1104008034
-351087409
854546806
2108652297
1629316079
57503655
76677217
-103320118
-326513633
2070763367
-124506439
435186293
546009751
519439180
43573616
-523494883
-1154672534
1618206640
2117050588
693370303
-43485678
-2058036816
1590513029
1190065279
-273512866
-1844739826
1942251072
-140701128
1292700843
-284695463
1697848188
-1541189069
-588395951
1226804043
930005979
-1342623179
1415518048
-1819266191
-1160149500
1967552958
1287967372
-698404079
-7844937
157266320
1709956197
1133618759
-1410575839
1611927406
-1598451254
-153630096
-2062226575
805820965
2067003807
2013801420
-212646486
-1266513457
1559402941
795707742
1347635898
835201110
-1349310678
766808855
559541708
-594954697
1087145353
376759859
1787460058
1534105480
-1502754348
1713564641
1008317829
-1216000709
-1489095609
1492024873
-1049694168
-445514076
-1316072033
837580554
295717930
-1834641608
681169796
-1222144542
-105325933
107248790
2145157187
974595858
-116630559
1814044875
1584708031
717289953
-943343076
37680337
936919977
-659246944
1830457384
1930592089
968888558
-429988081
643781209
357669834
612544625
-215799041
-2298804
1112089992
-1839443718
-444406984
-318642188
710251385
-2036428691
-225361764
-1533644301
677136324
1991346750
1364368780
1480314666
589535195
-1351427804
1772613513
838145939
-338374469
1226211340
357379870
268454477
467909490
1165553232
813423102
1277431544
-565484063
-401566936
-1657736344
419936322
2026386371
1990243424
36185810
-1687135294
-1112310803
-172590005
-611061563
-409529596
-1096469033
-418090249
-239799802
1366931940
-683377830
-775956831
1727058166
2068364831
787997371
1587971947
1579896123
-2077633498
464712935
17529419
-1322620514
78685494
-533838848
-1840060602
1744359478
-756299100
1487660568
-1935235362
466080966
385198717
-1824368581
-360811831
1275378019
534645070
-1748759118
1503591907
-244639398
-793090753
-671469690
-773974172
1930993231
-470258074
-1219669949
-1708569259
457466793
-1192284071
694097917
-332414401
1988013101
-899628795
-1379652457
1072114214
-1081881111
1164413117
-1942103486
-1892736331
-721979310
-865634411
-1933098940
-967484742
-737429328
575454193
-507378182
-76530477
-1788256070
-51982760
1154145311
-1012067991
384152444
1523050125
-1870770610
503958494
-1628734336
-1895944736
1593485509
1841428226
-868485843
1954366145
1584658027
389641418
537795689
1768153493
1593531156
-1482226365
400123014
1756546764
1458261506
1567344835
-108864678
-993583565
1115584686
1009004898
-965594961
658248582
1596931528
391255976
-1031389474
-386115511
-1596314499
-1605966201
-516490827
-125455657
-1384258569
854594187
-1481840735
435022522
1092037417
-124301233
1953794313
-1520851395
-1379909428
-758432206
385241591
713755968
-1725519964
582776139
-2008933891
-1003010742
-2428153
-442092135
-431544746
-114353436
-1926080609
882450815
1753231946
-312972252
598344814
544324718
1672288727
1312499847
-231176174
959160547
-5633395
-541197820
385467978
492675476
-1995546951
853273437
-882490952
-222672411
909870789
-757227593
-1576092184
372470177
1596368094
-617222291
-169771632
286709733
-22167849
1238040096
1334747417
-1956316833
1978903117
-1401807342
-84580003
-1711106632
-196339958
-1107946316
349987506
746100814
989027246
-1134259075
215137319
956127270
962848908
1624834044
-2143727859
-2118294751
-539654959
1707592240
-967435592
-888584084
-1886340629
86968343
-633522041
712054333
1988301095
826673028
579243040
-1037205829
2066155420
-108069067
142062592
-37627843
-509813689
1623927844
1153302066
-339645257
-1593861001
1065545757
659318110
5622896
986976875
-539441776
380492293
-1144317960
1948613176
326573224
-1050911734
-347966119
1522409712
953578907
1974577267
2130322572
-1222094336
723143747
1125023600
-190978258
1074149082
1956161774
-1524513123
-1140215949
1259703507
1762224753
-922154108
-1525429670
773739853
1989647747
-6804891
-1668089566
1146741784
98596167
-1330766536
-920113668
2110910485
2106636586
1834563314
1822089217
1141738012
1477098479
1642942215
-133027226
1146887711
-309579769
-95248080
526658285
-1569922417
1961651493
-1577294482
-1118284898
669211134
1837169426
40002637
1330684855
226478853
-549489219
1590233965
765000672
-226700697
-1341055339
-824719811
1574633890
-583961738
1472048923
1261805322
-1842854374
-1223079243
-199737166
744516664
804496361
-2074425666
-1368236615
-730657330
-496105362
-1510110363
1728483291
1960017719
-2109072329
880894750
609025957
-251018938
-181567821
11035291
406976856
-997400454
-129136339
5055161
-2050004224
174300035
-1356804875
-146262884
436711364
-1756729852
-672284449
-2030685160
-1460585344
-907476070
-141405711
-1675486126
-1048051312
-725788899
-613987497
2033042087
1636996590
-486342107
-421672550
-2087937077
-1254719617
1765900495
-1583076079
373501749
1360538793
194276801
1979924375
425712826
-1652002008
-479397270
217809277
378001528
789227554
884746126
-239742526
788365557
-644110984
862552577
1331291521
1446212487
1238585438
-1108187214
-1768930646
-950926603
-1904249555
-1790306069
2048700916
-95751074
133172343
-858580522
123296786
-1334729127
-988136100
-472995774
657065508
-1219754403
590917915
740772263
-1048436368
213055587
266669035
222803303
940548689
1470043337
823107339
352296790
1330106991
-2023169927
1593288728
680273532
-1221422545
-1642994870
-879251042
217181209
-1172062867
-1818345307
1042213104
-1271720216
-1638291608
651998827
1497988411
-1798584664
-1418534403
-1116396010
-1242080295
-561792041
-1524841448
-135001058
25288162
-1152632896
-1132502169
-921990755
1850096393
1355634872
1090712911
128508981
-706488924
-944343388
-1303000285
336044081
2097853452
-585546819
-1336320621
517576938
-1717060826
407877015
-988800158
1898822507
-2097054143
-1721173410
1074589531
573917016
-651053021
18480739
-1652510331
2141305355
1402257758
1743930838
-65996907
-61618177
898209767
-279044395
1734801571
1370884209
1802652648
-1475645531
-1591969759
413415236
-527571500
1456907582
832039944
292172068
-431875652
-809925108
-171421101
-1653338642
1207720929
-175248141
-658216528
855309647
2033658505
-99438444
-1470611083
1502661035
-693526250
-876528946
-456698672
-1339677377
896837715
182883463
1840817474
-1471797879
-2071832559
-1118115412
329615438
-1190948634
2055298546
-463550091
1702567021
1689969277
-1490059900
852862701
-928409276
1100359771
-1908179567
1334402481
-1243877608
1676550111
376968884
932888311
960850305
-713673640
-985745617
-1526764846
-367376035
-757644308
1085943804
-2077394509
-56391161
624381627
51289889
-149308877
-592624183
1147827267
1024797512
-1699379441
-1777177202
-747904251
-1604885362
2070247794
-568342564
830709353
1109352090
-1665500294
-1380750592
560479966
1889982450
894107380
1486694026
721031237
692126345
-920494998
-300445701
1042756239
-1207975525
1880661600
1735960252
73310372
-804360003
-1580909351
-390839470
603079046
1560905775
1793297696
-1187396144
-869898314
976990836
-1876432444
-161892468
598696662
-1977735388
-1259284765
-1711844331
2084833167
1342398208
-2127583573
-1005245084
1995854260
1018197319
496525854
856383312
-328104793
-166016441
1474361876
539559495
1951362555
-138101962
-959183738
-462820037
-1246974374
93160258
1199278601
-1509644583
1262365865
-344614426
-571693161
455378432
1688737641
1528439422
495257749
459680112
2147031136
1757364509
-1174962928
803507906
-1892508040
-823498594
1150627914
-1408245609
-1192140314
1711994360
-1542110347
-1486457836
517441166
1723903191
-789262146
-1262769779
-762576731
775219559
1504025228
-1505778561
1765351320
2113182578
945941257
2033585860
-1750179028
285630124
1826645984
-2005312767
2095578853
-270973875
1854594632
-188007838
-268390484
291381728
75975490
1422539145
1605945259
-1972995749
1221662
-277890877
-821586821
444681838
530654018
846771068
-639990911
809467167
1848646958
-1521546507
-1317558124
994993558
1852940730
540035123
-818967837
443613493
2100981154
-1716909766
6577174
-1018383125
102690884
-380400261
380304818
-1686080310
1622436263
-1590749814
1143765185
-489550634
-1330158401
-1097528813
901041073
-1633246433
-1347874322
-885645810
-1421462916
-1665612015
1602831822
-438247375
1674988809
-548429303
-731176915
-1802866778
189581265
1835015468
1375641432
-1394522114
-1053726011
2117734516
990487452
-1179887516
754037359
133222155
-680581367
682088981
-1199286441
718251227
-636768903
297048591
-441227353
-266331803
781856976
1413851656
465295122
-1869542446
-784003708
373533857
1014737136
-2081751993
-373640353
-816041765
-1470752595
430904957
-1026154877
539414729
-1735957404
1040437648
1785158831
-722401401
1192762822
1630222614
984130239
-342035862
-1002822336
-1762905230
2091955833
34500984
-1999129763
-535209622
-251940730
-1436198118
1606358120
-269143305
-718316867
721073936
-1738802603
2061299036
-187650393
-989711196
966363360
1621089914
972306495
-854568926
395739126
-1803851423
-750034695
1876482950
-444127148
337123370
1787619077
-1568612745
615966318
928907011
-1588132652
1679425908
-732588143
566475914
1871580378
2089613388
299572555
-1273189537
1696759190
1604034515
562936586
1897928948
-699018801
-805649710
811477506
-802384474
-1119514337
-1978746305
1175881556
1181200913
-2114427723
1322605741
1862762604
1066122655
-878627755
-2126843643
-516857430
-1967498654
646483875
-2118182794
1889332035
-1379665372
1514989473
-1725307990
-747499415
-1077831493
942562422
-1839167687
781780138
199182240
-383573135
-798203038
-107725931
-737452350
331204940
1606308600
839401122
841442968
-759245644
333673881
-279937709
-1164636299
1790938376
-2071992026
-355566698
634047007
-267935
-1330174354
1687356013
-1119824479
-1994527790
779154732
-1277741360
2076235359
-1320358672
1046817587
-1179272495
-13677973
-555246700
-2050512153
-1594737407
1669820183
-1116228385
-569289489
-912254446
-1992856629
1423620221
-369499864
1230959805
-577513960
1166744878
1736561372
49178597
-2013863156
1453967746
2032860211
1615345404
-2104436281
1176491235
-9354007
864198822
406100814
707581144
779921472
313702299
163861407
-1640613241
-1642029512
-1272912431
462399492
519079036
1657562110
-794821159
1849030316
474171560
1079170977
-201752951
347372407
1574263467
-1566057717
1567091930
728854032
-499215787
-669224402
-1102944236
-141398720
-1531906454
-1685974915
-1047864280
-1946301567
-104640603
-1775187555
-163416484
793481426
102983679
1500731740
-25280467
1826899401
1100380720
-812173599
-261094288
-656876562
-636316299
772679461
859169465
719341381
-165414508
-1762524511
