-1433426234
-661008354
102006266
-146430266
-2062019309
2102516609
-61313463
311148233
-1155035949
-1666167172
-1472768035
190055986
-659338873
42378593
849029012
738794477
1300996020
1456788686
652031883
-1248849941
-3071770
1672820583
1773812927
2010507758
-1966507017
-835902779
954526454
816728484
-1846829679
-918726739
-1245416737
1165194231
-1217473296
-2004041340
924466808
-771137117
-2011102996
247150850
320638895
401253128
939788598
-1173275098
1816782156
1526672705
208873441
874306921
-1861006835
-848665484
1033160484
622539830
-541461998
-2139162773
1776678750
-166639464
-1365325189
1826381923
670613849
-1418844107
738778959
-1616699612
340711634
1362854522
1498528671
-471203759
-271682760
-528403945
1924474858
-680524287
115820212
-153917010
552856259
355190157
1985607017
608860102
-2100334671
-384676181
-923506436
614356485
1549695062
326954939
1840898646
-1391495266
-677823534
1362520929
1075167656
-446067961
779982953
1286435667
-1474016593
1845764847
705837922
106134643
403499321
2054191727
-1801854158
-1291042785
18725351
-138229633
-290054182
688094920
-267363533
-1856448853
-380947060
-1434200127
-1076081996
1189531397
1055720852
-1128084903
-1376038240
-173116067
-1850269323
-1690094549
1179175827
-195805265
1542483026
816898227
1340913294
-1610022436
-587403632
-1859322331
475001665
1643520157
791068600
422349689
1428625036
1615167412
2012293793
1015485386
-344611517
1308467043
-365465651
-60470560
1598273329
-478307038
965397011
-39559413
-891533729
-1377039477
794401150
2101089330
-49631594
-2119772776
1990449269
1652751402
1345462561
-772693743
-123781349
-2129829812
-1467871018
302212159
2112862456
-1567051711
909564503
-1737809179
-885059368
641632799
-502911851
13567600
1464399603
843558841
231404949
-393722515
-1575041714
-2102887118
-92481674
64065082
1673045600
2092283091
1522231730
-1033574144
1629487607
708424734
-1896494428
381764832
98128988
805266979
-1313127095
-232840084
-1863199819
1869186833
-263581878
-610329256
209160106
1291980047
-381852871
-625729680
-1721190581
676776524
-1316193509
376878796
865194289
1496685652
857747238
-592593597
-1365298718
-2069119835
1616723147
-1087623395
-1306891142
-1504639358
22903286
-1813309685
727775622
698435078
-93161325
255968603
1964798003
-1598888837
-332374444
-2029140377
564309415
1522238956
199750833
79645774
1529253550
2059955192
1818441008
-363462682
-2146951271
1863954920
-2111318554
245722353
2099078754
1491908100
548903484
-956858994
1237003028
879969313
662596598
-90785551
1406624361
1450857854
-2120581007
791755094
68492980
706509265
1806372395
-962556622
1411656449
1510555036
1519801992
649197483
-1411599238
-1347673660
-1778382893
-1387412406
1830921739
-1273825181
490027906
-1911315985
974821961
1545386716
-1109158723
-1653786364
-1358919793
-260625104
625296161
-1351126795
-20542870
-1283267953
-289149504
1379277023
1117418038
412776242
1387317868
26011527
-573639672
1521685351
-1395628747
1806960269
-998529074
-518419475
-245572561
1435344096
-918735947
-1183796351
-1475767432
983895156
138561994
-481644104
-1010850440
-336079054
-1451729949
-1258261745
-881159318
1848860464
1131751872
268928576
690027035
-619579870
1122536812
-835192106
-22196494
1966403599
-1590416919
-25619197
-994645712
-914313913
-1904418805
2003102385
-542385289
802869139
1248079268
-1763689002
-1089445488
1048186542
1758845665
-408606708
1948313192
-2114297868
3709427
-560698528
-1216354725
-1335925415
1914076401
176847977
1349071284
1901746076
-2126748164
1471322524
-1082633356
164093883
1990055331
1814266847
-72867758
-1095920727
322747273
2083957851
1175302659
-1807349186
-1087689403
717482901
1748062907
1394981486
-1229510775
1501107648
-1374937870
393353661
892255621
153485388
802771819
1875357170
-1163044211
910871746
1700181361
-2113731062
1581840888
-1262514989
-469806237
1189858927
-1577027253
2066322349
-1199528077
-1577028503
-801478505
895748240
694285994
-1953231660
-1917453025
-918122847
1238515246
1213690387
-456783299
1150162430
-2012139321
-1920873148
-1446501243
1247357457
120326303
-1285816651
591942442
-68529879
-804310711
-1405773419
1818489760
-931638970
-1233515004
1124165358
201634691
-469930444
-1284349889
1178772434
-776551241
175371482
-1263988128
1221816020
-1351897137
-318789677
-1088787776
-845145926
548235442
1181278525
1330637562
1023036528
-1042577029
1162313169
726294373
1424114238
793171873
965272884
897508062
-1059884483
-1432520873
1373488012
364501706
-1132103162
-1889767115
-1722726315
-664326310
-1628886611
1663135256
1192558196
-1762704367
-1565201427
-2029925051
531206539
952923267
1733492132
-642090796
4068495
-856352418
1530341505
970857547
1755618712
-1972217426
1590228219
-245522039
-1093383432
1706839132
-2140502140
-215935003
903742862
1257778679
905157886
639986070
1790612571
1807593142
561732206
301302612
1890440533
-439051075
1707271150
1419498047
-966512773
397176479
759033576
-1265419264
1907135017
-1016892892
483771264
537720109
-889023059
843817803
2086035794
-531441167
-1455320807
-1388875887
1631370077
-94098196
168999258
565766515
-929546434
-1889214376
-1036673655
-970837966
1763777440
-564802196
-2099014527
364777429
-221775374
-1089569276
-1132204111
-257680012
874192731
1658285185
-739244238
-419703886
858269930
1401806318
1273197339
1656124299
507565842
-316097949
287704596
620735823
880581717
1762133934
-87925463
1377916397
2100814654
1827596847
-780855072
2140580980
-1536344173
1931628546
799937420
416281559
1456733899
1009035875
926820579
804218096
2004011965
1596545358
945906382
-321602361
-401843814
1927327078
-797008000
1180494611
-105428451
-957897705
-353172278
1276093696
38912768
1026867710
751883436
-909320142
-913021263
613265287
1121875758
-2019001847
1016046661
-2019066921
-258224784
1715638054
60396205
-498226707
-1662967296
1875855150
-1805530330
-1526043645
-32748949
-1500979
994309878
311210297
-639250922
-59454979
1665729620
1722739061
95495758
-527519608
1456617127
-1748262012
-1099404388
-202574133
2062058995
2117822853
1909785693
1570433212
131989904
-2052489338
1501309074
-55734995
-761910756
-425498513
686771957
-992866479
1705342642
-1902029538
438163276
999996543
1875343707
-2147229229
348554752
376937014
556684996
1684391374
-2109954832
-1668032416
438666545
6707510
-1256333950
-1818123302
-424868175
184292669
264445947
657595700
-78540141
-643009920
1174940688
1875867573
-1025940968
1090046387
212504253
1307280545
-2119920535
-1155130755
725231956
85274301
-837067317
1233116320
1923257816
-99898862
-1133283824
-476823716
1660288139
-1032954895
-222725552
-1763017963
-191418683
859094839
-274582055
-1902503629
-1133896954
-1408644910
1584596579
255088201
-1920012722
-1520791421
1267715975
1725891192
1855813292
-1382006299
321925490
-443382763
-1449420011
-194405971
-1918568747
207806601
1984101495
791180082
363982367
1322643321
450302988
-1056167376
-854613522
1824988198
-770809101
1417270472
-328489790
-1468311275
-1851357445
2118097354
-562732045
-510776846
1315195074
280012599
2079372773
76212144
1019082494
-1146385152
-2002348167
-963403019
310354714
-1100677100
-778056506
1856587957
-1969351932
1424837017
1000102152
-2126582500
-1972995003
1040639608
410386904
-1459855183
-1014604719
172563231
441143709
-1087212616
-1706556896
-1276018815
-952906430
-1849324585
1477811452
1668532065
-283815640
158953467
1092478108
-536393008
306039134
-590123396
1309847154
1634079476
300136719
-1485422210
-240450495
-1326878966
-823966405
1311593882
706187249
1886148013
1580512938
856905406
-231640922
622597720
1089775388
765077329
303615246
1071914792
379932101
771270042
75085562
-995501338
-1093427465
1021633378
-1442630608
-1587942587
-87936223
1573368791
1896185982
-31964313
-1285084937
352367538
1491721490
1425598117
-483821838
-1281347684
1367834889
2042580879
1218273275
1886293197
981368645
-1249983695
-280559774
158275574
-1610959485
114693272
-261808108
-1819910559
-36824917
-1977246572
-1355427059
231372117
552792682
499542462
357136651
-1249520706
1467737085
-516559684
-1148177533
1297850893
-1191132592
328836291
1998123224
126264413
2062851911
-1171091363
-600274998
1729766103
507679834
43017836
457348652
-1195477930
1129587303
1926290286
912594650
517541709
545077955
473396993
1137894120
564806888
1375159697
1580121513
-109538786
803801713
-212485801
-1853115695
-1824887132
302478581
1844713421
-1443301617
-1452183559
2010172198
-7969800
2113865388
1581805865
398217603
-588094088
-1183622046
1962546751
1331573941
-1054257891
1248885863
822285559
1997682236
1126076095
1788160938
-60566344
-1366163638
577897550
-848734372
-1236821568
1994604015
-718229977
1303081137
-1911115872
103280757
-1821334359
103891175
-2057550101
-1784839411
1287786248
-1271694969
608172586
-1883397206
-659016864
-1333033750
-740413934
910028844
476771341
-1612752130
1590280440
869917377
738348601
388980297
-1380663932
1453629576
-698176075
116819246
1273300133
190221942
-752211444
2068665199
536158916
-354103171
-1784938283
-1752930317
280020027
-269543702
-1021779639
531866312
-1226867448
-1955439090
2123881748
520562538
1791481789
-2047507424
1031606895
-2040283323
-899686469
1045354849
443048814
9461880
-1832936801
-1485828479
-1721250154
-1213539109
1472013563
1167598913
1671314610
-1349911229
1054959176
522274649
-1876371482
2047839492
-1839230949
135964571
-635813884
-107931210
1688788119
809292119
2030317598
983984956
-388415454
1523124737
-671258277
102299649
-556727717
2110433553
-677710066
94361989
-157650357
-1405384150
-1355735036
1455949079
1291463130
-2097480322
-2111727331
1461767395
-1107585917
-711402896
-868102883
-1077875409
1496493387
-202598278
1841122756
-1128748575
-1853413393
-1635085744
948290075
1128906820
250378588
212326213
-526195184
939929867
1185772387
1411329774
1523216197
-125622635
371812268
173028100
1657858852
324893554
-1488189973
750494606
-1023284682
-1457412827
1961388370
-926000833
1199508661
1635845931
-1699542714
-1786873316
581616735
-1638206916
-266501804
-982199199
312270732
-1312828464
705848422
-273251419
1357656450
695818724
1153339185
-1788787652
1325001736
-1710584067
1467526641
-1219553060
1587576376
-792251795
950987096
882648706
-1561260903
-1731079980
-1177686333
-2058098026
1271387756
-1379639063
-225196114
1899573069
313596998
2025810042
-210488214
-470916530
-451060770
1977085360
517701133
469381528
1753019688
-795035497
1685582760
1937674914
-1379365726
-621827874
662800063
-1774807101
-1401110803
1912087514
-327533835
1924249555
2120546718
1841290960
727276807
-888574957
1861913942
-1722054285
733918459
1438140489
-1344647921
-275440469
1894393752
-1610092241
1763987129
2066076056
1980201752
-1157786355
