414547108
764450035
-814430935
21762535
-1493630103
-171872199
932736189
1473532384
282153294
-128457791
692231051
-1131392881
19836836
-600625812
-1092613952
-1306611469
812486079
617712743
206384586
-1524975606
-1615891202
-837042456
1096451062
2029773735
1493219591
1870538518
-609978277
1415027336
368207959
-1422210232
10238454
553994663
583287033
903783794
-422787562
-1948876080
867347861
1903687131
272226042
1620701299
-658960724
-942502637
-1519609673
859386555
2052641825
702169380
1268533343
-80807458
-1007015174
1603469831
-2036391585
-862719562
-1904000153
-686210727
-349029079
920015505
2081387268
152346958
-840087278
504965956
-998262949
825368293
-1860094340
-1904887674
909270188
1356475229
1982810423
287989114
784846063
1017800935
-942135260
1214779789
-1716073703
-914227556
416863259
-265791614
-1512923490
929740721
388344078
377688522
1946809143
1452827112
1718734190
1033685016
416116965
-396681399
112440269
-910478795
-1023848396
-1300717806
-750939452
1486298128
386756292
439054827
-1626671338
1893725976
-265050108
-733549219
-1185754091
56011982
-364087743
-319729019
1015002692
-282425707
-986308641
-1303565308
1470495805
-1432600884
-905775899
-1249503431
-777373228
882413342
-1827184450
1547988146
-1010292355
-46346216
-1469000643
1422818270
156028906
-951222789
1172491233
-1873457656
442283512
-53496109
-634948006
1280713856
298409163
980682183
-1619673269
-1126619622
-125349833
831655859
1629930065
1491660764
1049131873
-2074479373
-1575949756
-668599054
-1898667098
349797505
-186695492
118757861
368324026
-490709950
1192210902
-1762699508
1818202388
380646044
-122992584
-2001129918
-722985591
563742027
-92822191
1359335384
1999959863
-596354699
1922120165
236767949
-356946780
-1515046661
-128843064
1400865852
1698171686
2006235409
-1134506519
136000021
1933055364
-1846159856
-1795077230
1989365007
1862877405
1556396170
427651053
74231261
1045158856
-1151813729
-1375409975
-1934571105
-458112068
-717116274
-1813533794
1210302875
-2029073230
-460231794
-52633650
-1482737108
-1038778616
2097378782
-2091407059
-405852934
377966504
-400213733
-905996605
1068313194
1601025641
569536465
-377833008
-538329512
811845300
209614675
-1978423025
3861507
-531747222
24948430
1587934271
-1685981880
1381613317
-1157155940
1138740190
1546248467
301393149
-215707947
-1567629001
1782805778
-2130005652
948054060
966967967
335189674
-763404
-2015194633
81999867
-1572059346
-1752149280
-904134001
885351300
-2036093106
-1538234487
-2022404391
-1044600114
-1921520179
-787319558
-403768796
-15160315
-43278986
-1093293353
2113154870
509985658
-854964656
-1912048006
-1158498655
152167773
575614480
220691550
1028570714
-1965109300
-1847313458
688407488
697468555
-122234612
2008998652
-743409533
1333282727
1292492309
-492025453
-1991973037
593749439
-517204653
-138601074
-441870323
1467221268
1116260778
747949467
52341342
-1313385492
790053307
-140044016
549181610
1217142185
379606885
-2035668197
23512366
-1879213290
-364412018
221427005
-1627490968
743617540
-508403165
1657978105
-466051147
-1271224811
-917114276
-127201080
-1202475204
-381270825
-2011097276
-487942065
2089460234
1023575828
-1204806536
-2051673133
1248208254
489903463
1454195502
-1415242004
-1915185945
-1347006958
-557933703
-231994760
-1530347925
-1481805297
1252109770
-635543086
-913731030
1325338468
-384190278
-1681002684
-453304414
-231113541
744326918
-1270459463
-906787500
-1765901775
1325277657
-1369438793
-2074823000
1560497005
588243793
-946877557
-1390527475
-1745887499
-1670140613
217523397
1477988708
2016974524
-1330231263
1821202150
296224414
70485502
1238904455
-276819625
1244808867
-614254512
363874416
291888285
1651370101
905860594
-2050991321
-1966356277
-1620889963
2103228775
-210095813
1078660919
-1881581403
1739049543
1868611274
-1595237520
-1244058802
1756705107
-1503607294
307998575
-1879731613
-1731184182
-1536114715
115349259
-981876410
-1985514502
910167371
-1566859598
1085175178
1457089817
-1313229779
66699606
1365131225
469012565
-291558112
535544228
-1847920872
-1167358679
-373029602
-296574341
-1471891000
-264200463
-1497671796
1345041051
787816879
1900032448
1632920695
-1890738275
133664183
1506467953
-2108438751
-1309719518
983672341
-1733412869
1437274300
-1441749681
-1242726739
379268106
2085145461
-311307400
275315636
-2102441782
213330355
1967825434
-1515955049
-310465019
1549788576
-256808177
1799622939
1012541295
1404048615
-120696580
326646980
242087488
-776014657
-438586099
-1042379653
-771022845
482800169
114021348
-788970902
2067158702
1274049141
779533774
598776874
-625685007
1625432073
-139256265
-570296544
-545222190
-729628827
-1326479776
1683117859
-921488775
1452593249
1728655182
1343239010
1217321288
-1684766791
293103365
-324358779
-558163154
1136962763
-289792778
2007144209
508304445
568330142
-496942667
467396880
1648351353
-1414558938
1169288686
-1449356816
-1736006158
-350758971
1934853273
-1139819093
-420920300
1598239253
902186092
284359720
-1401942980
1806051812
-1441006447
-1316689440
162797455
33107327
-1808082791
1931689668
398224903
1965133107
988575663
-1266653346
76976846
-374820080
-949304560
-533263306
-1074069042
-1123511568
-1455474758
-1727779978
-566005112
-603941193
1801492323
-581523247
369226789
966167259
-1245301588
1634563999
-907725110
278613798
1449610902
-1221868724
-1903716816
-121417798
1091579700
459061747
2139863411
182389334
-1780612702
1335287109
-1975329751
-977263658
902665013
1351155119
-213510987
1394332160
-86477837
-394705988
959261661
1770233213
-1059116475
-1486820425
-702359142
-761675740
1968598507
597006228
499088175
-1825135746
-124215761
698047247
-1181706627
-1702280314
-870586531
-1379342827
-700137836
2106882480
400608113
-1994821277
-2099729011
705131564
913572370
-769765011
-1147426922
915397995
-1659247681
-1514384512
430865229
-609716255
-60238777
2139048234
-1241402542
114242061
-268738434
-1995414055
-502477545
-12978506
-1992686803
570577601
1640073465
-690897546
-1396193974
116399363
-1629771884
1219469180
1260137832
253387275
1054779474
-1747979124
1451766384
880827961
-803709627
-1452557238
1384850833
707314114
806905911
-1498884168
-46676107
-249008168
2088367358
1565906685
-491193164
-718042103
-18987757
-680632472
1476973965
-815302172
-1681137563
-244224589
199482579
935506657
-217088149
1482881163
-282205660
-978741630
75039352
1306965839
-140725407
1680185525
-828372398
-478539496
869300569
830370428
-738130428
1504671737
-968315961
-375179057
-1501771278
-978471801
-803221378
-506233408
-950926290
-1571166821
-1134069278
-262742048
591995402
465254486
211892378
252947425
-582976786
-1902928796
90731651
297497724
-1378888597
1142487173
-483630873
1649329300
-359165041
107914057
-2129100818
-1087942757
-331272326
-298376166
993880404
1858749493
2088483121
680689791
-403519397
767206682
-1097298766
1599969694
-695810813
1268632640
-2095481017
-1748279805
299781241
1837268024
-1715265761
2109264799
-1477645108
1295852504
-1009068006
682180114
1377974246
-2016266215
-1167978013
-228072148
-1437212231
957466691
-6513853
992034737
-1432678984
1058385991
692188852
1000179292
-805929080
-1350169237
245259317
-664603866
259695351
1352522028
-186547108
-668585785
1309122348
-215757217
-249130831
-1051476356
337439008
-416678760
1419879736
-840610805
1544358220
-1515672112
-116062385
-161328636
549161124
1127187009
-1552362054
-1390712248
2031630531
-1909332332
-1109545476
-442225457
-1073067162
2082621502
1094963944
-628648795
1823534366
-35541977
-2119849866
1483682100
-1425647807
-1539339380
1930270938
1521854409
-2075292383
-224388315
192722642
1843480912
-125683584
-2036506487
1273540927
-1861500830
25516354
-1445348911
-1074992137
1812470657
1027128420
-1384072324
-2127310375
1701361570
1214672429
-279082862
-296045535
-174403861
2020645794
1564215563
-832320772
191213500
546936638
381461104
-554751138
1048043507
1618670818
-1239918910
900515347
915189868
1195241738
936209819
705086484
760808646
26646337
1040911251
-64695269
-552184980
-1566155818
-114009115
1197358457
-177266221
-1459479344
-1455804335
-1187394521
-620723968
-1537032674
-300663997
276294170
-1764209075
-985213678
-695121868
848591322
2005941355
-918612208
1313347151
653477461
-517871446
-1140424830
-1679247016
113449968
-275742601
-1306369778
-1698126647
-858726690
122207014
-1261054453
729924925
1514484405
316681202
66536496
-1843442671
-1042512066
-1863765951
-1185906
-1831268024
-741171572
-1272906197
403216576
-1291276369
649584719
2022807357
247349856
286375745
905449065
2040111993
-1988380228
1839780300
993996481
-1821869919
-341184823
-914680364
-849166761
2124206516
-674060457
234013622
188907929
-224855368
-1116128891
-1527596784
-1133148684
-888703814
-1449133704
1545987680
-1043519315
-885565933
709512775
187003626
-436128016
111667948
-1244224967
-360531233
1752529705
-1785767421
1560977970
2062584763
-633713774
-157265490
-44072855
161039086
1299115532
-2129723104
130231902
-278547778
-1304042189
1125507562
-908148213
1725100395
676887212
239015365
-62817703
1832089235
939006656
-1145086834
-640477483
1796877016
1526813998
-1669601647
-605587805
175394239
278763324
-769358071
1031320242
-1983818277
1486746383
-44037401
-290707664
1093021482
-487946180
1218492370
-1424351168
-770999362
1395089822
-1408026769
1754734058
1657584287
-1721181079
628781793
2092491603
1073248495
-874582913
451879571
1145095469
-1845497521
-201338367
-777906636
473426800
2067185025
-1993337815
-1507034877
1612806729
-1125548466
-1804675753
-353790388
1584518739
-312697430
-1049963415
512352817
-1145473020
-1309503723
-1831489713
-1178121555
820314729
1523266115
-15713571
-1960897322
-1998876395
-1910227970
1889797091
1794493025
148861270
1943849291
1621839226
-1244791957
1151646378
1929150668
-242605920
629332086
-1235977615
641787492
1534083335
1375987889
854222563
-1480997600
-79357143
-702586757
-1748611773
-794307756
354156447
297589801
1714007892
140440837
509624243
281182983
-1343405044
-585121658
-1093796045
-923085155
-180269177
-353228443
-750399608
-1175342542
-922286530
-1329236601
399927302
-735887723
528510840
1907875985
-935784572
1094704666
-1527284992
1370132873
1689422639
1374967011
-422298089
-1754478915
-703355237
383103328
883264428
-1642898461
-1280202470
1711585560
387865546
549457537
1390431313
-1374364248
-197282223
1919820942
1039927303
-1526792692
-922872600
76568921
-2102606016
-811042787
-716935119
-1515834198
284580490
740954
764832831
-894619610
-668124266
898917866
-1834854332
1437880055
-247761399
18424033
-669321842
-685831252
-1878341228
1813371074
-434882124
-1735475107
-1784260286
-302318268
-919764980
-1774719726
-218661872
-1167664295
-643244449
1205534820
-299466046
1954959467
928420063
65963620
870418164
1723264488
1530311001
1208148412
660117358
-701935360
1864543654
390460180
1893717436
15381165
1257451879
1569673911
-2128783106
631829491
749631216
818151541
-692983300
2146740841
2039886724
1575661002
-609686403
234418423
2141950659
-919075265
1206716888
-438763296
1840444768
1257019920
331641035
-983574782
-1574410474
1146375950
842055307
-827430564
1395720156
-1294894138
-465836773
1146695889
698655830
-119795485
1828496097
-953283797
722393487
-2139130672
129130357
-1813530271
-1589862427
912782753
385974716
-2019262948
752388420
1111160115
-1017736395
189374583
-353010026
1325609873
1745339538
945149702
1316743290
-819143783
-667834486
-1589584102
-1116459213
1898132959
1455763949
-1264139198
308594146
509355472
369778168
157391891
849949943
1824249114
-1019479062
1520220716
252368869
335360331
1880525014
840474740
-1556397547
1416765368
-1887625541
1418145701
509312796
70814623
-2131439151
-597959666
-105209297
1244639887
-1310191835
1927539348
-961980202
-1395961080
-525807513
1916205561
1072133343
-1399283363
-717113086
-1664066464
973840789
1898129121
-1936494483
-173669104
1737799729
1227222850
-1942172223
-1785065864
1012361105
-1227380689
-425613174
-579855246
938615591
753309505
2001560289
1447042763
1528597811
1520667159
2116780218
-101435389
-683225036
740893891
-52305799
-2114466736
642816923
1480536676
-365074229
135920872
-1603881022
1066392595
1566261171
-1928981632
-2087623397
-373364222
2051399395
1826136591
-764609876
1666282210
-44132019
92297943
-920029254
-1789485691
1734436344
-1341791067
814021828
-1146595131
-1168505833
231092054
155213747
-626709085
2109656150
-1319170915
-691253426
1605537714
-27868297
-2134503164
-656360973
1927892918
-355089891
1056833840
1620536195
1380193415
292734440
1751076712
-373418338
1640103483
-93732927
-1465094824
-73188080
-563226749
-660901002
1718810129
14986122
1717336405
294861960
667350099
721255572
-1011137333
-899429309
1903544590
800904898
-1221470390
608777487
2007135782
-877798875
1550343398
1678759686
-845852298
-1207144188
1421223173
925172166
-962239464
1684666316
772955458
-768647289
2076309986
-1361055676
-1449453933
1012563311
1015489842
-388090876
598014125
-782105308
1882209006
1166367271
-1584904282
-1071744093
-1368945978
-531282881
92676060
85891408
-1037903940
-1694300535
-647295979
1710591821
-1112517403
1321770849
-1555932697
597151246
-1357895056
464794103
247451738
765796653
-1963800857
-693913533
-2009355061
1595421818
-1149992779
-1074438090
2104953362
-742336938
1513311207
1220806705
52237799
1718586176
1944291382
-301297990
1851242625
1728988848
39136069
1065347437
-1105948033
793468195
1361759014
1588148015
-771656437
1496908663
-979874526
1891516842
605403196
2123689848
177683641
651174388
1727009724
-426709574
1029377767
443088017
1436999082
-869367640
833607080
-187234149
-1826434111
-1379083043
1469196222
1271158335
2113589945
-1331046734
1257717937
-1579153301
-867622931
-1240754921
11050263
-713755195
-279369411
-2066604634
-1215916267
1947526366
597090101
-292745739
-122042587
1497290663
-1944646290
1008932395
-1416418023
-782624221
1285707060
1759381717
2136434015
1237780574
-1482510743
-863529990
506556037
-1386102883
1089311400
728758124
-179453185
-1444794666
-1184680275
-1493611424
384224040
-1320666526
1945990643
2144809536
1343744902
37349104
-244362082
-572787520
-35867822
-165363780
1713388443
220823343
1056304950
1397943297
-44281083
-1758613233
-1681480616
792176556
1178967754
-466163737
769079190
-1052896431
296206734
1374081622
1187857683
1268813666
1032489422
-526983061
-427103246
1434326686
-1703039672
1461904692
1376817761
-356103226
-245737830
1724104084
1827169753
2062298774
-857904855
1760366681
898833315
2044374003
-1018716348
-1799455858
-689850979
-962232992
-1352735096
1640612620
211832638
1948519350
1476304517
1878316119
1303525078
944458004
404397473
22524838
-117450982
183940627
-118284228
2019796547
429602016
1528825406
-1955199467
-1818087915
-1316485850
1837635521
1990984171
1311746682
-1780441256
-1731513761
-573137049
2046734938
48320465
67486121
1271808824
-1003586695
787992226
-1647444372
-125990529
-577772789
1368186515
882522986
-481712530
-820384883
421156966
-420296371
671984939
-54017070
1015031394
-1270241832
239657209
1046981467
1101984783
1849780831
-377588583
-1769781268
1474795069
-120574599
-389587986
285163611
440037195
-180204557
1081938911
-291950422
-1746775131
468471047
-1511095168
-2058859688
1070248590
-1717938739
1082024308
-923386893
1799948063
1673453552
-6509428
-1186259215
-1374825074
944351141
-1744617805
-2120179008
-1227769677
-1356135207
1320647438
-857889252
562512840
-1558764631
-1680764833
423421855
-652034960
945803287
-1540625238
-48850274
-2003504902
-755840775
-2044475622
-1494354638
-1599688986
2062929460
-1799494620
494996371
-415851097
291036714
1544615916
564825261
-1540128342
-1907730832
-871806232
684340204
-574018666
-1979716668
833586371
-597556134
-1076455467
-268260035
-447299197
1608753388
388498003
-715422012
1404327149
1636455960
-1890061691
-1914636606
2066079783
-1814845269
1055294381
-742528229
865115551
-1812890152
-1605997221
-648742566
-661715157
-1011994477
-996962250
-1608358356
-783271310
468461599
-1113650436
-764235758
970899337
762299366
-1657201721
2028638546
-994404896
825995400
660689297
1127787822
336374623
1303706165
1753862649
1008229464
-176676405
-1018859457
-1063078074
-682603356
1827669614
260582890
-613496148
2077157375
-2009178121
-629842810
1056120526
1471264415
-397166946
-1698725184
367480452
1059336315
-2059109749
-823790284
774136797
349549053
-800330632
-995804091
-1771263129
982353910
1115843732
-1717075152
734459821
1969178322
158290858
602170463
-783542016
-1435442932
-1434666366
390113019
367889786
-1301860125
-1781148793
770949572
245935423
27584846
245283498
-1958594780
151639814
97722924
67035013
-1854333312
370630871
1290400703
1382378946
369651409
-252423914
-228403877
-385787971
912186995
1527194559
-2086292646
-488839321
386100284
561061874
-664997806
1336342894
-376052272
-781778510
-43268727
473056922
-1491009740
-490472471
-1123699031
-665493638
-1078079584
1312577199
-350417745
1968979519
1882310552
522530251
105483305
535204583
-1490193347
1545278329
27777696
136064413
660841440
1714002797
-280672430
-439145633
1997914071
-1213066729
2075323172
-774256415
-634687596
1265624105
-1516874794
1414528944
112777458
1021147733
918367864
1478185370
238555602
-1104900773
1385997596
-1086233011
2096076518
-386845118
-142842932
832331582
1850268620
1462714085
-820479810
690357708
360138846
-1154648400
-796621883
1397045156
1593915208
-1004859477
1657661707
-547670682
247581146
-1467005000
1031928573
-427509880
1611900190
1695277592
-1122480251
-1990398597
1346497581
-1938868941
-997149570
-590427381
-1889662018
-330116968
1184331620
417548299
-1636947201
-73400511
-696650677
1782674992
-53389913
1316203036
123772946
587174205
-554454196
603938502
904069592
263351648
-1086431247
-1716683111
-1604497491
1285220316
80984546
1856690664
1689690764
-492356121
-480102204
1549286280
1103230345
-1627886124
-1184554521
1867163795
1985176646
1341785717
1607183839
430528616
465984683
-887289670
-1133218990
-953898763
742963157
-1406353507
829696786
-323906760
-2113278385
-1656835518
1123819885
115958786
1923931007
-2102586279
-1507465020
-509231875
-582106014
597514438
1362043226
1181557233
676697467
-1148532092
-1559664019
-1111189950
-1838248952
1449611206
701485194
499060412
-1635926409
1566751582
1727286557
-429147245
952645655
1619742818
1913465671
-414159196
1654758418
-411018228
-514628108
-668098047
-714243173
60426722
-1772072149
-1222778196
-1264841885
-25700842
935997608
653960097
1407009872
-216448465
1378117031
1057799449
-2108785808
1807396840
2111933954
1353653261
538938667
1844086359
-119364994
-319920648
-513951816
1055458641
-211824032
-1013410591
-1720409902
-827888884
1166860871
-354693224
-959610198
903958534
1461986357
1522795071
268416031
1175805222
18898158
1322973964
730136620
1859174432
-39900539
975638348
588742817
1964179997
-949305293
-1291809622
-469372907
-842652518
1665338218
1693874864
-1591302374
631318671
-1913940439
-1551929202
820033714
1837720532
-461063535
-1598323942
2101731842
-186038080
1443625912
-866611432
1957642565
-373717997
508073917
939156410
167380994
1516475669
-1591302371
-1801678487
-1952408447
1316176894
986996035
-142876475
1807736443
444504728
-770032027
-512641557
-136346864
148258
413163149
1368122357
558873597
-580226696
-1520435723
256881862
1969069581
-77677968
-912124264
-356570874
-1832715568
1424588165
1306570501
-870075285
-1899126390
1719256250
1659504245
-200148422
-737854610
373866168
-1845367264
1632521741
2094413579
-2053490887
1974395851
-1636696874
708540166
266449321
2040906149
682467875
-272123895
-783545846
-736094381
-1543172701
1862984187
1271382039
-1156153271
1545960680
1667151985
379867308
1972996955
1539255662
535404131
-2088550044
437847955
727157467
1130193186
1104921219
1729284676
202997128
-1025294711
-486798570
1503609439
125672767
1996855923
-1316891815
-1243386620
972835910
1299912556
989172056
903151452
1637351068
-524417366
-1228252200
741792165
-2127679102
1704354622
-843147402
427890574
-1419651268
-26489722
901239313
-2016849468
467286808
-1483197467
-755601307
-420158260
1203610031
508244406
774115831
-1933029101
-1627444886
-1743178371
-913715400
973342787
999010120
-1957624481
1424602597
-135250985
-1713783843
-1964687149
-1320605780
-37846799
-602096483
-1419847014
-894435564
-599696022
-1231286950
-1809269268
1337630365
233247274
1823643146
1221858035
1813728806
1776694970
-1291583282
-1946691972
-1240888689
-513803753
-1732195281
675657963
761539486
1965366472
128105898
1201240176
1479902246
-402130894
-52463506
-1704514953
1905713253
1433872171
1558658147
1866475621
669189806
1539417036
2090996078
-244477056
1409130055
-568430965
-46275853
-1038441426
1332715668
-1046539640
-138129509
-1602733983
1752643700
1121295142
1272394070
770069841
1546367978
1030475485
224338339
1388810348
-1917031425
-1267547314
-404259314
-630353014
-522467609
655302295
1552634
2009935973
181778530
1654102504
-1938701664
748402504
-605854619
109091158
2054846039
-1738636027
1464059897
1489562862
-319850475
-804193237
1992002657
944312077
-420192715
1217682808
-1684248446
1585935342
-949517446
157299596
110539903
29998724
1260125523
-1323219488
782111651
-1690046838
616968800
-295680267
-1873520508
-909911081
440194356
2049487312
284952420
1078498038
1216890716
-1522824540
1948654298
2128242422
1062643872
1491138257
-1335562575
-470692739
554374792
1982259213
1334342927
-217558493
-1291657183
-1601562912
143006169
-1966061059
571716097
1324001365
-1770981290
407173238
1307704967
-24945938
-1894955246
-1802609562
1398744679
1386710744
-556524028
-1747917732
754132325
-125190817
904592114
-474831554
88983392
864088995
1541711892
853861908
-407393903
-613866356
894920951
-1600514784
234589204
1595383290
-1867607644
-1195541967
264550312
-2018874047
1029434369
-381470152
-1453884494
2046664404
-739274890
591167515
-381351801
-251116225
618860243
-1731928375
386673130
1099856730
-649125776
-1734655859
330081747
884266427
714155157
311031719
-649378958
-1361774740
374877724
-1511603176
-463421838
-507888163
1642557780
-1498619203
130951810
543733787
-2083111639
54557087
-1982493936
1845484866
-176954751
-1240730231
-2103598249
1684911664
-294113816
-1742918438
-1445707108
-641831301
2098157422
905010075
-260927309
-1222672220
-1009087281
1123830995
299572936
846000524
-982746667
-1805105894
1556201563
764563238
190542586
491881067
1019834508
-42965395
209266256
1201235262
-104544360
-1886133096
73004709
-1852139818
-448150365
-1843898484
-464231199
-2083995433
51507127
1456882066
-1245500493
-1629771237
-1733552116
296891466
-1529155220
-1395733307
-40553847
1691231966
-1794198486
301709717
1109531786
-71468167
-1844685768
421977213
-1711520029
66021370
1292689589
1388017268
-225473243
1401599461
-1547007373
-1511202677
1323810079
-198111847
-1758961376
-1623167939
-1117744473
-338739000
699809451
1818522890
1483942810
-1778169822
201164000
913209158
1595422752
-1275598765
1546228053
-1562165203
719743796
-1038011856
-899085431
-24540357
-2037846173
-767274452
1234399561
1412997306
-1901993005
2145936144
-697268907
-1428567652
99165574
-319473686
1974830148
569158794
-1952978720
-1759489722
463881124
1078716476
-449452186
1142387099
-293167260
-1225752821
48571848
-312769272
283826550
508028868
1268094497
615895104
-1866739792
-375793730
1431968380
-1168336191
363736051
1580735021
2041359258
-847525813
-1271270770
-855373639
-1106794511
-500623984
-1022225692
1903851850
-1693020424
336784423
2129780299
456144165
404794529
783548870
-1785689801
1656114492
158628135
-104515920
-1427563881
1920917441
-1614630647
-1236637844
-2046333570
80749307
-1211864747
-449960521
-1569642234
-631453347
-579361751
1999342778
1665913456
-1493822764
-521000586
1711580287
1942969744
-465756320
1417848839
334956705
-5841049
-1702996250
-1059822911
1061668419
1138181905
-2026177981
-1136005588
-1478843069
-1881259807
-191745628
319275569
-212315986
-1791383606
-2047071212
-2056281051
-592833931
-341169920
2061444182
1331309830
885593697
-259392034
-944808204
728494083
-934647740
-1178935286
-1748470377
532153665
1844453744
926718934
-1908440167
1538915548
-1709475475
-206576407
-2016213032
1473084971
142781925
840913182
-585723955
1273632584
-867633693
-1734173269
-1354399780
-892469042
1036383292
-1173446011
-1257665299
-1339368988
1613585740
-685336573
741784378
-1206673286
-14760987
803836609
55047786
-1541707310
-1473199739
1910593990
1183094495
730373954
-167121466
-687473943
1114138699
2147009335
1154308378
-1541684880
1416430985
-1693646211
-1312325962
195523321
-705913430
74978748
1168368078
1441724061
130250317
1045051205
-666711549
1027263057
433504051
2145399054
-758525159
32434832
-587429103
447137531
-1761524755
173543478
-114687576
-1892417185
1572561061
1215588527
-1836441838
-2125718591
-1608373207
-624087984
-1620011937
-427811870
479939793
-823609596
608279904
-915385090
-1229387682
-634190038
-2103386174
463297362
2108328750
-1279998274
-1010391203
1700146142
755822251
1137656502
-1812196402
-956658580
1411494660
-1850346322
-1405875390
213182416
-1098473440
-2033941818
-541063531
1849633392
-1160363570
-933602869
2088569499
-1686478074
-564694208
-405584492
1153852092
-1797706844
206941625
2143726510
-113184571
1880694520
-350024059
-332575685
912991741
-20455983
-614447062
-1431851754
-1274349193
-1999345439
-1221201188
119378747
-1403752538
-1439313212
-1980895179
428944998
456689462
1539083840
2081609253
-1165567239
2096471833
1152638158
-131689178
-1911775710
-486561313
1766662489
-1621045836
-1736785860
1625801290
-383313083
-940013316
-1648809610
-1924139743
-706785870
-1501280045
1516987570
-965651388
-1011083519
-583621911
538930351
327657216
-362660714
1433197374
-1866881175
1842826148
-781127969
359150036
-736447553
1513561684
957057429
1013045157
1134685526
-2142144228
1359516738
-1380663593
-470168899
611098952
1190250242
-405292499
1019836881
1958491634
-1552345203
1888853952
-239509917
-1321045029
130224756
2090361583
-1762765033
-1637784962
1244071082
-1875420780
1593437326
195640930
755611973
-909631368
-1619276089
-1284328273
1769983878
95736584
-1768733502
1504232452
1186000150
-1047426488
201683558
-233875833
-1228582766
1754683143
937924772
630253884
-155482039
-662557869
65713115
-873540454
1855812
1967023919
643308669
-1328215461
106881670
48364675
-2069557773
705387667
-1909446508
-466723245
-1451411522
-578051580
-17582793
-426791117
897760478
1793412016
1996318591
-951262470
-50051722
550256558
91164683
1596704693
-707787088
926551361
-1718250104
1570253278
-380312354
1030082086
458579318
-1583577138
246485985
709380396
1659764018
820906095
1080023502
1000811018
-1806076112
590653749
-1741793330
335241836
-1408530297
1557387086
1681489221
808716367
-2078684494
-402200553
1328908597
1285047694
-98718316
275260626
1331805668
-383767365
598576572
53501334
277949117
717588274
693791466
-1192740986
-254037901
-2050297749
-1292631342
-484201915
-350706836
772330128
330126367
-982294359
276213852
1395988559
634899898
2067722414
-2120554705
-653023248
344698443
-1611260244
1508577323
63634345
33052671
2067177420
1128640341
-2005308623
1669307532
1248268216
-1616094700
2128411282
762004849
-1944121967
2005615380
-878132669
524049538
180335654
-527228819
289424501
327678115
-98639519
-121057277
-415087699
-1957850413
-1285881596
499146287
-1110315374
1894721388
1226067605
-550546786
824603912
1924376488
1621344919
-1738774663
-908699012
1279295335
-239657222
1269894854
-405464703
-637586642
-130232621
-1592563187
1718545564
489708146
-335442609
-118122434
-536485
733837847
1359808485
-1116635695
-2053107029
-403733709
-1159073846
915827503
607257451
-767034858
-1361498454
-1988082352
2124519996
521603470
1689727636
2032538788
-862968422
-1035401626
659916085
1716002359
577984304
1921656624
578429512
-1211897073
-466599577
-779652028
-1713815219
-1206459944
1190140479
1308636168
-1737128328
1715361475
-318908574
-708094096
505269996
833500586
-1680279690
-1373066552
410979368
-117069193
-224719694
1877855921
833872577
1807444934
-762127181
530267496
-962396079
-2039378999
-422499952
392552526
1998085295
-767888532
-1097828309
788920740
2006243936
1192946617
857892810
1927571093
-1936524724
-1012311684
430075621
1313570169
-944335180
1833733930
1683427649
1255214167
1548278115
-1742481154
78111549
914570156
952164643
164374372
-702550421
1790597482
1244449394
685407131
844712802
453890115
458624885
2055076501
774374609
-1760899290
-810061011
1517668897
-416835625
-1775278839
-1458967576
765795403
1194304914
1419056361
1754349817
525470978
-1637242378
333587982
-89632854
1522677243
-435500065
-1614203757
781724529
1622285525
844241512
-1546467803
1975815522
-1336746114
865913725
-643504374
652953317
1078706900
-647540818
-2017914011
-472142936
-604797041
-2144645306
548466872
216409814
768584029
695723164
-2021745751
-1533841527
1084615758
1168287656
77434376
1530269820
1582226546
-1790615848
283468048
1407203076
624829375
-1213896412
55570412
1853029696
1302321720
-2023803553
1822465661
-870603889
590885964
1904302800
-2039297958
-538546878
337982331
1374168833
-552494056
-1554639726
-1535623873
-77351722
685500106
-1570108972
-2053653463
-1472208672
1595577291
577565162
-860410039
-244928781
-480713542
-24635396
1068911571
1019933941
-1447451195
1001375336
1100879102
-1873649927
1622467114
1179106038
167579183
1783832715
-581051141
907946576
-489559210
1294657357
554258977
-61929808
700867480
-2051415358
1948795810
-1719108133
-1452144082
-437914263
1152112422
893706829
-1737010804
-1846058227
1753941942
1729983413
-1798628155
182554715
-817156153
765246115
1536787245
-1784698956
-1946636425
-785486977
-1069503937
1509308228
-200461547
1765147837
-1727735359
-1100473261
-1684709913
1949604942
2091855398
-448901157
-2084578010
897159257
1668975922
-731420583
1797007181
-1973350614
-1916223260
-387128088
-428905582
299805290
-1504453489
1007261066
-1838516812
-1304335984
2049855561
-1530022711
569608695
1442975639
153505417
-353204610
1717796204
-1471969295
860317707
-2025287696
1329958518
1740156602
511672823
1095286048
-1440890488
-1037965263
941263425
-117307550
-2001615309
-154649757
-1290105262
-1373474513
1368172639
310567976
-1129834520
561212217
-885665320
-13660077
-1657736134
1661925056
-484958196
-631981020
1300875615
-300672732
2107511314
-970399231
-37151249
536245434
-2116791570
1420849509
-572999958
2129533666
1345594387
-1588608744
-2145095720
1305078616
1850436648
-112365408
731640114
-591915829
-267358705
445967607
-978392832
868059819
-670340062
147852413
-314463806
-2050063289
-1721713729
-286656976
-686664812
268917014
778702086
-1786984423
1222962060
-257536428
-332010783
2026811657
625935718
1113336272
-1154435260
1109029253
-1402870941
-1684890108
-2018859083
1395292158
1610362989
-2086345883
908232206
-1609757627
997898367
-1560800516
-680183423
1679507005
672252739
1537611318
747527133
1827900369
-1349585668
541540343
808869647
178549288
1893587365
-1567366412
-1939929366
-279814633
-1297645990
-984057535
-820561110
-580407337
856145143
-506711767
1583052214
1494533623
1977163262
1090712381
-1853337308
1137787795
-272468802
-734972497
-1081541758
1710163398
-2126538320
-83283744
1110675795
912424028
1687217955
467552566
1977722072
1659591116
-2112660452
-1632320973
678655376
-1643917724
-1170372233
-2144268605
282106880
1806418630
698068305
-1128574252
534850998
495502738
1810342057
-1402934741
1646697867
-248864668
100629316
-2042165131
-573842391
-1949317120
491262418
1948173980
1081638093
-1929110580
-1674137010
1144795484
850059852
136816766
-1718631766
418852117
-266749862
-1148034539
-258071126
-1223277854
98385162
1575291148
1048676879
-395269399
1143283344
1449569997
435161080
-50976780
-2109214386
1599180132
698986629
-803174335
-2059042291
-1880545676
1889727421
-189014123
1789233290
-77669011
-1747648335
841993878
1882226229
-1071021825
1794212833
1447390042
-728195788
348616649
153708509
1510645563
704990125
-1976925099
1007451183
-517141012
-1714194619
-1937288120
-427678088
1848891857
-587094813
-1070444843
-616988200
346085770
-1494828872
-2066327949
-1762553709
-1586031920
-868304253
-186027569
769680368
-600994172
-276227567
-1659990014
780820068
-1292707323
292042755
-699212794
-1379339280
2123811265
946484947
-903326874
567446727
-2118823666
-476096488
1189516341
185298483
-451509446
383937033
2058753600
-1283338824
-1780149792
989595967
-1470545018
-143297927
43900029
2131868350
-393600024
611158234
112223554
-530701771
-220557284
2137361510
-1141817557
-113256315
-714072089
130313203
293390671
2105583231
47466379
308235268
851037050
529475569
1940150397
2147191661
202426360
226564835
-25929382
-1545998787
-1092217165
1431625502
-437065444
-1827728681
414326144
575465965
-745823864
453743970
854866357
-1045941721
-1767330582
922256738
678571774
-811149204
-1786019068
-1632431705
1090465648
1996132269
-1614806717
830246501
1696780510
-1330214414
-223587788
673331620
-139885717
1506471255
-1577887691
1756520922
296574304
1767118167
243699567
789238485
1463767103
-926538676
-1281385725
-874074914
1288051480
948021558
-811011709
768608795
-257323494
1088839098
-2086642525
-1900276171
-415894676
-1379581842
351617072
878607418
1494004029
946048851
1737481280
178998979
-1405847271
1465149090
1456340650
-1110651303
-30631810
864487371
-803940424
1027912212
260849327
1262750906
-278993381
-2092509564
-1863332921
-1498150053
-1993855458
-2083162411
847478032
-1037144736
-1534447586
352670765
-862188907
-1858633663
1065112121
-414027944
-1782380043
-1778318972
356823365
-1739310937
-626644358
-592401602
-9401084
95050260
-1682596247
1541702873
1533723541
669613994
-198228581
1965358102
-986050516
1742848547
874081612
-59700651
-1973944059
-99706926
730413362
-1106187756
-1054025579
-560304189
-1497495087
564142261
-1312043517
-1637983456
2036102157
-2130190205
-1504812842
1357408470
2024316416
-1909520650
-1276857362
1528403831
1112085773
-1296745674
882647992
1133936993
-736595659
1986195677
-1942189156
-262920416
-1961010776
1934643969
867167930
1094482960
-1322926433
1046567792
-1653639210
-847472313
-84190104
2144705085
1034683536
902347441
972348354
-1769049733
966242264
335571579
-1677188246
-510211768
228134816
-1033929035
-1967673611
-895254515
-511174190
-1743860430
75366112
166992643
2141185155
-2001618510
-84445723
1013938936
-1513114263
1857815106
859584399
-1336895150
348722314
1865248227
-1830757360
1869844820
-1412442570
2131181930
-198308526
-1198294625
-1758703561
-374759770
747397451
-1093807620
409939526
-108711481
304285077
550013272
1857657279
1685049597
108859453
-752623601
-1993103208
-1867451809
-185431590
1957800557
1376143247
163912718
969901281
847230832
-741534814
-903499110
-1945840072
-1906614317
1103615684
1012189603
-1680653560
-800030393
-77947955
-951919933
-1902430249
2064017923
686198193
1260291755
268983509
1476491391
703927796
1912390795
745642869
871920507
240250461
365568951
884697407
148430405
71834089
282854279
1116957668
2063977788
-2130642686
-1836915330
-1581659502
1578172047
-599528208
-479380051
159236233
-1830405302
-909623664
1757177177
-1512553234
1784497299
523385922
-1901882405
-85402657
-1146695376
2045756199
511902151
-1924799289
-1035116725
-625498228
-823158192
1590884850
1405804153
548581536
-1472602389
-1755805
222328312
1535908717
470606129
-2002358555
1055779640
1293080837
-2065139959
-198850721
-656773988
-1208747013
-1463284475
1318393196
-1158101887
-2069231339
-210126068
135792427
388839550
-1891360961
1866432314
-1367143086
490445037
-2090652991
932102915
-810196087
-1006091094
1727698868
-933196130
-451229195
150938906
-347785294
1455885984
-862534638
-1977620881
-717861172
1671647206
1961128133
-1856049111
-2034631744
832591288
1351831473
-453058081
395800427
1380380202
-1132820535
1618909246
1660594044
1565518021
-2113830107
687078994
-858611606
1066439527
-1003097063
1852583684
1401696935
-1372085913
362059652
242068195
1182863125
-573644548
-588560283
172074534
-487223623
-187145506
386939059
-629820687
1341606318
103020589
-2104269972
-128496681
1343859035
157559442
1196198894
37683872
1445784040
123212452
-1225171322
815355723
-86032659
-464408436
725911110
871856982
-1812000916
641116906
-1312306149
1481803068
-1911522047
747870202
-450325730
55564350
1163373143
1614296306
1418675754
1795015782
1201435870
1448423343
1437567662
342598344
-352086598
393897615
1252019395
636547594
-73114114
660521632
-786433920
-2077542617
1480688153
1833504761
500331661
-1292720529
-771839856
948140136
-389303818
2030164177
-1705791507
-1229355955
-762124991
-1106439844
1226432502
-709179963
1727511746
1003083523
-912360926
-1524985334
-824956884
-1691359584
-1133945528
1892117784
-1603631765
-196558533
2065543321
1916472212
-390510927
1618172555
-2017080880
-1265758487
-1407556145
693480380
-667237721
-1631002700
2065053893
-502387086
-462720628
696076897
-424248420
1892910093
1515043221
-1756708330
1193255794
1297141038
-947886672
1168731599
1694748373
1341224314
-967638242
-495557687
-1142692012
-1204324451
1565290273
-1250052316
-1656174509
677600658
1285557235
1373977539
-177766625
1533378848
931975418
-1541069706
-1656686527
864309415
-1616860614
208265051
1719578135
1419484188
-393356533
-854797184
-1756156769
-124441007
1810323467
797436621
-1447133546
-1074055559
-1879815083
706869025
1862522817
1602831851
-619037198
869300666
1730089097
-1364662746
-782203505
615337433
836617933
2115177237
-1299772048
908406693
-1792460812
27256211
-933917788
1223572559
390801472
-2132616656
761768826
-970731402
-1647744150
2009636917
-804398541
-1630050099
-1223105942
-1622553371
-366892296
-532911877
404882069
1319390981
1630012942
-191959870
-1549911571
-609050978
554342215
1211369314
-638139212
-1390435071
-631951429
-1718348481
2042808386
1872929036
-495251784
-1894382655
478922520
-1335981142
-999078410
1135391611
-966999500
640991391
1228582159
-1378494321
1376885670
1519579013
96278573
419167567
-710832542
-1807705839
1703855620
1143180072
301518680
-735011686
-2097530621
618986939
-1633506367
295672284
611708869
959751244
868661436
1745890040
-522669875
-811952801
-2112821223
-1824376129
-1646633614
-1299990368
-918186381
1666382639
1926922264
1249839875
-2134907261
168247357
63244704
315130155
707394995
-1977990444
-394202591
1169501199
-475793935
-1232662499
-472141609
-106265637
-1400399674
576923905
-190857381
-1383793389
205797286
-163244565
-1951163372
183520254
-156289655
-1365642542
-33423379
-1602880959
1239094714
1794717558
667106120
-1708313911
273687534
1370898409
-473240015
1228990446
480184727
14899536
-1543729194
909096917
2046223482
2129811178
54294839
-906284267
1173205631
1163588433
1817863961
1974626716
-1690097977
124748288
-137517249
-266477101
1632844803
-1291012843
-353737508
1427201536
-915466237
-799442090
29018179
-79031316
-2019027827
362297977
136175072
-351913275
16908656
2086332831
-1703315349
1525486405
-1430326313
-360722399
23822937
950849042
784873186
460647567
-2118487402
-383388568
-312659598
-1315158027
-1584670607
1599223540
-1922411196
-2071217824
2028155608
-745617661
947350337
1938218400
1155172036
-1798267428
775803155
1413105486
-165058314
348870249
-1276347397
1621830416
463892195
-981893860
1026086113
-1396765669
1404713708
469727759
-1774665300
1341336825
-881158191
-254772883
-256675885
-1156331380
1654085479
26146320
-203705292
272586578
-408295287
-191313301
1621103652
-1249745687
-736896948
1925770154
-731264058
-199444010
-1196969354
-1476971753
-1364892256
-2142708351
-1608846033
1348524479
-662390933
-1150602109
1895238648
-559248811
102979626
1696481060
1772783069
-707318443
691266429
48610335
1035664102
714920812
-118645194
1386918823
-433367854
36921878
1045909548
-1380012370
-1741590777
-129046903
-1467652273
-381378972
2006008259
-458116399
1194244092
1371682813
-593294184
-253712069
-61051246
847562935
2087531542
1648777719
-1523644859
-1968126437
1922156233
1656215288
-553952975
1099144834
1415241061
51929631
-157278798
1036226010
-1053799872
-804824681
488989938
567376554
-1166783489
1498809986
-1547899197
1116544850
-1033095276
-1464258091
190015150
1803289495
-491434649
-1660640385
-1102062005
-1700263329
1175793107
-1552093232
-2027939630
-1968007240
-1166499629
716060440
1225096178
1575326494
-571824900
536656782
1132444129
1239140861
-948373074
-1391562380
-1460696909
-991005068
-90531706
2054876535
-1881343249
1965944411
1677709846
-601795237
418532703
1216855687
-117767720
1062876887
-210420184
2132588108
-2111042209
-432707395
1947615513
-1611815102
-1106763058
-1152230818
126756167
-449979060
-1283822962
-907840213
-1862795303
-2064215338
124887099
2069066911
-195137505
-1257839267
-319174946
571332700
-1244622615
-1997533644
-977245087
-312879980
-708564202
-104471676
1674915903
659121322
1641020779
-244849261
-1403027078
2041865240
371338661
167205961
-383924270
-195964526
-976996656
-2007807760
-1559139277
444571756
2130634969
-1497681861
1593734254
1835777080
-884585118
-2025455479
-342055380
-1386798413
1480492501
-1662347158
1019438366
-2066335776
1994913467
1235988833
-1648836487
-109070219
1880249422
558969579
-1705024607
-122818954
-954506164
1043673536
-1836687836
-1425273824
1324845325
1900748632
-413600023
283365639
-288396841
-1544819280
-132383064
1371397506
744442993
1499081549
1145656732
1445550150
-268831754
-73573503
-1930323849
-928658864
1910118634
595857132
1901537430
-1259055864
663408274
-1164935099
-231406730
1237558947
-1142920833
395032922
1733762405
33312968
1367391084
-1212709803
-1689177220
-685152906
1351792713
660057408
-58963764
1607695908
-384116585
13588426
-1607318826
-1855811287
-167064330
-1709740726
1757567296
-1753400994
-1906288901
1092577028
521161926
153244673
-350725305
-1996883797
427530606
270801116
1199079636
-1479844057
-372566017
-1736830811
-2038238830
-930654312
111985331
-1269723736
160239666
1206452889
-232746709
1444580003
-1440008384
1777285064
-1474256990
-1119284240
-231680649
1087114630
1195906405
1130471145
-928679088
1474205947
-1151500670
258536327
-8081956
-1724241316
2126286015
-331969460
-1255697709
-1297184400
1189508046
-1934454686
-493565461
-1669794225
289363134
-839463932
-689698962
2013131373
-1435341645
-2065937635
-1129823226
-1268247082
-1939997991
-2131396050
-1574136357
-1308068678
386077077
881783156
897386207
806967596
2013579005
-833663415
1794505832
-481536730
2097510538
397459146
1571423230
580448464
1994921484
-1844108359
-1114171018
-1554941695
-639195171
-1394611035
1034009151
-1982352891
2010023001
-2012278200
1809668603
1772319392
-775559027
712954671
-955315119
971598675
-989468627
-409332064
1708161025
1414569437
-1389434677
-1879860809
461793080
-1660335868
1586306118
23218898
1186957604
1333808277
637906560
1878882094
-1060816693
890653096
1388091987
-402936110
946953496
1676804904
-368158268
-884899157
1744418358
-277233007
-1200102023
-1969520392
1871850529
444056827
1555740520
1416696807
1657598586
-928385960
-2060335919
-1888213376
230200730
-759336711
-316169363
-2119453758
-1104591640
-256200874
-1202893337
-1451908085
-1499730321
-1544606194
1215576971
-520184644
1073151914
-1632761812
1017495357
460629532
-11149406
-569317461
-874716757
1076087676
843675194
74914876
1883712198
-1728439908
-540453687
-1961305531
-582742419
1508024141
-71937047
1642128941
2040655979
-1153608617
-142034290
1595879382
1007874979
-441185636
30491226
147530346
1891829897
-821375619
-388657874
1597287515
-274993452
411849596
939909124
1097810852
-363127183
-694589919
-2053949701
649226836
862505914
-538155998
172623539
1637840716
-1583449369
948978109
726089434
454338374
-1524705596
1654434664
140665351
372357658
-716718428
-1145098579
-192887098
246587452
48414613
-1665954482
-743221773
-771162999
1799843028
491495087
658594379
-890929598
-60404861
1053385589
1457009983
-1838262440
367674777
-984338583
-515830517
-1167043863
-200681447
1383861666
997902343
-1397993462
-2071957370
-598949149
-2077759171
1966810311
280735125
-2002513343
-400219589
622734695
550467364
1234511881
-854151639
1051921395
-1400954517
2145210079
218614301
606428153
-103215248
-234073302
-736567635
-1604231539
-20608832
-1002096465
-336711995
2042028688
1136703067
-475912580
1767514043
713813300
-587007249
-1013928697
349925024
-999102785
1138367049
-114701675
1731782360
217075598
-1893145592
1926975968
1175023085
-1116192420
-1758833261
-403794189
-1718585185
-1444134716
15755084
-304970151
2068069695
1583751939
-2132412155
-1764914570
-875284676
2124745731
203329970
-383917261
-35926018
322816148
1437984352
349524961
1758871794
-1157625604
858545254
1814514518
1940259557
-300531791
667744985
-2085688740
-665624938
-1401018268
-419659964
-391869364
-2134183291
-556516543
-1894217320
-800016907
1872642577
-1353936779
1569264481
1887735489
-1923767871
1163393008
-938105286
582895642
1543771361
-1323546261
313722243
2099386121
-1530728368
-791465812
1796554576
-2083085280
1724143256
1905457672
1201494180
1960711578
856219967
-2093407447
-1392965410
1450383296
-743044260
-1805208559
943601779
-561805427
-1747963540
-604330914
1907570397
-413621356
-453756314
1232523471
1242553298
-65607903
635059724
-1585429242
2014513081
-2051148898
-1087652733
-948707953
705378137
1492331576
701315877
2098497057
-1918361901
1281877954
-2090575210
367564834
-1420394542
-1319740199
14727701
-1590682256
147238656
27176007
1952398356
-1414136994
995196091
2076159404
488931337
-27637252
-1107921656
981295707
-421223034
928275355
-353785145
1187066497
307997831
521091215
1163297320
1012816012
-1919219958
2120979254
1616916061
270999241
1806053349
-1621198791
-1413491056
-312093873
1782667987
-1567342831
2146145815
-1265199589
393384399
1496547021
-1699689498
-2089982596
1332138917
1096026897
1021275461
-1727656783
-1401813051
-897958559
-1723117630
-2033067824
1727650650
-710472033
-800874904
-1179568152
-1484203110
-292436782
1206906416
753247849
-1555537569
2041067816
-2063227465
1550487236
133505526
-1061225923
1598008369
67764046
1498118455
-1490366819
1697485725
-1100195223
1545978069
-510567545
-896617927
1773167845
-2074588937
-564726796
1455480632
940267171
1727776263
1701565399
1829881522
1220989307
1552959432
698043301
-1573058340
2062344799
40897966
-1499226090
5281912
760246464
-89469847
1317380653
1876167822
-1046298576
-908642110
300368758
27711836
-802363320
-1124996181
458533518
-2083216246
30303947
1665004432
1205832680
-740415326
-598724597
42772211
-1454060851
1709726654
1949163915
-191394761
-1690523996
288017794
-722666779
-1687131461
-1671825293
705785932
271859950
1857607978
-425638747
-1995095638
-1303138537
-57418480
1609082125
1167230476
-351298795
-581341263
-232927446
-1927640134
25685700
-516097003
585087660
891955463
-1002529720
-661312921
606972983
-32675386
281981045
-2088465280
-625629082
1028399101
1813489520
-1985478723
107516690
58870744
-105453674
-9906152
-409305389
943886048
451118748
1910384758
978972870
1976573548
660520182
-989217731
185670800
962652503
1097706364
1207080489
-684696413
-898636557
1308055371
937953376
1121020608
-944589508
-701759511
-850019901
-852026180
-1044044720
-1496763476
-1170068346
-1039816314
-1781523170
-1537194405
1914083842
-666125721
748232030
-1438970347
1827157961
-1288385396
-406695232
-1395324303
-77055494
-1094605119
-556607641
1872583142
-585029929
-1519655041
1260503448
974659949
637357972
375779112
1278605998
1354517092
-1283751311
-2022135152
-522710703
-464209227
1790200330
-1919614529
1530034919
1836739383
933449197
-599331084
992999497
1664024660
-1588746131
-1030454803
-1324412486
838191339
647447989
1672696677
-1105404396
-1237104778
975609887
128134366
435718467
268020079
-371757626
-882579296
-2098967049
-550842129
758256473
242273792
-1228941675
851367064
-1217990606
461368805
-74237586
573053365
-1985357914
1508918152
1230046258
305949855
-2084877410
2068028794
-169276762
-2065908894
-953004954
-2118806805
1345121428
1904957087
-135081531
-1713043160
681740035
212524211
-1771421363
-967701147
-1603287896
-2111950056
-806586893
-2143746372
693010844
279196171
-199152415
845186165
-718375346
-1680873873
488303498
-805360505
-2078908998
-852980239
-1347570945
-2009887137
976538330
940224875
-332589952
2111823327
-1306238627
1234567565
1780382550
-2007508311
-814848618
-1534469702
-1260011553
-479238244
-695085129
-1968403153
1363105770
-1319332194
-1585148354
813163114
-860047291
-1631048548
2097611694
-24682296
2125249427
1972625870
-75838590
1827361904
-836558238
361620031
276226654
156085360
-261128069
129847948
-464237177
2013533988
-2021315716
-1720984341
1671478677
-1677917986
-2049245532
1271695983
-217307033
808147139
-1906112531
476081289
1883344470
-923844621
1218933344
759028433
-1033216340
-1690827028
68895140
459753734
1696542551
1543380271
-1887259945
-1733625517
897563609
-1015425244
1933596320
-430633261
911695746
-1771688390
881932420
-1701723049
1288863457
-890445998
-309090439
-1275737242
647795831
1355516765
798585784
-1317070972
-2088381266
-82330045
-1140869673
29399479
726310153
-268304378
1624470294
906997830
-1962532197
643191847
53195512
-1766699324
-1602415683
-881145016
1050073621
-679927220
-1023139590
-980219118
-1199415762
555824653
2106696014
-562433960
1700865922
-1886594040
-87505520
-609177732
616969055
-811868648
499126059
-545974511
-1091679237
493304626
-533987820
-836314942
-91428476
1965356270
-1145951753
591264881
308121716
171749702
-4703565
278061474
-1204010710
-1050790756
-230329335
64647962
1419562166
2012674049
1623509135
-1220579133
-1503517964
-713793612
-270489622
-584322094
-40636965
2106873320
-1752105925
-1025208021
1149373974
115232201
-1928918311
331922947
-70595372
-1585777983
-1633014719
1042438855
1605490396
-247396362
571707210
78153788
-1652337437
372390935
-400131172
326642406
1604302113
285930840
-884619422
780583086
-343803359
-1170974278
-562138050
-658871106
-1881431336
9967503
-980768899
1612471727
2130608121
2143924797
2081386891
-1421282842
1283328647
435246913
-1314187095
949173818
-780726357
-836731017
-1215243556
-1635263782
42321351
-1351032681
-691381464
-774563218
1650433738
-1592626430
1124478462
744296315
-444109883
1175818175
-262260494
-23591925
-739793474
-1454740801
-2114463312
-1917565044
361230276
1001352552
-1358231504
541751032
1297098307
1924937040
-1426266071
-548691146
-1323528295
219102025
-686981694
994113983
109838825
-1549769059
-1075873393
2102055813
-114683346
-26013542
-769896517
-1714991601
-568024942
-1167705008
1726353024
241619688
1021138431
1114244760
-1645500449
16199994
1067247350
1296929369
-1223974259
1301556661
-1112068192
-624364282
1002202668
880192692
1842117922
-1298471062
-1204775238
-1081484638
482711605
1472872103
681653070
1216345754
2045601012
613904763
-1349620736
664183629
727985144
1235922373
-245144791
198500904
-850009951
-389070265
1341672908
-1114956618
723384502
-1319804755
-1473140909
-1518346174
823699760
-1103135794
-1934463875
-591777856
-1584751534
-51329487
-578645610
1552191468
-1408928515
-630811439
485107689
575812019
-431967423
626960932
-1059789197
1642192594
1690553911
157855065
-1256650280
-1215263555
2050463501
1375818209
959954842
1602730433
-217958047
431616817
-1696821112
-762185620
154299603
5744837
415530612
-2128458452
804498389
-1744759193
2131544360
1321288245
-1358003260
222461105
158633625
-1512254040
-1550495172
69455311
2031860317
-1675188751
-1139866713
637848201
1962735706
1820196976
561424151
347040640
-1777885505
723105371
-1132467371
391191223
1956234040
-713040927
83745082
1376747861
-1402343587
-401091181
-112566468
687205800
-923588502
1225086975
-1033731509
1329894765
242040373
1371618717
5523421
888879182
-175729316
-389064977
785952071
168617643
1102307517
826185955
80035919
1900212380
-566395350
949177723
-140104450
-2001649354
477719133
59845295
277533881
-218191347
-1323565015
1364554641
1025262226
-1612193030
-2038892814
-1332770894
297144539
-880000482
2033275999
111707332
732926972
-411078618
-1553840819
1116790400
-947102074
1049337040
1932792326
-1628106550
-1163365753
1220802476
1541906866
-267857903
1952822303
-113282777
527712525
36330492
1831170387
1037043653
296656986
-292169662
45224737
1670063533
403520663
-1938108455
258624467
-851717526
-911366159
893666898
-54503784
455064815
-444504711
84278147
-273343409
-1982045732
1069567000
-1979202202
1344295334
1772737023
1730782400
-1835916224
-15474077
1652874524
628914148
-189958907
1455046145
252880112
-400376279
-357079558
-1678485122
-637805453
1167222877
-137850468
150305395
153499486
-1532857688
1646158784
-2056773788
1402392044
1682011904
-1101288197
-1920427687
439384291
1457418978
-155940797
-1688786259
2100128213
2091627582
-1019185451
-1798521051
-1335655517
1575952818
-419965351
-1659203260
-2091436222
1779585531
1435505988
246304988
2014898369
878192296
-339981954
221880040
-1457184630
591715855
-1014100668
-745213287
1396706535
924897413
-1274231218
-1102890066
281614280
1842171080
-472401100
-908274168
-1467247421
832980928
-720790772
1375576701
-19018917
1436734311
718953304
-356820756
-47193724
-1114533628
-102330337
560359312
-1505727898
-982674786
2027004505
1252586393
-1807442591
1234919343
-1033205617
-1724068104
-1766950575
1386549528
1389422019
-223709318
1595627538
-2063091627
1754444428
336622360
1016706630
-1340897807
1201198213
-384590452
-501402795
16999228
-130332696
-1609680089
2095320501
1082651450
-683950219
1100801249
-771645590
340602589
-1645224296
-335175247
1534435024
-222228361
1389523402
1843839263
359671704
1893007977
1413826870
-866104553
-941699057
-421853920
-809264736
1355028734
-2023797082
1715126338
23005058
1711664138
527987630
1556738851
2019541111
-941222706
1321368418
2136406141
-394115363
308707348
-1330381782
313217376
970183604
2026061038
-531040994
70740839
769159884
2099564559
-1886535480
-1997007316
229915935
-1361844138
-944771026
-315008003
214127995
1360742571
1465078286
-1713262129
-475886748
41810702
615098987
-13913486
1264896055
129310957
170909256
1885591814
2110761618
1363801269
1662752691
463662765
1748759539
316002474
456173060
852828033
1767681183
1228623611
307600998
1273555656
-117825084
-1496787184
-743210858
-1543478682
-1713626655
1785080871
-358325269
-1338872430
-1276044443
-554446562
-1317965675
-1794047284
360055190
-350464623
-14636759
1208257806
-1480778828
-716906457
244795484
1104932929
-1922031011
1548454441
-765610226
2079580402
923553587
-1986568108
1637768842
-1739619515
-1256373573
1155996911
-2067211508
1814529321
-2002393976
596176670
-1495838078
-82565171
-1485528680
745988984
-1681132649
1246358610
1041411325
779665879
299426028
1185404865
-1311496513
-1239059344
-251327320
1892778558
1837714688
-324318174
-112932814
-1082235523
1756306273
2129114642
824511549
2093686389
234880164
-1010026889
194297092
384865876
19624594
1788329138
-230199594
1787840178
1048959007
306750625
1071738581
-469496568
-1997561397
-316868300
-774564870
-1726791325
340115530
1916521535
-1579836325
-1000995756
-1146943129
-1510230127
977541808
-1565853654
-455816412
-1947739322
205469715
-659367582
-471667418
1441131865
1766247942
763931230
1420706895
519384701
569416890
2015651413
1806564524
-819505108
255566222
826371979
-872465006
-688793601
1491325397
-1014944575
2122869763
50785344
1760574940
-1307211283
1445179221
-724863555
-1210982358
986075182
1708825621
-1216900386
84516105
-1646294791
1517758760
-1807919110
-89115067
-1798938472
374100787
-1045284635
2124625715
1238711253
257626684
-110299187
784735476
-520686350
-1155627631
-611111610
1459044091
193229787
43284968
-533807710
2068593611
1785140638
-356143673
1255460742
-1071518203
-1967810790
-1805420507
2074941369
-1211617887
-366446858
-1773750959
-1702785473
-1689132677
-1256324395
-856285677
845930662
-1516886767
1454736327
-1290244848
-1741212257
620201611
-1341374974
-2045184398
1742869967
508731642
85866449
361469384
-1609200153
-909797660
-1082655797
2101810730
-769401359
1293299968
-536491448
-268732256
57821677
1737794877
-585109999
-2072265533
-1890132068
347425289
800794710
-246870107
-5487206
-847529521
-1516279836
-1301838611
736815026
427174592
-839499882
191020614
1270355053
-1498415403
1420152844
619390202
802217964
-2131832811
-1492903781
-2133157415
-1136664585
469597459
-994450557
-1560690849
-1775626923
1593637306
426492263
-154320363
-546269603
1609230412
-902641671
759481143
-936784179
-217432408
475400180
-291812970
-1160877863
165313483
-867111345
1465081024
1361261447
1292775832
339870895
959917661
111843897
-1665538341
849397020
350713307
-2030206581
-1375693429
-456100617
-1408638387
1544854879
-703379121
403782443
-2116925808
-813132747
-72506813
498066851
-1649417297
-882867265
1787903995
-1201139205
211449224
7060148
-333555513
401845625
1997596079
983350244
-1522007752
939393086
1452656785
-1800872308
554100707
2019538872
-208402212
-1131339797
-145389212
-1192450982
240674078
401472020
1206722725
-764207473
-2123193428
-903785466
-441788576
739788523
60530884
892264185
2012805858
389780899
-1855218954
-382962438
-351258352
-272667329
-1241620033
1262570681
1923164591
305898637
-1957082506
-716958047
-726226977
410663896
-1438576789
1198872361
547733480
1978511706
-1955857076
-1345023383
-672647880
886286574
-471919926
-882631440
-1593121620
-525477111
34272893
379102676
531203854
1994817259
-81271035
1349438985
-2080008226
-770399216
-828503695
1081237750
-648125355
1923624685
1782168035
279446085
1477215910
-1072927528
1942078067
1778607354
-675065466
181105479
-713057197
-98476089
-2088833042
1512816188
-1851252940
-325160291
-1144111841
-1184579072
1184187112
-690515578
-2121033498
-1860279282
-374876343
1399605425
860372001
481988434
-1968023976
548834766
-41823871
656889747
-868469592
-1545743716
1160926864
-1813290964
671044605
-1368380225
-216626954
1711634946
-117998545
-674912554
-733518857
-1034703695
-1485439404
-2095116595
-265850305
365240072
-1507203555
951244143
2016212961
64852663
1127177600
-1880108226
-829015907
-146249914
-1673582953
-446232954
-1910153631
933517385
1665224647
608870063
-1026178030
-728732974
253003300
1266804947
-363550581
-912933338
-1249007084
506917264
1730383333
-1341049934
633965106
-927207394
-487929608
-1896144321
388294772
-1443639645
2145846562
-1147500444
-271766129
-129342523
-2033926074
-585862596
-132223335
-2063715967
-1847000297
-2036365735
-601249552
1783020858
-1319708266
1009708536
1560827994
1174394133
123031513
1122438261
-1504654483
-1540139389
1441920781
1021426177
592501297
543181342
-1934084419
367981969
300606211
1391945913
-860492205
1079656985
-1203031621
-143499855
-2090194209
747381497
-1117113071
-2014553463
599979287
2011327415
78784060
1517801398
-484738146
-1382983953
-916125989
-1277796682
2004622728
-83191673
-389408488
804608358
-1468917474
-1215897818
284702219
-740138347
485286621
-1759414042
1199875675
1813054419
-85235516
1287458631
901013803
-301773681
-106707505
-438063513
1229444402
720686688
-2005653058
1883474799
-807952341
-1958180190
-1131153126
1284324944
825940080
-311450299
828926329
-1114676561
-1445606175
1476915425
-875553280
-1078537187
-633708790
-2091997172
65898537
1943665035
208755588
1928652783
-1557131067
-1951869956
-1294568293
1680392215
-1311224508
1166197884
-957955279
1031728008
271828276
-334611120
-637799967
-728332520
546376711
989713006
-856918425
-1324263175
800404248
-248423121
-802456258
990936470
1856493552
-1608964286
-91657334
1443794339
1379619524
204230884
190847800
1961726319
-821376702
1101194829
-872139421
-90155652
-201315956
-1632151443
-1643688199
-784599984
-435138172
951733464
-1637045346
817342861
-973347254
377420029
195873487
-1804713409
-389570558
542473374
1535255370
1809170037
1569131994
1865150332
1480306861
-1927874542
-1690233270
-658106799
1241003869
1350066916
-2140817506
1904669442
1492607657
1328298485
1858129073
-330914796
425468206
1749265953
726522362
-1453176993
1351476092
546171368
1829578444
1054528514
656187641
-146604411
1631233753
-684515433
-370817275
2127040063
1380677623
-217283930
1752594015
534464510
-1977681882
-1786458018
-1215712570
1800112160
857520081
1414501761
1531406563
-599215475
-1480012716
95408800
2010345061
1486297608
1357661886
655795592
-569778067
-1782478648
-267922729
-1702980100
-2143779795
-1475690937
1252180580
-169707101
-713355829
1251505753
1802045609
-2102779069
-598052470
627002751
-1406211538
-774483665
346923819
1173886588
270099654
-933720322
-541300847
-771984087
-74017844
-2070217091
311106723
1695666821
1891734704
-167298074
591436661
-1616445936
-964579407
1620758865
-1778018134
-958787496
2137835755
-192221846
701441811
1866556115
-546218604
-1277144733
-1468252004
-1934905105
348950914
-519067092
835221863
-979847577
-300609296
1629604065
-871087815
57466584
-462697856
-851284348
186996501
762829459
-1301297789
1237556972
-1442295002
638528692
1185060984
-1223774468
610691809
729482867
-557890606
47940118
724620138
-343604294
-916622082
-2003195182
1656055351
-44196618
945255844
-964795670
860253171
998662705
-922137812
-1671065991
-1009143388
465326944
-1008481661
-1310507420
94456847
-1229002247
1798743070
348546584
987934042
-1702516791
499166270
673495157
-1334382349
-1203814653
885384054
1360191497
-1297514064
294823835
-1017183382
-1599371647
-1176994248
390837716
497980376
-298131621
-1551073376
-1407056361
-18625572
1066117600
-1342986664
971133447
1957938031
195944017
872812872
1529840337
1517664560
1432255072
743973685
-107866936
496463975
12263649
1845574250
-337534928
-51713210
1264812225
1346616979
-1250059431
-1264646799
1238742838
-1391613717
-259544593
365474495
-1879957192
-1103697255
-1381823088
-361044414
946229295
198530391
-1963105
-1966643836
-830073363
-1688999339
1824742487
-69006317
-619389987
1098232668
-877725917
1833714496
502315388
826968629
-1753034709
-2139442653
-1481376247
295596618
-189441230
1519086049
-696704648
1607624846
-258152546
-322104784
-1422372693
748146074
1338517976
-851191269
1895106788
720752152
-1018853930
192229634
1734702708
512912740
-2072252683
-1807250459
656706232
1504646767
772894987
1640151777
286981445
-1209870617
-1953974596
356619001
215657570
1184540820
-100654836
-328339431
-1788145482
705326341
-1743633354
-1083419816
12367938
-1161855125
-1031742021
-517168771
-1494942576
-273678140
1683003325
371836356
581068844
-391101893
881667468
708459745
398294867
2011820494
-1353529983
128961605
1960894442
1686564145
338859019
556067231
-255923023
2004606705
-153740282
-667248987
-318081096
1132267996
-1994022829
-1502497517
137043985
-1259739488
493591204
-965273868
2146260678
1679980466
-331854953
334090015
1459175181
511932273
-1167738874
-1307081212
-1545937478
1047839882
-254957668
-1348282712
-300332044
-70799203
1179154604
2042886125
1535238443
-2124868319
-1901798083
907294231
950503497
365253252
867554665
2044264587
451261479
825925013
-2120910106
-909406248
725198658
-1000849626
1242591717
-1851365381
-1086586194
-238048788
-1911090406
395459294
464506953
-395933014
1146004251
1495265058
1639676980
-1555614066
-89249042
-971649251
1077113215
-42001445
-877148708
-1120787418
77942307
-2124343097
-677873525
1483063823
1062068788
-1753490266
1669719371
221071090
-116167082
-2127382713
-1085115985
-2099768528
-834611856
-754353507
-1079660192
-1611121226
1666561440
-1063628127
-1278203347
-1842935678
369794158
2050406263
1309590885
-1677878939
1927793219
2023939535
-1652325784
-321258742
2059417883
-529708659
1869495931
419736118
-1169565063
173696684
-1165384228
-414502063
1814511771
-1015657377
-115498474
-949443548
-1840896273
1809649273
-40248938
450680291
431590853
-781434611
530584701
-2074094738
-1687331515
1905693273
-175138121
825155539
1065141154
-843276577
-702554293
-951787241
1070842511
771515348
1470762228
-1670892746
-1000890382
-1315245122
78006257
-1609291929
-1906758185
-398306984
-1344620263
98874275
-1915806298
-1903717192
-1274563023
328144488
-402271592
-120865101
196975489
1423602362
-1068144793
1808522880
1941842596
-38295446
-1085940923
811298202
-1374387552
247983258
-1634428402
-770832917
-886307530
1201006207
403559360
1296291366
-102777478
2076005480
1566529322
979269748
2097224613
695827711
-1892555805
1746538322
-848422359
1758654671
-1926158467
543214776
-1061412859
1730764806
1853479419
799885182
1996371034
-1688303493
761834879
158483195
1535268670
-273448975
-1170471609
1111805167
1170936784
129621661
413509594
1827657122
-1362649204
248417765
881385597
-261708212
2073959136
-1498661014
1022673900
201185719
1753270015
1778372680
154242118
1000913699
205538548
1422466204
-38584248
-244109463
2111451641
1475807046
892541373
-229733278
694465800
2136324591
810835765
80347784
2125255090
-1127063219
-1018125067
1588952286
317101104
-2105022043
1618127149
-717743347
489384631
2050785169
-1494859920
533834191
74727440
-2060461821
1792474976
72400272
-92132505
-1365865847
1430170280
1715295058
1661061474
1310649554
174030383
-2116936752
1717736053
1923110512
1022747273
-6499098
2107425396
131968478
-1527763023
-1669311185
-994728599
-2125424699
-500008971
1348021743
1316707751
662881658
-2116579791
-969930957
-1175554273
969877451
-1245725889
-1712121289
-1436492815
-1279456773
-1773087059
-882741753
330759750
-1211934454
-1269647696
-1301235096
900811612
-110978248
1074670425
689247479
-1594803231
1382570956
2055469318
-1616393069
1204721029
1394020113
-1728805350
497489656
-783896118
-1357270367
-1052233744
1600550060
-1634148834
165326309
-1972143348
200666909
29370666
-1203128613
636588691
-2084793077
1697395052
2090123034
1780665085
-904668893
-786446077
907291923
-1207690232
820492012
-1707769143
-1393891944
-1265646097
2134491622
-1275626330
2044651938
107386331
2023981808
1400437539
133663822
1852079514
-959002646
1169533501
-1967487703
1287287438
81840538
-1251764357
-1045339476
-816658457
-388019245
-2128463550
-2072698615
-253462508
-2111497261
-1228794008
1645603112
493687158
431853805
537258246
1737571308
-1206896042
1075114855
-235455599
862522809
181862425
-561648219
-554305749
1821546042
-105355855
216689542
-699706314
421255263
2063066455
-464483315
1199445546
156444325
-1635919498
1725598019
-2060509272
-148101223
1335427306
-740640164
-266161201
995237534
-405302679
-1129638888
-2004092723
974093549
-1046899903
-321795220
-688549960
1445920477
-723163837
-1661272479
1484477853
1065015652
-735920129
2120845115
-1732861479
-1983726627
2012186929
1644125660
1476367783
1486465546
-1534771078
-1524618390
-876916486
-1886850467
-1218645422
498529327
-1986518899
-561658766
-1272256964
265419713
-1290405577
1934306272
-1003848644
1222002530
-1110780797
1511158577
-851055226
-260152663
-742931841
926954286
120382583
-51492255
1727841492
272405087
-836231224
-1486839376
-1299790057
672233681
1705481472
1351587195
-1892399011
1557249049
2053883434
691933705
664963604
293111705
-2063450424
-1033097498
-1516349424
622888193
1817734151
-1676937975
1079033316
677808408
614941747
2126111544
-84853389
1422117052
1680699756
659477675
-1639163194
1810356775
-1135283302
-1336463889
-855207650
-958724493
2117889438
2144695309
-1603205811
1916120927
1282118089
-42683925
-1287222975
910282067
1274896785
1219579889
1711064289
329763233
-1258146687
-976928273
381589531
-812107507
1736882801
-40980675
-354284995
695745167
-137597705
-1233749725
570251908
-936477098
-602725347
-1127332997
283379186
-1567934192
-2145729965
-831265899
1041094244
-316307608
-1451283545
-234727078
1719095011
-2069035568
-343933901
-71911757
-1020524231
1985388672
-1142378027
-1817077461
-509552441
217571261
-723174107
279189970
-49494378
-1999358882
-338023005
1635866468
-1840432469
106170507
-753472208
-289669461
64153246
-1122658104
-22298945
1378448673
-2066070163
-1723606735
856978508
1780124120
873186445
-1390417145
704909324
718524574
-1429411262
1282270826
-173226779
-1752298661
1095568688
121502823
1352862240
197739966
-1527942864
-1449708235
1060222556
-314341608
-129114777
-501657924
165696965
-1735508345
-1220280427
-16810154
-1219743866
-599012009
-963301206
390471896
-2004373893
1137759140
78605982
22120403
1312497963
1333470019
118988673
966036246
-1594030859
835353826
1829794257
-1499889801
2080854152
-899318931
-463573493
1421388754
-2116914792
368529843
239275396
1861450066
1433792973
-1183236535
1511123576
68936686
758773503
1799674286
1969249635
1944317750
-1044114784
-495279441
-2130633841
-1763105969
1694307449
1746562316
50506478
59528764
-1284189031
-891185572
-637485271
-408533666
-2048644983
433923373
-494545928
1093518141
-2051246140
1474049647
-1120167756
1173126536
-1028152475
634477841
964559145
1084989274
-2024655582
-503851028
1825443760
1360122814
1246038392
-948190752
-505500547
1459645557
1253239080
1957863484
-1966662091
-355094282
655476193
-958139549
378271684
-438920779
-1960931778
-126374485
-605515924
2036497320
312855794
1264235656
-145730784
-1128830970
1423607617
-1815621655
1371573778
-2009709487
160960177
-1582978079
-1368362103
1182916247
-1501382143
-1500458870
1341555448
2009367028
684112218
1186116645
1331140940
505139034
-260867644
1626688390
31802245
1407377044
1063603162
-902513490
991307400
1368320903
-1365884479
487004089
1591513138
424874938
-1932887978
1724660218
-190020176
-1895569383
-669302874
1362509668
748937997
-1426336011
1411896994
2141005355
-732143604
-1286753713
132754963
662079658
-384266697
2007160406
1268082379
-1921740409
-159767497
-1242123219
265355037
-2091020780
83962470
1496958192
1864033166
1742717688
393796770
-1157486344
532993740
-2017761522
1131435364
-2028964002
1805706462
1087826060
-869640688
651395518
-911354468
2054152295
1649459341
-1937895363
-1460415902
467490806
-1435658728
-319956532
-241618176
998130901
1777635157
366165165
-180181516
62480139
-2084200025
-159548618
693184474
1654764911
583140800
229081300
-138183133
-1004166073
-929918085
1776120658
229124357
2095321649
962037480
-187460517
-613941070
1998460742
-2014903640
-796182723
-83824180
-772181381
-1967070341
-1750413585
365661463
-945131189
1161017623
-1791338412
-706912657
-1889391214
-342362053
1128637633
-909820163
1716012476
172210690
402278588
-1283582299
898986782
2116721788
1710174983
138920130
-849960285
-1321035654
-1566560292
-438499307
-1447660629
1426055337
369613945
494464505
505757999
1606884833
-605630754
1301065948
1553340712
-1336501057
1391392212
724256234
-1853274575
-1860419472
-201951951
-616154614
-1912385686
-1636348209
-205159846
-1927074291
-1323724128
-616404558
-1454963447
-634363356
-777266006
670255489
538706000
-422443885
1349821461
-815592185
1896744926
-215402588
-1592800765
2049651340
-555924097
1165034205
137495887
-206533086
-2102734103
-660823180
-196518923
-1279864513
-1073189964
1957031938
-966701391
-638814324
1103281066
833733495
-1851024667
260582651
-435434175
2132517710
-491211073
-1022492385
-2030085019
-1428613887
41511834
753138615
-1143795335
1471698621
114635429
365094539
-1818171233
151351129
-516474942
461987963
1960462647
-748959356
623781552
717524436
274108838
-1139159490
-2074532245
-1532823067
215489368
1850684041
-1415665966
-1757708846
1410267911
-1269437345
-565189494
39534759
-590282436
-741276954
413550370
715859119
1404223254
768323042
-902431369
-651282938
61182793
-1050249110
482573402
1260383853
133890921
-1138271522
-492846225
-816684451
-798104216
-1428357097
2072611927
932817758
-891937443
542419424
1850722321
-1881988200
355726214
1998940325
-229372259
-34847062
705447568
1489672810
-456006430
1614171066
-924901867
-915217154
-2068185903
-1634677556
-250191515
-326623377
188666825
-1329131689
-1486702968
-1924669760
-1323150531
-299843051
-1202139773
-1475634727
-1347790957
954221594
-1887331366
-413493058
974930255
1098238248
473189462
-489741564
-1744964496
1104146241
901310216
1081844095
1667033625
-693659268
-627116659
-351033536
1329739892
-1137826788
1680058258
-622324290
-1148930861
979518942
2050440090
1694814290
446206999
-1665060207
1734979582
1169273576
-837931691
-1639001364
-905773003
1098891251
-2056797514
-951507557
2030793301
220641697
1661498526
847781274
2102180057
1879480912
-1568881905
2127335878
-274928476
979607615
1149190480
425071025
1666229062
-1767186296
1445093321
-331304011
-1111382659
-1887922867
-609062864
2041131083
1051462141
-369583311
-1150203926
-844702051
1358674035
-255012342
1518281899
-1978636711
213948615
-1238608684
-44386465
-923190585
832565922
396999912
-1885570740
723727133
-1585594065
1245570156
-902844553
796972049
-578748636
2098715661
-158482361
-845537616
-666751229
-1131804693
-559497368
930019438
925082524
1735890901
241980402
-309362563
1053248727
1881460406
60972233
-757864862
-1953624912
679464270
-2064976058
1638045124
189323393
1495192612
1077529622
1414318982
-1593562489
-460574534
1295304290
435611672
1666877342
-1119401470
-272197328
50533130
2034441551
-1352302575
1284093704
-1337326623
1964882956
-1774922990
-503799846
-1730739154
1913500089
1710065020
-524637921
1469677275
-1463203730
-929092217
-1456298947
1724887240
924577147
1868098011
652674863
1326665365
1018512556
475245962
-1045333147
-2060831807
-2000704563
2078332736
-1826752792
-112562444
-228789648
1062111161
1245692865
94519192
852511213
1779854194
465901979
501864621
252228009
633531298
-1653068377
-1748108067
-1347460197
-1220412821
-169419585
-1453340722
-686684916
-937693619
953701325
1890007223
-612851811
1115168986
-1580574098
1933267509
-688675186
-1757395793
86385617
-1885609121
-877753284
-1253136734
-780744219
825642519
-1047024661
-22884808
1105843891
-1396711773
1475775430
-1738854055
-2063302649
-1037727621
1737866019
-219549882
201226582
888806500
548786442
-186267958
-1830977573
1766411197
1330859767
-617104465
-1250228990
-1169748712
-392074273
1752768371
-1269851382
1740125707
-1036514448
442298684
-344586267
661282376
-426547811
-1170552568
420618850
-1629593621
-1217912231
478200360
-194650739
-676722413
1295445409
1429543150
1990272597
-1941253453
-524892224
352808869
673150831
1819062442
-1503816242
-2047021375
-2104473734
-62566640
1120056953
-2017348521
548779364
-606777134
-938500345
-44218674
-919136501
1172726656
762234011
1336868567
163270183
-1128907675
430527926
-453862246
-598145178
-1062481192
505972736
349994033
-508999720
1165323217
-1751679416
-975168167
-408228723
1757629118
296684233
170586726
2003566715
-860087401
-2071670353
-1660376457
-749204315
1418029615
256610265
1527081707
1817757306
-603211059
-16086561
-1149916141
1055441018
-1294264325
1135503189
-397234904
-1995570913
227682717
-1019871663
2094379903
-919821318
-2021185212
-706620630
-752121605
1107290395
-2668604
930435202
1899818434
1275745974
1066293251
-1123746937
-618663630
1588842754
-1558326509
-2067978123
1385260566
-313078684
-2059957885
1103164254
-988486124
1424752077
93427186
-503742163
21829738
672542047
1885234404
-2102801176
-687525927
256249686
-1935874600
1796965684
-813706272
1002981157
1293040025
1191034398
-198252243
-2062681889
989819348
-732529896
-1808077488
-1046311720
-1212467734
-1485548224
209181105
-1085830772
1015046407
173916648
1557184964
-2116442178
-1153438349
-1727021742
1628610682
-1523546908
1901445416
1488313787
345114874
89954242
-219861085
841093786
-1750159728
817711956
479937790
-9792471
653457381
-895261712
1860316734
-1778858204
-1262677648
2043810476
712135402
968628432
-213765332
1987271420
1071838172
-807397570
-594276981
1564126879
-1146789030
-1751823920
-463760982
-742726724
452143720
-1972335108
712739013
1654843719
-974606505
870120527
570470124
-135864919
2089496993
2086181301
65815799
-351179872
-1592643848
-1040951049
482430390
1800638819
247039388
-1743507324
227273325
-1616431607
1256384492
-1527494541
-1466070402
-944033494
-610110144
-2008775480
1320149608
-1901745978
71011317
1132195829
-171188752
-658249371
47196360
-962999900
527499676
1660755072
-1412012185
-1826472525
2051862376
-317751009
1024260165
-1484716160
882508468
-1461318973
-471818323
1725728101
-902350981
-1334932859
2009207322
151519366
2080035018
541509246
-1592999483
1676422345
1877242478
-1709628567
907309438
-274127579
-2098552337
-1276656505
989372607
-1591384032
275440317
-1274067518
859448573
1072797842
-805117527
-893881323
1996522561
-593426770
-1945345130
1124247594
-155065097
-265075390
-262345873
1319544644
1339664134
-466923715
1434798939
-1603522977
-1463354848
-2118844046
-136538833
-221607020
1838024026
1157754011
-295363036
1789848002
2034988030
1293075359
-615413303
-118934934
1521712032
-1749882345
1373311035
157985243
1530048367
834660110
1517908882
-191911538
-2064108340
-986791928
446716062
1717574867
-1466553056
-2065858491
657258194
-800545876
6187242
1918857286
1542083456
-1517781000
-2089895914
-1344880240
-1774093242
-1481723693
-708744299
1473688239
2022601928
-1723670468
1791745065
-881496195
1844038558
-547551495
1585318528
-1419431517
-1094579568
-1447499081
-1978422140
-1470077600
1419736576
1107352180
-799523855
-374548855
840945575
-388149983
-1123755481
573974992
-86044541
-804436350
-1510466239
1040197192
-1193456112
379954777
544545381
1320522536
1497448117
1574159810
26755421
2132848078
-732294783
1801586400
1292229990
380009479
1136299286
302201529
-2134945976
934182541
678603237
408158558
105469094
175409104
571218843
1422886991
958328983
2035989241
1480687066
-1863890148
1041353076
-793905365
-726722516
-968639921
-1074655245
1244607243
708275508
-651301751
-924499084
1624804482
-1396373210
1619049962
779380635
1400705217
2025210744
1216479670
97484574
1498316933
-455677991
15378996
256729055
440702108
798423650
1768884953
151794749
588613286
929893130
830904486
34094502
1898439200
2051394655
-498807602
-1908167568
1122099614
130670963
839585179
-1426874135
70966359
1365120787
-1678392943
341027244
716670950
273775679
-295374637
922899253
-683535793
-907014699
-1356654395
165584056
467359807
-1318590066
-961341966
1418159661
1328724887
-472237010
-109557712
-551867473
755392043
-892313865
-889563902
48734726
-402275130
400611422
-1615320004
647891074
1426925169
-2133380095
1393832685
77218826
137358324
-1855134249
723368056
-1407707276
1852646301
1842392232
-1449518588
269683990
2068901183
-753064000
1660041238
-1924995684
-2072894851
-2018077729
-691068293
359637019
-34881720
-2137857165
2105220714
-294293658
1592118949
1894688264
1992977130
268578976
-331751501
723809023
-979277967
-644139246
763053804
42191741
-328990515
-468483778
-1771327573
1247782822
1559529543
864529204
1751695853
-1654906101
816208133
-1166659037
-186130341
-58327968
1407905712
2027937074
2011251335
926276722
-188327850
616914832
2002513782
-965961641
-327018864
554993609
2019581022
661971686
-891032601
375951451
1907340207
1298801001
2107646067
455501193
2113538135
1863014289
-1877659195
1740043374
976091458
-247701846
400100358
-718350508
220236064
-1777935345
1618882911
701756230
1685335658
1057991391
-1099336805
-1528374557
462577573
1082961136
-193518581
-1960899980
-1527046168
1913796355
-1040654934
883315009
-798863460
1280216121
1677938048
1834023968
-783628925
-1724048186
-1959420598
-845834930
1716220923
-1631421469
-199596966
396381569
556473986
-2059583223
-249806148
-183803331
130245500
-878229413
-1081701734
-1601759898
1298406964
1420166755
77372385
-665777642
947676448
1654645504
-1017588189
-1006363984
1759422568
1339543455
420365502
1866923061
1682551977
32476329
355887422
-596557099
1496882677
-918269380
-1318664193
329489353
2006439710
1134612508
-805299433
-1656139681
-1541539532
-503662357
-454865038
-2017040810
-102039733
966872216
-1852395459
7795051
-554108288
1705350677
-1073224568
223963699
-15367618
1956401228
985506598
-1878581717
1858823357
1818535507
555106519
960171277
1746426827
-2137111843
6192297
-682047644
1849870799
338453236
-1856098662
-1486216606
1491059465
1506467812
-1011958654
1344525553
-2141591778
1855284346
-1492551377
-1896984057
2085474003
-1699724946
351949265
-1863224258
236524056
-1287285475
-1924829800
2062995107
-1404753335
218151546
991208347
-606095667
-297290577
-497208506
1793846011
464084017
-676996788
-725778049
397551944
1841987765
-1105143337
1167172629
-2113010910
911976066
-1938944763
-1524880669
-953380061
389269278
1113377290
-1444932132
218245884
976283577
1618020446
1303442309
1752400605
-1182458170
2209732
-1090391390
265812762
-480911667
-1890184057
1973934900
-1876175861
1015323263
-575833082
-988994910
-1890353101
-1537927670
-1999534733
-1978233035
-2009107293
1897331118
46818007
-1813373239
-523101280
1111325072
-699806120
-1146018623
-1554002557
531179214
1633748926
327799611
280687584
764755411
-1285904845
1735107460
-1707296022
836437483
1186546250
1862619598
-1352862442
-1487727079
-253215678
1825726496
510792957
-2142923992
373039754
-1475259251
-1369677434
-1369982209
1052015752
-1004329304
-1922185149
1316376889
-691470955
-1284534218
1527902747
119652597
-1012374452
493958437
-204440022
-394655767
-1947235836
-230172995
-327317788
1823850173
21194394
1901987348
1611322752
647025302
1822493811
-1349318201
-1917950061
519357424
1524818112
858843878
-650564870
-723157328
-383085565
1140972848
1203966973
-1881464967
1037278930
1129805439
763359664
509753917
445269723
-1509332603
-1327324004
-429820393
-748720088
-661080136
829070239
586977880
-1519272286
1996459659
-808338672
1794779359
1514720219
1434797022
-133230042
-753745490
1401386247
292627894
906298009
-1226503240
-1050245813
1726878000
33013385
45371135
-1514586054
-1206123342
-330088289
-1395430434
-514748261
-680779420
1595286130
1760557987
1790041968
-935931938
1890121003
-694786464
-1084827853
994245666
1178599531
-394198526
-188508318
-1125081908
-1386247317
-1060008286
-1742791618
-148375160
-1292299164
276145179
-489038130
-447585085
-2061886926
1391191260
213840170
733502628
814439475
1017711102
-1874584843
-387168451
1212789877
-289858408
-1323255254
-1096270339
397406223
522874962
661351452
-1694983063
733694415
1486172984
1727709879
301221387
709520149
-991189296
63277579
652138410
-1580132610
99374701
1690526219
-123717702
-1493638204
1498472133
-2020167535
1413495318
1246340707
1969822401
-2074792028
533482220
-1535478656
91998612
-900424707
2079872247
112615558
-1589444081
2033534919
1915442932
-1020373998
1231816498
-1933797978
-893690802
-1543263088
1902596613
-626155525
-215757541
153976358
374269096
-1343319963
-1724102325
1941217488
1349925545
-2110952566
774210334
197192651
-1030198635
85939478
-184234794
565461815
-1412543279
-1700687869
-1644278354
1597398007
-1447052374
-1414283493
-261549558
232675803
874528937
-508089925
1597467375
-1537889279
-356990164
1540819160
-213823308
1923206008
692390961
138027079
398834937
1895350309
1099248501
-337762248
290664408
-1403088918
-649049667
-754857213
1033294938
-1081607164
1769395314
386546471
1586821165
123809972
-1072107917
-1709333106
-859518317
-2023929055
-822271450
209454101
1421121180
-1801594500
1639076048
137630796
226159766
-1638942363
-1726465242
-1788184967
-1601409340
-1483933556
261062436
-2008729373
1087714639
166304667
1003167516
-1309781172
426769785
-909414573
1162536465
-1539057986
-347826152
1963673589
-702071483
1676989834
930761537
593515234
793528080
-1288288371
-96330942
-1795400059
-1748282638
2846389
424160982
-1865794448
986119916
