291198532
49997666
-200741311
-44405743
1704940678
-653342872
591424263
1711707068
1863701299
-542761266
1526667011
1582952202
337045649
1857038995
1471302958
-596248890
267654938
-1324681136
-1482233536
-1458721000
1657418406
1240485513
-124540042
-1448855047
-1062603831
-1244117434
-629173098
519937250
-752099975
32729569
-639402448
1256828358
715806964
623340834
2065068837
-425960637
-1700320288
-1600728440
-1274508179
1447412755
227519667
-177401367
1732793876
2060440008
-513451692
-1490152387
-930414459
1053706936
-1090079742
-1235150667
-1481645558
-1962307787
-483489163
-597928174
1471941778
-1327794687
-1459745982
125301557
1003682741
-1072104448
608718211
742659569
821927669
-759514321
-199479626
231161640
-790543289
1965120724
-2039239963
294069525
1805395665
-973964553
-1967254777
225424613
504735219
928883984
-1402157658
-1831794547
1651271819
2086697985
654331329
-203004457
839708789
-895739578
-997323789
-572155204
1621058128
1404908906
747949524
834095865
1420002695
-2086944324
-2055669858
-294780196
176046223
-246552254
-1519967213
-1147460770
1093408109
79015150
-504996194
2080242550
1895850619
-2033217777
-699311176
1811587755
1695640426
-864288246
-1157606515
-1609864981
-345149814
14978633
-2023529762
1194913691
2134198856
-1858542734
-1561881048
1104297967
1182627576
-1634776868
1233060614
1449095802
1956534485
393683262
-1824091181
1532935176
-1800851899
411268521
-1186305645
-452660309
1866931808
218020791
1444149267
-1741167085
-274977869
-833074428
-38059954
-259388893
1679822656
1961833949
1088867601
-1553700160
-956612663
1726314807
-2034477598
-2147165717
-308893363
1558296547
-847369186
-1211907823
-319760174
-262867714
1588581985
1836458657
3383397
-432209491
-1939964375
-1426743073
1831958367
-743206390
936383421
-501113353
1596070633
707079513
-391754677
-1203123883
1600795329
-552964738
-1129259440
1763946035
-558760387
565264819
914137148
-965601421
1380666768
1078667381
-1855754923
77487278
1931955019
-2024762177
-1883573030
-1074729844
-1600071129
-1969687942
-520169620
588752981
-1033336063
-1719009741
347387561
-612506424
-30707931
-960994290
1234115354
-1411177429
1868450510
-1031874054
1094603854
1591401891
-836047891
514861349
1991030598
-1699682875
-1642747607
1792793266
676716307
2077445228
1640844583
-337347671
-1052847170
-878984244
1073213962
-1440633809
-1827718297
1684006087
284397885
-835228170
-1188431440
-1437539201
-1884730513
426730998
832954715
-1742172373
1006546143
-101186212
-1813160911
1881840686
-1000312359
-919024190
1205218597
-1159811227
-1449750657
430580897
426815673
2119736256
1825146060
1033005571
2145402785
-131482860
1604138966
-135182724
-830171227
711946030
298181458
1610441818
-640258357
387981354
180344925
-1524103141
-891841356
83446790
-1181017991
-1998767073
-15120826
-460948623
1146620885
-210861154
-564029557
987901929
-1537026096
503400667
-1675421736
-2008080636
-1970333248
-214336871
1753748529
869879564
583928302
-957608754
-989520917
-1340872495
-1963635995
-1850978154
-1988318317
-117321029
-1198724884
-490580118
-751295986
897870110
1946111439
-1723345519
613966849
1082976210
-739365659
-1089718314
-1650273934
218257665
1578871631
481812602
-2135592529
873930050
1149716605
162643820
1710717294
-706322201
-2125313290
-1026967113
835292981
685970066
1123530071
467506235
1489727996
1529294606
-660600932
-2116725345
1564665360
-1974765989
1276727454
112153477
134876217
-1336091126
142627804
404971263
1491699487
671503563
1244645245
-1108884414
-643493143
1549445956
-631837035
-166063719
440890150
-216811997
-2031545433
1475926428
-22750480
802749814
1655416682
1580917921
-354864306
-177107655
-1455355952
505644401
687465434
-68568272
-194366653
909837630
1535705507
-101779977
-1835406287
311253716
-525203372
1496379735
1469583562
1673568527
-2143911531
-356989990
1184639752
-1518862196
192102064
370919840
1446149359
-1769013085
307038328
1719230579
699338006
-1912310892
-211949210
-1349529319
-1775863963
288059903
933918212
1831205354
-904100321
506206617
-591874163
1825345185
-476784862
1480917789
1364761813
1322451318
405934445
-187063425
67638630
1417242987
-2100007197
-1335292825
1675311851
942275046
1777376846
-1538539555
-1334629166
907665279
-572243547
-120681664
1628733996
-782592485
-417493871
-1104437892
-526879274
1885473849
-448805075
-1052619653
-637390626
1705060235
46577933
-1174323749
-97265890
-232423736
-934854526
1887299298
1691695661
-222536512
2005637659
1441765294
-818391432
819617968
1034820717
-277641808
1378221739
1357664215
-734172137
1692567899
1027561813
1961552969
1889627136
-1789361385
575083722
1565844738
111701474
2023267196
-1502644917
-380685507
-879204596
-8858948
-1980194460
-1310885626
2056793443
2033357663
-2059612011
1361655054
1174470825
387791926
-1140965324
-18358338
1399383041
120771977
1722094225
593315214
-1908765774
-955357806
458849370
-1938247018
-21503189
2014746671
-1463229375
291554148
1703964486
-914444846
1881856219
-1045762288
-553316144
1492313531
1980039371
-1413931378
-936973495
-2040211607
930834719
-762780349
358052839
-1514180787
-1762863623
-337301798
118222048
831619776
-1401882254
-576424361
-2127114007
1329147703
-540494662
-391456149
-824315143
923367605
-1213282429
-737631478
-427010478
1015470976
813273503
-553448390
834339521
-1955674857
132434663
2136893998
-918791901
-1324799902
937710943
119405203
795454507
-1518165717
886017431
-614533336
-158654109
-503260467
1850129747
1647951252
-487711120
-1123406294
-198536082
-1058201485
-459356519
-1829459230
68668410
-884656719
1895648394
1788870592
374822828
-1838139877
145759316
-1023347080
-715798153
428425779
251666871
-348359025
918211446
843718723
79474340
-797228134
-882650098
298993588
-23542276
427748010
-904693677
226676127
365678238
-74214650
2044264618
936642212
635171488
-1509841382
2068456368
1845686778
2081992411
-606240080
753077082
1321320903
11556524
927117149
-1786836899
-1728572238
-1363963911
803946557
303994832
2102703285
67505010
-521444382
-1873436914
2000416567
208403737
1768180617
-1626930719
-1766139303
802691331
-780082546
-1312753956
-1495721072
1679169631
2067925281
-631259641
-14154893
2032798391
751257146
517119425
-569961771
511506294
-1155783479
-1204205086
212246
-378301527
-933121998
-1555162849
2033679286
211030025
430883832
1249094834
619349802
-852737223
-411491657
-301797830
-418461454
-591809461
-1845196713
568362975
1745279723
258558344
561261438
-30459207
1717708769
35430256
1911448134
-563693710
-1989508760
-323007489
1460231728
74243369
865386219
1771475505
162739031
-1765178727
-361514491
2077903304
-130638104
132853114
-739361777
-1349648564
1679900881
1928682535
-1418874631
645763155
-454607688
922174848
-1497058467
-1431255038
-479496658
-1913375983
-1763064367
299745235
-514663388
-401286797
1167314300
127535256
41711517
-152349966
-1685380629
-1584996417
-295751259
-148266897
-2057615835
1639249110
94995585
1925502088
842964732
-1270840495
-712078297
1484606709
484358821
-1108425589
418327024
1919327796
337182091
-157155830
-549113973
1905268072
211863647
-1945522169
891405620
-1952910210
274033523
-1421301716
-110133466
101305489
-424445112
1537408159
683398734
-1526818161
-1473357211
-1797115073
-1949108160
1296271900
-38269846
1111365932
1278485102
-272596298
1401595492
1115491980
-694944618
321774361
1403514977
-2014918004
-1123703172
-1144058140
-155644857
-623846491
-21336871
-1651133828
-633260575
-1875089376
1976785299
769319215
515108922
-1485770021
-608234707
1829335452
942683182
502802509
1028767616
-530105261
245855293
219871174
812375467
-689889096
-816805470
-12550917
820005703
-2087193556
-2035032413
1385397698
949545183
-466960531
832530986
-379879399
-1560505954
-1583550915
1898336405
-1815954324
1552964170
-679652031
-1950794295
-896372713
553208689
-941805012
1352780941
-2096933848
1780681441
972327452
-855863532
559430762
-1230821284
2000915011
1592954075
651502238
-357039732
1440141002
2125220277
-133881333
-239242956
1749988337
-913987037
-1771690183
216055208
-1817700998
1286293737
-54962184
-1165985154
-507043769
1572803037
-744261721
524046726
1152064065
1001076226
-851915854
-779884810
456934524
1151847636
1170490460
-910996247
68369304
1776858853
-154014274
-1497449974
-424969622
581866920
58780942
156661644
-26680614
13560972
1520537124
1216821853
653422862
225754956
275260730
1919572890
484605127
-1357102715
-1631205133
1555866692
-353424117
1323395976
-318494562
1667866676
1219756548
-1671264143
357696187
1904520268
1601149224
-638250632
1572995005
-1559743505
-1198059623
1207724678
169211153
1984352690
743614157
-1424534517
416076894
1518421843
-2129817743
785524238
-1198929138
-657489687
998047370
182003845
525293069
2092570461
1847652573
1686609126
1131498961
-1782249960
1518551185
-815444739
-489869671
1912834045
-2086670062
-2048019712
-402120456
-2032644199
-1574185673
1176047328
-75069804
1334087321
1595732902
-1949238047
1321799467
1549500540
287985015
1677681004
555194839
-124294007
489614103
243252771
1277322898
-81243390
1370903406
958940214
1254513659
1201912216
1370935620
2074163188
-1683397287
1795181346
870329056
1746303396
1496329440
-1019265399
422293490
-1724364906
547272243
483440903
12894642
-1883402892
1867095338
1939840912
1194277192
1911248093
-19530540
327453583
1828933742
734669619
753025727
598136533
1022160979
1877708980
1867674230
1699607246
-1693021502
1815004359
1360960842
-1206616331
385411
-48921704
-1943367083
-1634610551
1349738497
-366049050
-409335109
1319497088
-1056249044
2015685659
1870976563
-891353924
982469536
-295655012
119720901
-2043732612
516396550
-1340740254
-373325099
1268476949
-483379782
811987657
1430394975
-1477023264
434077102
1611500968
-1021999997
793826934
-1113070707
-1773490015
-167623612
1776097306
-629126877
1466139833
-179151988
1875095414
-1998784517
2127488554
1269101427
-1474383222
539636553
312957559
-1972954944
1480426209
474186762
-1894853695
-298099025
-995020027
1909531497
-1950689959
-722310668
1488277300
-1742264476
-783954538
-1890408449
1368390995
-354921041
-262424345
-2012367230
-1245730782
-605503272
799367723
304496431
1249618352
-810904661
-1078537153
-873378874
-663705327
387034839
-75837224
-49654194
1777901391
-353305391
-1998692205
-851338846
2090448797
1147052024
1042075722
-1929353682
345407186
313155321
624799657
1830256378
-1626532331
1612968820
106669312
547865320
-322282284
447028959
-748410278
-1474976199
-657373703
900573610
-1033009203
1677475925
1625672799
-400707420
130129683
52228555
-949077374
-1317215076
-74359719
-1567299947
1811200374
1350803531
573431895
-864946015
1035885338
-1065027471
1977726880
-363546996
1368134541
-341366211
2018882362
1214616240
1005409759
-422966287
-871221647
884964960
1406355467
131163078
1315376615
-254642830
412008997
-503101172
470885360
-1587233283
1112706255
2089350037
1754703388
-956178333
-671706383
-551379629
1053257748
-401433711
1196423848
788879936
-648491095
1472813445
1782405502
65276541
1383134762
-1916606448
-2000324644
-1181562178
-1855477003
2045999580
1805277116
1338410724
340202320
326382513
154759842
-848784661
-1006727
-12203533
234709708
571502085
-1552446213
1247867503
-1274778712
-1800137721
-1031586238
-2001359274
101881221
79790340
-861812879
893825160
-1479716723
-1864742089
-40159117
1855874070
-1323707662
-1231784155
-363574192
1655658242
-1589205400
791800323
2011166145
906628424
742136018
-797827500
-1136353019
2020507681
-545881025
-1799881002
-76333323
1549782406
-1052204521
-856159330
1413180758
-1127949326
-99394159
-276746878
-773238674
1527314028
-536618648
-1426793546
1559163353
-975461180
-373318451
-219580487
1757690012
-1528871908
-697164898
-570686607
-1941582214
478815146
-248640040
29660564
1301055110
125184443
-1647818166
-1032638390
129767673
-1953020678
762910859
-267330032
-1176418235
1251028465
1558982190
1421555935
-555433111
149503184
1396099891
871284621
-652650105
542725997
-1263621696
2102828402
-2059316557
-1571472500
-2062306032
-740374451
-900726259
2032380255
-2060862550
-567306135
1642718481
-1677643185
1073647830
1585987323
586605613
366653437
-1628679860
-1352679730
549423251
-91641981
271499054
-1098233055
1598503760
-1000530690
-1109530311
-467980081
1847779741
123575120
563056950
-887509584
1059875445
157512738
1057228213
-2103354817
728310119
-100500441
-983932163
208472444
-2021533011
465487784
1033072446
-732609773
-141996932
-718132421
-1242987000
1228520382
12462493
-50166571
653739776
-715165721
482070843
-1291513597
957217744
415450256
-714758145
736841844
1622665567
360403575
-1861849511
798638522
1081212994
-482394252
-1545721824
-451611823
1315676273
231885350
-1125226146
1575989727
1322411069
1888480206
-1333912476
651253437
-518314367
-905563014
684397859
-1227064650
941144087
1670858085
-1510931010
-1254977267
-591136626
-1530032739
108177498
-1101058364
-912243175
-962286362
994783800
731513371
736262345
-1027399458
-902077434
-1347273130
120577278
465510497
-395916431
-1050771517
-332537573
-397719250
-1416951298
1557687291
-260937096
969802698
-1973144294
-950300057
1525679516
1102102948
-227630225
-1835839226
-1309121109
-1646102151
2070395768
209437036
1789060893
-1227160071
1827968855
-1107955187
-1140061776
-1104983381
703500774
1200615355
-1765927521
1849705229
1145245963
1157981037
2028101652
1511874558
-1386929841
1560660033
2111693530
888461152
-1364937039
1670595
1123228502
-1166358023
778610360
-682673553
-441555785
-1678089319
-1459245113
-2047892876
-880721556
1348622722
1008607668
822937274
256133078
-1120900349
-140837990
-2002677722
1486792255
721537126
1304990446
-1605477604
-1379044855
-997686261
716052432
1441941317
557069866
1208250836
-983004509
-361267311
1690531031
-1939859260
1237776095
-1448935809
-1797713793
-638018846
-1108408539
1755419291
1846136826
-702433437
346965651
1690445640
-1937608190
1038437127
-762469543
-863676993
-341703711
-359664958
2130839180
1764131415
945188716
2140320927
-714205894
1715669510
1944024111
-1218719007
676753085
-863484889
506167273
-95998613
493550676
-1550230403
-1706747334
-773270175
404563439
-756397705
-1551968358
-637880562
-1415315383
1096639157
-1837693043
559971847
-238237636
-1538958390
1827377684
-12380271
-351846576
809871171
-1914062746
1417115455
721599892
2108130792
1416408288
242909663
891948209
2119845441
540620345
-1316601194
-1969659845
842627163
-688664071
1088605770
-1727332534
-1365501492
-917370325
1104640319
1558999881
752614899
-1591807407
-456703228
-1718136819
-927664508
-1076494441
-749888368
1455810857
-951091133
1377218636
1474227367
-1156740993
314767375
963032717
-842893694
363657754
-1206412255
-1562404286
-1385068882
-1080590021
-678371947
-1178597810
1673660980
-1986950479
-1936931286
-542624510
536933369
1689628781
-741509563
1691103185
948114535
1494082133
-1597112517
131978826
-461813939
1280690264
-451666481
-350494654
792665091
2126033346
-880502535
-116240560
-215393326
2108597712
1574455529
1802240893
-1169419630
-213816953
-5502390
-1073977540
-519701101
-1824813375
-242867765
-1893505385
-1432779584
894492808
2060440538
-1977801301
-235298303
1014022310
-2073414478
988949078
846420705
-446150020
-1301187432
-1177293522
591573105
855854866
1261579360
1744635316
-2001983125
2033745519
394817078
1307272649
186800793
618549803
-1910989158
490625120
1536233847
1059818818
-212969044
619263860
291374359
1562338602
336455849
201788732
222900548
-2011518938
348720053
-1549101923
-1303035926
666137820
-1301275686
97078496
-2055035724
-764782811
-1027290800
-300444508
883838711
74767908
-1104938498
1553399830
1049564622
1057423257
1781566528
804740702
2010858117
-1076896649
589365739
1123951196
374463802
1845213875
-854698099
1798251155
1207541697
1886013534
-1211986952
1798104165
1436660424
496860149
174693377
-537532800
-238118597
709207543
-110102907
2022153880
1392504297
-1937471560
-1274696532
1791434326
-1478371481
-246774923
-1066540431
1377473423
264721972
-1412548185
1253458785
589174713
-1476865762
374351772
-1595244638
126976666
825525219
-1537139902
-426502858
491009089
-160123878
-1292136379
-1617499775
-979432902
-1058418605
254626397
-2072021240
1891365884
-212542083
1779417312
-1738566789
1241373350
852547208
-2052903010
1856180725
-1944924182
48226890
-351706899
907396481
1651882057
1216054182
-589658878
2045290464
1847846016
37038059
-115365246
-1575212920
1166954049
-1939425415
1931717720
1586620400
-1810535386
1179192490
-553342776
594043658
-19279646
1237349614
1962759620
1181176593
1251674553
1913495607
1241433726
-1133787772
-1140756431
395551384
-475498946
-953208719
-1740184822
-2033587160
-2143966091
2008352502
-2097309078
1216043820
1960087057
-463564284
636717916
803327092
-951291886
2069696870
-1121710469
-767570427
404635484
1597401345
1636875754
1905285112
-1717366321
730914397
234208902
-1963020383
207238292
-1866552733
-1763907489
-1873356558
-103199815
-1664457880
534151779
-339658207
-203008256
1162969962
-522877605
1025660297
-848515085
1451921048
1813551643
-492716595
1148933436
-1784111593
-1511504139
-798382014
-1467214030
-274312445
-2029649810
-1595752050
-1002931785
-2053212749
-936439500
-1530517364
-562405568
1568195905
600935758
-1147554957
-2098998988
1159052104
-767507307
1875436342
-82151046
-410236945
-677779358
1741629740
-476536499
1270401574
811653256
-837917965
58640722
-1853044689
-1645720700
355905682
-664916245
746794080
-182991373
366151901
-57290035
1972701734
1146426692
752889885
1717621967
-364433587
-1082244691
-376834833
1078868229
-114752131
775695202
1132779372
-423138803
-895383545
415581956
-231178614
449580200
-9481759
1420504407
-1588486207
1029634188
554502127
96793144
-1617412879
42560119
997958532
32732877
-1689166718
1805042567
1342726439
-1734595843
-901668915
2138859976
-1917036647
-1953893854
-589800518
2072419854
1249901334
95100669
-1704912983
2124176133
-404942629
941538026
1771280021
-1141272186
871225064
510823508
599314038
1616926251
-1968151545
-1827237782
-753045017
-1414081499
1507951628
471981074
-1108283383
-1978590900
-1846373283
-1445980130
-684061018
-1081929865
-1511906124
1390283965
1048085144
-1559742707
-1443405789
308211763
1578969708
1670641372
-757300648
-1106547508
-545730751
-264858327
2073353506
648450573
-1705275402
913321479
630141491
1428432173
-845325692
1905015532
-757242585
-1845558077
-563472473
-2139783296
598133188
-1075473472
213019843
2115727288
-981822845
718102430
-1781778426
1484743459
-914611377
1339979225
-1587795255
-1659819645
633031820
347741342
-1303108037
-1150823265
178696794
480764610
-1268236736
1121766231
1604772890
1399798517
-938047850
425490936
-36378576
-1085073866
-1300492743
-350145583
1973895178
1225273737
83078409
-2126374394
-258168735
1893075688
1092716457
-1052173405
849091007
379433334
718826921
-1616878860
-1003107008
1048634618
1081374182
-1428634605
-815183460
2023176330
-1239909072
1003487425
1615903844
-1631179642
-151885010
265745785
978461579
-2085850168
1669620094
-1151007806
-1116009689
-270542823
-215008992
786910661
-424418439
-1698663962
1545400851
2031064862
79967018
1360734002
628095296
602922742
-1947129385
285255118
1720084631
1768752977
-2037098801
-690664248
829334903
157556132
-2103408613
787593505
-1600323245
-1652352854
-689498690
1349708225
-20430702
-980476041
2135956797
-1135333713
1842162613
-1344295476
828141921
-1227073668
483888830
645343661
1114653242
-1005923072
2031176400
244760113
1674690919
-515325368
-1526833646
-399208552
1966556821
40700110
-474544679
1637391522
-495667131
1298273258
-459317498
584442142
1401961681
1370408841
-61986645
35294656
1417836464
-1626624484
1045073140
1714121015
-211364104
1934135762
593695812
-1794396545
-584796892
-78252792
1608394398
2064907379
-236825833
-930537984
-706298042
1607477925
-1608585632
-1989629487
564016807
1529157490
258045887
-407184738
795231863
-608386224
-2042778136
862852362
545565720
1892175209
-884367226
2122793194
-1737224895
1644995949
297394050
952697148
1816920797
-1691875676
1627052676
-1652426920
-1075548621
-2025091006
654455993
1109362021
1878424646
-1031434498
-1619324713
1543881742
1874852734
-496088092
178035037
1862573940
-1848383609
47346794
-173389537
-1093841051
1225609080
-1995214910
2031204353
1145741006
-431490504
-1817758354
-1257115646
-286149010
-204182243
2141616408
-1441493380
2034785996
-1227671339
-1645133917
-39766615
439938410
-620908407
-1184943747
1146622569
1637568827
-1927254210
552746550
-51873215
-924978607
502157183
156722518
-1010506329
405821658
-401032903
-513099670
732285564
272420685
-66819611
-1825510816
-1744758055
-1617071137
-1086317845
520749076
-55284723
-854823620
-1605064123
-553257430
1299974630
-485083533
2128390499
1971154973
11631151
-82823631
-565479858
-1315060584
1735406714
-494594767
900350736
-541525244
-639135201
1399556082
571715410
790597218
764230276
1536393131
1125963845
1297287514
2085851038
-1778321796
-1847262523
-1682059374
-1808015690
-257242395
-210549828
-1693603773
500455792
1166499451
530303684
1125375498
-1834083576
641199064
488420112
149358587
-354959905
691980243
339508875
-1406152708
-1372764874
-1917058576
20094785
2034977359
202792760
-1703995366
1900327678
1166193264
1045971773
494121359
1728664884
-566124256
-902778804
2132448539
1575725857
556863425
-230436894
43994760
689507889
984530148
-1539374863
-695322796
-1196132192
796771872
1789841195
867554980
801216611
-2029614299
-22635905
-407253896
-806114232
-1572262384
1371321059
-1492337632
615157595
-1710799617
-1480201132
1954146799
908760716
-908160792
887615258
1505656877
-4053874
-279458394
-800470960
-801263791
-1587931135
-930484396
-1977712989
1104813423
-316901422
-953982754
1027452762
1538414831
-961609246
-273672236
-1254459499
-567983489
-248152091
-1559457407
1781083609
-1302420918
774506124
1986202940
-1756844085
1425759337
525828838
-1777231875
164382779
-900204390
203766275
2125249843
