2076706574
1105394658
-1172690293
-2039177383
-2070915579
293527242
-444948198
-441342583
-134293665
-371268846
-1773488057
538008169
-1777649307
-936548511
-2035730134
-1146974008
1145462932
1440901585
-1161667478
-960691658
2046274283
911754210
116459818
-2066092510
1974772582
425439666
427466273
-277932509
1321331141
-765945750
500934922
-225662059
70537873
-2014822405
236859455
-1342963096
632652640
983364618
51933856
-1469702860
1983876951
1597128744
-922926663
-12163441
-1671997456
-2029503674
-2003477981
1100950434
1032173052
893621863
-116695510
609922042
-1337217301
508781207
-1331013968
-1755524453
818821707
1983431195
1451810384
-1319703461
1832541070
1593571561
-1709614394
1274015596
-2018864113
1870499930
-2110134131
1852909625
-798822057
311001629
1373953225
-1211080842
2093562779
-1040343441
-2024996505
82693490
1104349321
-248274552
1497296770
1450012335
-1006913981
-1745703848
810757128
267947443
1332777643
1932727411
1947396765
-1171417568
-784223519
641384264
1240177342
1985053954
-364232951
-867730279
-1561615575
-533231000
-2039794095
1415582759
-536547460
-1794592715
1121972017
893123244
20460572
1977522743
1025759221
-507715059
2094402648
-792611976
-2058011784
-1770743601
-1624156467
1120689364
1266224689
23391434
1928360971
-1741033269
583010163
1036944669
1424051064
1950462104
288197360
834594658
1175337588
-1073025406
151332478
-1990386655
-99593794
-150402703
1416341533
133670537
1484621077
1692601795
653594680
1473102684
1696051490
1727270752
883483691
-1028054229
491494292
783192331
-560290555
-1636002877
282939788
1543408891
1120693902
-1160819481
831621180
-462753110
-1813118325
-1132211138
1350165450
108047852
1575666752
866430094
-377206663
-1113683134
1516070965
22037546
-2058642934
479890799
-869770179
-1597974871
271224160
-1011972020
-539087949
1686386136
-495488926
369300696
-1483381753
817016305
-757461980
-494062957
410500472
-1674348276
-417659575
-1859900917
521440290
1360033237
333340322
-42302282
-646267589
-1782442626
-558824933
-1978782206
1000268953
-361253641
-1444187178
2043744682
-2016010633
-722479780
1701450648
-1181955253
-763967113
1186391983
1681756260
924400438
960257258
1675272135
612135525
229053575
219930447
-292879737
92856080
-656623498
738902297
-838753455
-1196688503
-1382747411
2014453685
1335542973
-904228538
-1678480295
1176810699
395530373
-74655502
1686365380
-640813629
-1499866428
2009960339
-1370846173
1597319050
-1047518113
-1237141010
-1614476308
727149205
2092814531
1756674601
625677804
1997013797
-1299430704
448699314
1715375190
-327786035
49206548
2073868639
1014798110
-1662144463
1259987260
1052582359
-801490297
-1250302449
-1201780026
1472683567
2063287034
962243203
69632251
973569751
-1880384998
1491895686
359476252
-75328841
-1143973612
-1623906889
-1261110821
2008607892
205990971
533184094
1728855308
528276153
-631252013
1182974381
77485212
1082832082
1761938988
-1426556088
-1577054783
-1829149670
-244934926
-697807098
-1648134797
-2107061832
-1746343997
-851009543
-1196241638
1464182630
-1337821694
816685995
1801033352
1607528020
950610410
1089578410
-377623768
-351102901
1199516390
87523143
-1921281417
532573972
-1643143906
1955874714
-1902801996
-392993255
-756997035
271155144
-1251344685
-1390122419
-936558607
-887013497
872401078
-746337207
-194456485
161621474
1252267679
-214390601
-2068089463
-1827990983
457295071
-1233653005
-1995946280
2051205516
289633491
168887790
805602334
-1461130248
-542339568
-115876010
-50001921
469130880
153394909
1431660787
-1041407105
841649424
-1586245663
-1423412140
-884974887
715548863
-458858723
1829260458
-335881330
481117780
-117942757
1518600947
534757312
215253259
-989204633
-425207718
241955519
407111064
-152019138
1818520285
1812974308
138807660
-507645051
-618035152
-1279021922
-1887145418
-1588084996
-593442080
-170177847
1261875628
1595818931
1418880443
324802630
-1117054582
-1336815428
935379311
340836039
1858268123
-529365215
-1540501391
-723734806
1571335030
-915981800
-1626915552
-714072695
-1149472565
1345691253
10802729
-273808817
-1649785121
449412447
-1479090900
1083894671
-447032172
-252715450
-1317528672
180665168
-458303954
59137044
-233709069
1166057900
-1468388590
137238946
2073974004
845015129
-1048871985
1758792045
1666690421
-1396612216
-1403405214
1549761673
-112636373
310811629
-863957323
1944530132
255972313
213976606
1468844393
1302607471
85164973
646503201
-1786468652
-1226328982
-150815766
-630954433
-904961971
-1999178562
1729645254
1989663774
-1004717658
588347263
-184037483
716377870
145834233
861613393
-2135389658
-1906994014
1788364455
-855135973
1535196268
-1617481597
-2142711395
-176539397
-905051552
1342937216
722965465
937040505
116474918
1194714600
1805656876
2019114494
-1840306578
699484187
922352193
-1033941626
-400220900
-359019426
1397622237
-1009653100
-1700428757
-99004689
1625375336
-573679770
1396269774
1705634137
-756208213
1740111722
-784810792
-1512017399
1910968538
-406678800
-1282664868
665248032
191063765
-2091537888
-1469051496
-185094518
-1294802262
-585948371
-1631703282
-391611058
-1372923298
-1926713398
1152149491
-756832217
576920045
-1641527843
-1557742899
-170556588
1506763406
875194226
16587351
1963681708
570104378
683177457
-1738961241
860871412
336719727
-752057197
-1718548334
1001417076
2051568945
-32023022
-1432123569
403637447
174324561
-1240157792
-1595509671
1533672435
2041652977
-394224871
-727819878
1965220025
1705840454
-536806789
-1023715899
2117987885
-1768103265
1963478677
-63048957
-820460408
-359901274
413075198
-1073724463
-1800368580
1877700326
-1021607608
1928948263
1836900936
1401440397
-968874634
-162534179
6682573
1042944626
-1111861846
720469834
162660065
-824290728
-2123094750
-911401170
456045219
-933621644
1842743909
-1925796655
865695887
-840653268
1580531896
873029995
-560357101
-1218824927
-662909737
2140194758
398826850
1613761135
-1645389599
1381374754
426065543
-1287294413
-960668781
-764792744
1345343932
-1460682931
-589054280
-836612799
829042171
240683878
-395544352
29397591
-844101931
-1724812492
-724251056
-1694049635
-371648381
-516893956
-30003912
-297978436
-1247477446
-33601704
2110134571
-1658625938
115727299
1685452346
447011275
-170467553
1150873418
495576112
-1386487613
1949146833
-247854987
71358953
-1794630918
-1650507713
1674235832
-1831821833
1413193988
-724209339
-1396133657
567379669
-60458276
-794953602
-1528748020
-747001556
541420240
-1870702802
-1881307270
-1201265071
870118332
-1847909022
-1002665182
-808689902
-1716646278
-1449685930
679562532
574951090
-450149736
-503610602
-1482395735
1761579569
-935061941
-1728073369
-1483894801
189521871
-1590425180
-2096096026
206067364
239989459
225022209
928580722
-100025992
915779464
1505608389
930844103
-1135656467
-1383955576
646753355
-1825756821
1923837297
487212604
1523155479
319738060
829389485
1206853026
992550734
1530364586
-2037106657
-1830261935
-1926199192
2009047474
-12015642
-385940038
1889297699
1783699819
-1448702756
-1835187793
-1754159686
1637510485
1031419113
1876398121
-1118386346
1891702351
-938732394
58373189
1691904965
-1210985927
1857030112
-1715939952
-1674364823
-1393309223
868699214
-752946557
-1234685838
1930277122
253724741
-15698096
-805306801
601507058
510292891
10419423
-1540038559
-1956918020
170849641
1097888787
-1635635983
-814448282
-531772636
1220952400
1628676452
-899416940
-733934354
2094795841
-914493268
-934798747
1608459049
-84064298
634209538
-792598052
-891354803
723302028
328050897
-2067426046
-454772229
514420464
-465794315
-676961525
-893730734
202450021
1305596452
-404866889
-2066912640
2031597604
1174549420
-98419973
-1606186597
1378375300
-1027358370
-28543008
510143152
876913787
-2051480886
465353130
348575004
1182450020
1370828204
-128915397
-1935877606
-552394495
-455945819
-734552903
-547911267
-734821948
-1245279443
602262382
1358979168
1069843273
-611626553
581085168
-1376419014
-281304793
1113470327
1772824449
2019433398
-104622616
-1550442639
203474360
-793810462
-1772524971
-697669102
353202016
-460284057
1477752054
1769374739
-1258244193
-843524134
1161154008
-419949829
2120792922
2017706576
-1510147440
1135102165
-183806248
1252970551
117036672
1223188771
-2077584987
-629539485
1605532504
168065298
-500603720
1149535591
-25809441
-791726354
-1640743209
-1460725210
757568243
1259074775
1321397050
-2066583639
621195470
-146513227
-1124090258
-105762511
155402378
-402533527
-1015403140
-1602112624
899945446
1865525572
340341578
-40830796
806916938
1409258940
237250624
-1861363580
903190536
48734300
1732177966
1848533742
1861166820
225257724
438346348
651611968
-764096810
469981490
1786384450
870223031
959361037
-1400456952
1752419722
675104853
-764055753
292477678
1447141268
1487010807
1971296511
-858107150
675509833
-293381466
908278231
-1241092818
-774220910
-287691220
1320332791
719804288
-1566980870
-1230276118
898100644
-1448299904
-152775791
194082537
1950472629
-1974878802
1720684051
-1446003410
887835730
-1646816533
1242337610
1433415249
511439359
1545282858
1698706096
-710183600
-224448808
366999143
747188567
-222744672
-626158562
-1468811049
-148303603
-347008123
-1517704719
715018080
2016707514
-773347421
-1680273058
1899290955
-1764326131
-1622777901
-2145434980
-2145520329
-1372124073
1640510266
-858821741
-1618491568
-150964042
-209649768
264188573
-344895807
1586305910
-819507747
683434383
-1866881434
-59210573
-1996665855
1017363706
1039191238
887518786
-949022700
-277378131
-2107642048
244031697
1407809684
1121489534
1248769155
1705152332
-1865531906
-1557362615
1894660675
582575234
-1298200153
-655800775
-2144749016
199970568
29533643
-584304571
1999112714
-488450211
-186344730
-583413251
1720216411
1748003918
-2095002046
-268891258
1612209636
1330827675
-701368879
1329277667
-605591116
-729459493
-789383876
-52404875
-394718124
1212279964
1257273403
233694660
956593471
-1297898034
-1614193113
-609033857
531897744
2092434272
1173473996
-781915199
1641039613
-1919667157
-1521094525
-1284628587
1944616451
1458389775
-929634432
423247548
1538341731
658548059
-999479704
1793654957
933044428
-1601385614
-1520340953
1445449180
947965145
812619690
1170623231
685075263
-620004803
-1015357577
-639019805
1765169677
80600636
-135439672
404031749
-223809592
-1507067300
-1107253840
1248905900
-1355519362
-282208932
1944270921
190204235
440304971
2079215461
461338836
-158297649
862408993
229016959
-1499509723
-597008072
-1841080885
306673733
-2062694339
1941343339
1353203502
-42276388
-2041647816
-1353281211
1908447953
369076001
-945846167
-1754225421
-60855904
417640481
1030596035
1204278144
-413890068
-462818355
2140943226
-1061288785
856636854
629445358
-806700055
-391054838
-1662234323
-529539498
-201041482
484481594
-2107529868
764642392
-280540621
1159601561
353444775
-342187655
227066375
-1721176059
2028559391
-1390499737
237955085
1435982839
-619031051
923030825
-1070261637
-227126573
-670477627
1540890519
-1840455098
917300864
2010548916
1935335693
-1332725563
1902463035
-1061935949
-1555652261
1499464596
1854300328
-58855676
1650376447
1465117370
2103858474
-1208640515
1079895701
-1529942770
412061299
-1644198133
-276329074
1763595990
347542622
1282950649
-1496718304
-448856400
2140951291
1257998962
1085829757
-776016715
-1569219349
1517885380
2071385415
-839921702
-1608646930
1593626854
-1557246654
620815770
1784035514
1742414523
-484436406
-1914882095
-448532722
-1782362472
-737035896
18175211
-259298555
1447909635
1894764256
183100989
891386543
699506878
-413736531
-2130786126
1507870429
-1246469629
947481776
-2120971350
154350140
-1733318128
-86695612
-2019526114
