1391335896
-1755375591
-2137674647
408077459
-670846971
-1783324594
-471815711
2091386195
-1017248655
86122256
-132178586
-459899609
1273496830
-166243834
-802228252
-755171092
316027438
-1702384820
-2100465339
392426413
560931762
198687862
-561827544
873222984
-1040235967
-888681004
-1436692784
584084305
-697447765
-1386600969
850189406
-2052959691
-1212781011
-292043404
-509087422
227710114
-907271162
1258199783
-1203345425
-1123306714
765395018
-368020678
-1427586354
898979350
-892853259
-1456854489
1795091572
960256945
670833219
-583082245
-1311389930
166405252
2077570877
-695520869
342474556
533709327
1535953815
2077281228
465786292
1906568104
-1579990599
-454378834
1547556041
142925215
1097103387
1787780233
-1889033036
55019170
-522785579
-1558386997
-80809133
1427613539
1576636022
-157693871
1560584984
653707383
-939702765
383937509
-70601405
-1382405503
1843695267
-1064165625
-1090346157
-1149954929
1266986378
-1110630160
939744185
1001333955
1074356339
-2115101229
1648743887
-593721547
-156953502
-1401316763
-1387106041
1766340376
-2111505912
-421653601
1153995623
-134304230
801213273
2075121346
-727893196
432645649
-1443277221
-1820600933
-2142996499
1924387027
-489873087
-1824720120
-431686021
-1900696988
1922153400
-818691142
-973845339
-1046820522
-956493441
-896000196
-703787063
1799442797
442061373
-40248013
666419912
-74748799
1042432654
-2019284250
-574572734
-1804276312
-1409414562
1893632
1244265987
-1690467693
2101613690
2082521492
-1597840708
-38136008
559534948
-666266014
1113583349
1558597553
1196851046
-493076648
1307682882
-872858525
484188649
1720707419
830176692
-506549149
69566982
-1543977658
-1467508590
-1683439084
1261291101
-306419918
658146377
174304788
1724899365
517363192
-1947934304
544191576
1007227781
395808499
-199190225
-981213291
678113569
1651769866
1365917969
-952236319
-1501539082
-1822602771
1526639064
1779108250
-1800716694
-1898306403
2060437185
2113693062
-1708354146
184447026
-2132581080
-1914795205
-945376761
-1268797480
648111933
1177916609
335459900
408837402
-1849788936
-1275313547
-2062346992
-52655774
533421642
-1034198481
-894643229
402559936
1329630612
424543399
-2104353227
555415274
-866098852
2139694356
-873070981
852128643
-1497219523
1581491989
-672509899
760879776
-620518881
1474678485
-1321844928
-1124795257
2050729384
-915040407
155510888
1609793465
1369481458
-335049861
-955977919
337290290
2140596094
1708262445
-926212810
2104866542
-1956982937
-604310985
-2133369374
2065250735
2028435418
1293325650
507292830
1304822525
-958463291
449824216
-152975526
240114286
256914894
93893803
475642544
370873639
562083462
1909278038
-105866442
-818350430
1235375582
-123836813
-1388707821
-874325584
1053630169
179309643
2083787476
-225417791
-285270909
-1396067901
1206601856
1826968675
1736313633
-1567390859
-1304946711
276269832
621177001
-1638360803
-1829682875
1630965003
-1644783500
-647438026
1182956284
-1840674315
1079774769
1161536228
276862914
197757947
28554268
-333596140
2031188456
-1106146613
227410032
390394337
-225482769
-1229560185
-564498918
164897081
-885746082
198512401
-811250514
452062656
504691413
-662348919
-296871010
1590581491
477740129
86267411
-789846872
-309232752
907203856
1209073629
-1409791600
-504360139
-1062684472
-878522016
-1448003313
-171391417
1078007124
1423014629
137133835
-336117227
608632767
-2022069942
1343726599
-642214084
376972005
-509422843
2136068060
-1580304308
173916998
1793479017
-1691049047
910507691
1630645277
-1873262040
1379680007
1167776185
1266440624
-1403572968
588113025
54725685
1220211946
-995177927
-1696599742
-1805149218
1127281702
-725072906
1312627728
109664093
1676834125
-982490709
273166201
1888556641
-965630686
72484455
-314264757
908990476
-1398093860
-1965371406
-1870907064
995189645
-1833978124
1528570385
-86032102
-261353715
1796008000
-644144632
-230955132
1779470543
-1567665599
-1993972129
-137112358
2113240722
445891000
569401065
868097715
375021369
-1166183298
-1550206719
-535228196
1773499053
1148915093
986137623
-690286193
-2120510462
-862046599
-1030546838
-430893853
-683566632
750485948
2028016150
508318598
-938944253
-1999805743
-1768244655
-102221654
662613358
-135377113
-766023439
-353584323
1213279548
-1968481159
423173169
-1688168868
-382113233
-1582174108
-1223740237
723653897
-1744968371
485512505
-1201910839
-1449892582
1236670656
-1268103148
116173295
702195060
916601853
1988088877
-528539236
-1577507975
-143088088
880152429
383406649
-1916240962
-1807977801
-1426682812
-1782278287
1160614401
-1345893291
-1707895623
99952811
-2067491751
1768587784
1168933570
-528929580
-1336115793
2108279445
124701141
-1133525407
1787022188
-766223838
-1419409986
766270356
-1019323789
124202525
504537779
-838951171
889691986
393065309
-332795227
1758731331
432254387
633612934
-13122600
568282404
343196440
-1854837072
-1543385931
2142010041
-139310905
1719927370
48922846
-1295192322
-13008638
-1606908356
-427023485
902118033
1136612219
166592332
-1438504205
-244084038
1454238982
1045335490
-156448394
-1452307541
384837264
-2124842163
648261465
1412739848
1805117263
1432732455
-1194698167
-1342320984
1951135290
1929541752
-1840675356
1733215133
1832709819
-1710444809
1666617741
998730097
1948798115
-844576297
-1620381825
1085918642
954975070
1598510304
-291835612
1352838065
-1919265689
-2068067365
345801895
-1823794042
-1826105091
-2064780238
704886727
-1362705578
-1344867561
605334744
-431746066
-1124992552
-1897883244
1576228966
711141249
843563284
-1937001546
-2004793978
507105401
337607277
1247705041
771013012
-102294478
589212898
-881163969
-1331592831
200331395
1756060304
-1261448810
-1481298693
263909902
401582714
-555601636
-942057526
1757469656
617081484
-1029725574
-1469667971
445627419
-788517411
-679617104
1129927493
892045915
-1160312012
1375733321
1172472864
377801398
1930379213
-433778481
662678329
355906176
355613277
72518528
674478222
2083160591
-700329390
810991169
1377037267
-617207854
-1925730466
2086163922
286552470
-1818656600
831857974
1010372162
-199283037
-1046558354
-2026993770
-1001123675
1715559849
-1680337446
1200175753
2144860165
1013113628
-1917001593
819200742
445100438
-1916503203
-2079848369
1559583517
-1901286356
-1850726632
1986514656
144953395
95947505
-308708882
1763093641
-1355240694
-138948782
-1566462125
856493397
-1003656730
1587555897
1783474616
-404141222
-751251924
632849537
-25542677
145521234
-469204373
-293691738
1383955646
-1723869078
1658887328
2051688380
-517360409
60815450
-1002798923
1579570082
-1085171930
-1178077003
-1559173301
1811126391
1522178732
-834118527
1075776697
1950190411
-1805815877
370825482
1479887955
-1502645223
11163273
-1107710733
287681518
211053813
1937866858
-811838323
-739304541
196845697
-437395667
-1061114005
-403280429
-977437787
733152965
1954540341
1653099372
-71973250
-1398471381
-807680068
-540039063
491903126
1674269827
844892239
-1558152033
2001820758
582896509
1812014668
1412351157
-1769253448
-2067746818
-1609099015
29757299
-1951375296
17649662
1909212820
1360403264
-1843505108
820692147
-1189219672
2129479653
-257367318
311804911
1173142945
-830349161
-1317172535
-399203386
690031010
737641011
-310287885
1074590835
-235906922
-1478614582
-84844389
-748792709
-187566203
1220310880
1710092914
-1177296110
1271040808
-930098959
1999464286
313521342
-514108994
-1169714764
1754807149
-1058279878
-1422184928
1457709474
-1404212729
1455450524
-1181954029
-1489284807
-1212399517
1571293625
39226845
-1091603075
761553724
-63856696
-1258962150
1653391423
-1952187453
-1457748155
1710278863
1598560417
1896300503
1568955415
-764945729
1904801752
1040959858
747597556
907967997
1099107891
1149071718
-1872389116
-325305150
1716958301
-1531338422
1080780740
511495040
-1192186658
2088849582
1310164525
-1393235145
2087057895
-1596907115
1115107348
403873030
-99562674
-138784732
1490545363
1167358724
1618987222
-810653290
-246176215
1872579152
-1114030924
-1571094926
1248220254
155589222
1382539854
1498530816
964845738
-1805482572
-903914171
-309536520
1510713303
-1930434708
-633168715
-1884937859
1182193445
484547227
-810111301
412347977
1388664173
-74869126
-1607415753
1898734376
-1200350584
-132092
1494648018
-1126936406
-1535764239
-1429116728
-1865178302
685077779
1983454632
2055021312
-1239891508
1227053206
893274713
-868650271
1571479306
1410676930
-1346531907
2045885748
-1415339282
2081339196
1516092992
1254568741
-1803635706
796409774
1300314852
-1351734438
1699781889
2013485311
708916836
-2082506681
-45611407
-918137404
909119644
-1650962496
-1654503214
-1082255371
731734567
-1908893745
-1438082358
16505827
-1969447350
251178183
802906034
1118846569
1069117200
795669656
709188180
1772352098
911421365
1654575973
1439221750
-1421747878
-2008340153
1978127699
-1726699625
475886471
-112757366
108339620
-1777290888
1042012921
-209277924
707169027
-554515747
664059408
1566490073
1205719328
291029524
-26997457
188981888
-276306049
1263419062
-1900261458
-522666858
1551062413
785732140
940889109
-1638262902
-98302988
-604076940
-1114755194
-52894695
637930287
-669796059
1004191865
-577186061
-1268361376
-300521296
-383768401
-1785573986
-1104071327
1645324776
-517868960
-1879614054
-1939596008
-909848637
408212662
-807915066
1193364751
-97280159
1451051902
333797890
1713965891
1995792974
1953723932
1041559828
-664428741
-303277821
-472813120
-36062001
-579577508
-1935453774
300982998
-722883471
-1612235909
1814521667
-2064801342
1183013197
-1767893324
957361305
-1733181747
502820265
2019504761
1875429401
-1367584422
624760297
1538052333
-1789869205
307578460
-1382359060
1206264946
1523815298
578134539
-441996107
-1481930112
1927421146
-1404442411
-158885810
1920409528
1779021824
1954390930
1099627496
-1879047880
909670999
1790866172
883420743
-1921003728
-1860778216
-1042782626
174122588
-1338686283
-42308454
-1598781046
1319134259
1255667925
2140656083
735960591
942392335
-631333654
1188689950
-2134887509
1003331538
1119505459
-2020453058
-686320642
-981835102
-750862176
-2042771038
1094595968
-1296567607
-577208084
-567527702
-1938675275
448501213
1320115185
-1641252183
504052382
-1572900064
535086391
934728044
-1658016910
759388201
-1241323827
-64231941
-117059442
1040360387
-2094367652
274665694
1433383593
-526157036
-10826888
755403810
2045063499
885107969
1494240569
185900892
481712255
-1422268463
36429066
430508014
1429134791
-37739248
1847427264
-1334173304
1584592976
-115970123
1114316270
-1047948559
-782956442
140994694
-1017335689
2146468615
2023342633
1251617979
555538019
868981252
-1203253376
-5537055
1060488438
-1257286910
955981134
-1770884607
-1103103234
-1131322944
-1560066076
1089775361
655967340
1545351334
-443032906
147934281
-1655708890
-1204962554
-203139248
479147945
215413019
1347635108
1733900170
-737832327
1255559063
1109903224
-473014534
1944346625
-1682327592
-2028806991
-237588566
1758758427
-691552032
37932541
-1117014518
-805487593
1522724492
-1690572281
1846779943
389481438
-190571035
-1375985855
-1055722467
420647257
178184885
-463877149
22985162
-899922925
-141186467
1899039282
857410500
-1372907748
-1087588379
-2057110267
1153254284
1293167408
-1375187628
1423892612
-978832125
-1173729511
900961858
-953883853
613166364
1174612561
1433610155
-416347346
-432298030
1223814634
840902917
-1028871242
-348065444
-448680014
2085517971
-599707925
1989158559
-789064814
-555913989
-666945573
-1384888092
256452406
-1385177578
459628731
529357003
-1796041742
1144508167
-1347282573
681618558
-1420784925
759613326
-1330091425
-1134824152
-2009165995
-314467682
-2026397869
691972008
-1652915356
-424452052
1733566176
1390722177
534616805
-1179273143
1710223829
-1205273835
-545843066
-495867022
1686486792
-1371257837
-877446861
-1386365913
1607548757
-1569550548
477819323
1230175673
-121868825
-151154676
-1461755213
1188840552
2025388214
1779971720
799942298
-20987220
-14568112
-1812627949
1551490621
-1997232173
-591913509
1362641014
-428564644
1446745035
-1861346727
914423743
-332387954
1789523009
334273069
-54928518
1915880801
1139121898
-2033466913
856696094
-662179387
-741393121
-1871072997
512640970
124470185
-1389405009
995697919
792721200
-1295508506
-1528612368
1970371222
-1292510767
1114085212
742627095
1293800862
-1117969814
-422945446
-1974389559
-1111396463
-1619866450
196292675
-1378369551
-1581034781
-1264488140
2000118893
-2072950573
-93059449
-313269070
-517643956
-832465055
-945558089
-189393301
-118517553
518123725
-1210490892
1828774374
-1706270455
-1058332065
-343818932
-901462048
815938580
1259660680
963183323
1249034882
-111109582
-687935178
-42490989
1503766742
1406505524
-1289139095
-1536251585
-25045641
-1675523042
1986442757
1280729540
1272448136
350288395
594359786
-506192726
334732518
708721486
1723214657
-757089062
2040780961
1335627226
1512074264
2006590121
1785888935
-248827421
-438547919
-1366183404
1998729154
1657021380
642945303
1523743053
-52866876
2005405731
-533409423
-1141654666
-1304278017
5924434
1073122714
1127015339
-1283680262
-193549064
-36430992
546841670
1296146786
-2055439120
-1400549525
1500071517
1985723967
25544304
-200850191
-1622970993
-37969817
-1199979411
-724969495
843109376
-2040267978
1343308350
-1354587250
-286539103
1986686
572987263
-1448043899
-409450060
539957436
-1522926024
1996000304
-243106417
-1636255091
364062525
1463036740
-905102433
-1914174112
-505990953
571632024
-1816544337
-519036053
-528653405
230767936
-1791987350
423573218
1711495610
-804904230
1396179486
-1104996762
-1984859119
1537995047
1224692418
-1046946629
-1306082781
1606537693
-454299078
-2051457090
-5685300
1771074490
-881957928
903799445
-1046377096
182962652
963776038
1434654504
-1890089348
767093839
1024905698
1419821775
1031231939
555019751
700353865
403987019
138217645
1407368016
2086211480
1617635578
1335783475
-601139357
1786593487
-234662074
-39174066
670894266
-1434025545
696345694
-1848343143
-1411691386
14256166
112658216
743418164
1270522527
-1494991999
-1453151626
1293617900
602179292
1470125443
770570359
694065560
1611738020
1536740156
-272291473
20778437
-305542715
1072579163
-1974990422
649898645
352295300
1758926511
-873403730
-167728925
-1141847820
-1663323158
-262343761
-972312405
1127613323
853034920
1352959303
1776682153
1097359089
903417775
-1255562138
-1433910209
-864501477
-1753823112
736993414
-862591077
-1630596200
799866862
-908170973
-1207903719
14211114
-1736683404
-811645334
1432475365
-1978404200
-129578963
39315760
-1285067804
807123906
401932406
-1840249307
813156052
-1274301962
97954231
46985289
1203744945
-538158463
1545178971
1141499549
1873501018
-1810618233
-1512155108
-1736767202
1215030644
-659587817
1889699459
756426990
-436815730
-817884039
1026260399
811329492
1746544006
-602573622
-1550414252
277797606
387244842
-440061494
-974237690
-1238522748
-2116791519
1640176116
1273350839
-1751107192
1859629324
-1364811569
224277630
1700251067
-749593
665590404
-1067169895
2107892618
102451637
1859493039
782136501
-59303175
-486521508
-1124558727
-436898452
-260056106
1434007245
105021926
215286542
1402627890
1756085607
1871714411
66762147
-604808179
1478296733
-1030216509
447041328
-1938171056
1502104277
765706242
-1638467783
1102804735
-883133805
-459573270
-1853805945
-214736722
-1843461674
-36576132
-325491925
1404668724
1777677250
-899054894
1468120258
760591262
1920598142
-1447237333
639703289
-1064991386
1007828831
-32659385
918194259
-2075898395
2103330629
405761525
1129052969
-2045381883
1467658565
489307369
-1254588686
-281140934
-1766317688
-1658335789
67275716
-1452809038
-1249101198
-1414697556
-786487781
9511370
-17031674
929361234
70441176
1699782852
383984008
1758230103
546687883
12886199
1602131811
1280203029
1728870644
-1109187130
1188156237
-1430312955
1500957126
1371829908
-100414296
-195972016
705664943
-384598793
1930036011
-1695170650
284351636
-1420362261
1409976769
1393522511
-2126441951
-1467884344
-1239852112
-373093249
-1751480960
-513286729
-2070716418
-940507667
-1240095897
-2087216286
1704705807
-1246435674
847216728
-1410227222
-1587122542
-50207203
-488234716
-866127587
793057182
-267061881
-1772075088
1469067240
-1491485929
-81346971
-1929459717
2093386506
-1843087274
2102117986
1980737887
1560669450
-1655039480
1946879070
-1885628394
1160113515
-876327594
-1390398774
696937215
-1656890083
-1489459386
1667265334
40092066
-1739610571
-486253472
1812797223
-278069647
1721004768
629067412
38380077
-969531056
477646741
349721947
-1138271947
247154263
2003909769
256566299
-922094821
727239894
-1414438296
-1992019249
-1722925437
724331161
-377790911
729238759
-464203543
-1268928660
-103098175
-516052372
1772098293
1919728865
1341316259
-477218969
349584915
1364080208
154574951
-531436157
-2140332221
-452481762
1526249281
-11803663
1758376749
-1896870590
-771236524
792263051
119730039
-504639995
13619999
-1242464965
-1596175013
506784520
-454558665
-157058914
-722867853
1203431819
-2057259722
686457059
1514884311
-936940053
1522242803
-603442695
1525625705
-212327060
-1215689486
-1987659799
1250419566
1525090361
410066206
-1137702273
-795547039
526792616
1661472437
-506806480
-259304701
1552219329
1207134851
1505203511
939698358
749185792
1157406290
-1231478784
576609291
1490316122
-352713312
400634826
-1462739815
-1485622403
-933082734
2142632071
-972358640
1870622044
-1751036887
-1000683770
-1949995379
-223472918
1861489331
1080505427
-694715345
1609777701
-1040948349
1691938653
400963561
-587297451
307497699
1639142617
-1897607271
-1326085227
1892875081
-139862682
1850329433
-1993839214
410696905
1300285938
898253333
-1175151982
-539172917
413250139
661782878
2126879160
1303996157
806869593
-1912048004
1147456389
1531796618
-2046660454
35648201
1825355682
1440286347
-1278665682
1693300028
868020956
-1779405122
-1824424923
-1461806268
597156206
-1927270027
-2135261834
96832214
585357702
-727988272
-1311986910
817752521
-1872926206
-1052131026
-920855400
-1427261855
773900666
-1915379744
1513154139
150476072
273461634
1639337247
810299617
548038660
820062768
-2020386752
-901490242
-1870970234
1170278875
-1520274139
-375635199
-434909313
-1763365594
272231926
1060517086
1804696537
-1237537988
-1402209263
30668172
263649955
-2136634788
-1421198274
-1935279248
18937453
-602031977
-768626137
1687756155
285475797
1661226200
1835208454
874800591
1010739553
54481957
1011494816
1431235240
1524863120
2056957731
1317209457
1790955897
-871549909
1006158815
839212840
-1054285739
1863163872
1664485323
-323730347
-864140912
-1591601904
-332618234
-285419424
108289446
-1594119961
-464140833
-1802766148
-672731302
1424699309
173684123
1929579101
-1956989406
1049626971
-1950581386
-400053657
-1375900990
2093917041
-622682393
1217476135
-996287946
1137492998
-10091480
680681030
-45069612
-1476464096
469001205
1514944827
454135730
238260037
141860243
-121927423
1895657028
-331516335
-389099245
-1217910774
1960000074
-1112984694
954677207
1818874226
1993198568
1929718257
1095729493
-1779124104
92419094
301349338
-1238714341
1490264873
-1312107718
1842855103
251392786
-111379363
1861924370
-1656821168
584603398
667390183
-118530857
900135629
-1258738587
580971527
710234271
353147544
-634188474
-510752989
1406544642
513049349
-1264357459
1461534902
-1490226176
1690455157
-1338634227
-1125003640
25688609
-1233007198
-1263009779
-1713758433
-1922201378
-443114437
826695054
1208934005
936059199
-1171619149
1162016237
-1430515222
338499781
-915603627
-321300091
669187963
-208223607
163782811
247669623
-32058316
1850836644
1462260416
-1365083732
2142813667
-443839535
1263923860
-1221195493
1718578190
-469444783
273725838
-1441136057
1289825318
1066665742
-1235724505
-1409426933
-646507269
1312426499
958843749
-2073111911
1717761395
-351372582
-1187883339
735285439
277412470
1338278102
-2055335171
-650821268
1535721516
2032294643
-961377806
1614222195
-1003175318
-708576950
-570893146
1315244430
528244841
-249345862
-1633136540
302999716
-375396424
526849221
1249858751
-1938274738
1263426163
2065933239
-769763608
-1989346409
-1480072011
-884575988
269219392
2008907779
-1020971702
-954684909
418344494
1956638930
-1309725271
786059470
-114865871
-668022651
-1234363104
-80598756
1269805368
1192528545
1405025105
-1966287847
-1850937039
895477682
1178359260
-431505979
2049178591
1554488722
-1024989859
-2060795677
-676066320
206936043
-1739391592
763208995
-1547587250
1382356217
961236211
-1330324606
-2068521035
-1386753388
-1067409628
780344561
217109125
1910671213
-235432150
-824979660
-1689921064
1125527
-1267100544
1510757389
151676119
-1062741175
1652635536
-403659111
1460264265
613237474
1961245029
-597038344
1447897196
1096284972
-243103067
1278465075
-173416184
1743271652
-1430917699
-2074082214
-700277056
948673145
-95649699
216845037
284417706
1270954772
1136650279
-90249859
-2108792542
-745535016
621942434
-2061228399
1803096283
1874997098
-33826700
-2038487347
-111032522
1669077939
-99048496
370828368
574980566
80629220
1734105645
-823954338
-384967308
2068650170
498528568
1387604799
797633007
296347395
-1835714806
1080155750
-512906330
-1543650208
-768793187
1931289812
190373386
959262283
-1535673988
68598206
-660419730
97087835
866090937
269378925
12340768
-497805626
1758285604
-1128066971
-1075949891
1510811176
566091961
-744659767
2128630721
-1698873470
1356839770
-1843879427
288355933
-1250373244
-236837187
57837196
1191858317
1282011150
-1726998105
1817539660
714455145
1048743668
-743483558
-2034355520
-645178182
1741759745
-701534133
-1534004291
-1610246448
-1337066690
1232837143
1348959823
-318700143
1939319923
-696413512
-665017380
1802225109
-1636198162
890176243
-466132086
209673201
-1954590078
-1787161580
26894302
114762385
-897301294
-1065276195
67275429
-1300344117
945757647
-51312197
1839868694
172882288
2143074942
-633363397
1880334904
1470393764
-1288266754
1357749691
-1320054399
-603644752
-689100599
310845796
207112127
-171393258
363740730
1870426455
1090426939
1593002725
-147532210
1742312230
-1441628133
1892038479
848741806
-2140680315
-414695928
1358620024
-440281620
-147130048
739295248
804930192
-784744435
1280814960
-305230900
925103907
979159879
-1807806743
-1179745083
-192366673
-829615093
905938678
1859925267
1268812406
452509508
70370632
991919175
-1581312363
932945377
-1153176278
-261371766
-560639914
884540561
-152793607
1741110789
1043404481
-927671347
2005011667
460484740
-2058632
85928987
-555059826
1168085845
-311917116
1563798159
-614275348
479347574
358190570
-1437398635
2051870220
384782318
54687171
-1006890514
837051682
-40491909
910287243
-1648965640
872687978
1507048044
-1689011208
483926321
360856665
291058640
-1042047858
809045501
-2051382251
-1419868976
1341046577
1535892391
732471079
1576783705
-1399496453
1545024165
682131311
373970173
-979069360
-852740833
-673529768
-880270565
1805577774
-2080276046
865176651
-1819812548
-1050970423
-2064310672
-1690884760
-1083684416
1035466582
64196651
992601459
1227195577
1750364967
1709351411
4442380
-1219494634
-887404041
189964508
695400995
1649647619
448432519
379654148
1177292201
1752946320
-1117240215
396630227
-942282613
830945680
311755291
-1918485628
2044362715
-496492605
-53699498
-2073164828
-418977712
-1409455561
-1841881688
193316442
1318611184
912339690
-1255115456
433301798
-1493465845
874594740
-158919672
1238531565
-753061525
797928291
593413881
817901428
-1602377528
378945319
1924555433
1562298284
322409345
-1184848336
1868829736
53563886
-1725598071
334059925
-1807389939
1223564678
-780493409
-1401859465
-2036502325
41165941
-104598335
-819292058
-278109880
-1935041934
-946305822
-598273534
-47064912
-1719277518
1988659162
-967707
2101578373
15308521
1196771229
1794042304
2079315450
-1777668081
929774767
-728992316
1178913665
883316071
-1455743017
-1743715774
617183138
-1903323844
1453712146
123908501
-318732530
438419181
-1317354038
2127296575
-1519872012
16202668
-1169819577
-926847663
-1910518638
1000091522
-157187483
1938406672
1687515918
-1871354219
622944647
-996171307
873322117
-534359379
1628377547
12584756
1416203620
-1103307532
-625478017
974437216
-840771337
-2128474115
223696338
-770813234
2022238783
-1260593657
1489755086
1350967831
845815815
-1320908927
921426053
938177058
484151865
1108633041
2025500042
-1798483326
962428525
506142288
1407262371
1346678300
243362242
-413433447
-1042187844
-824670708
1580207089
-1512727805
896780829
1253078728
-436578402
-40717205
-711619873
780659590
-1325255695
-1852353994
-725775204
-1323916325
-1766016155
1149922197
-1535376795
617181092
328799199
-397319413
1842997752
401622313
95695874
-615218388
-1941290190
473240958
-512546367
1913127846
-1355625790
461439788
1566750261
-1970152827
-1808192481
-1431576815
726946480
1998904754
232578747
430706564
865989393
2116942012
-1112202632
-1011137092
-1612506791
2113436378
-1020407973
-1438210702
1512246910
138068272
-971707265
-372817213
338777215
1229766993
-1829354933
1913264731
1618650552
-891406332
-983475225
1513940944
1615467895
588939339
1024044011
-1903722933
1659315662
-1283172704
-847787943
-1219524755
-316741974
246680705
1744695757
-2084647825
-1084788188
-2050559953
202463730
-1073582709
-496084458
-705237839
-431170248
1178315674
-1365779727
1354606111
-109501501
1031874558
1551755214
89560604
1916886438
-1227243839
-1925487678
229108899
-855962032
1795710718
1925258357
-757974777
1616550726
-1483569793
-721987083
-752672972
-950693358
-1008648793
566761415
-1675125446
1393482106
1257688210
1684749119
2086577420
-491240971
1362193018
1544510225
550833796
-1374148262
-1036669348
-1198592985
1610622377
521741786
1201770458
-1635063884
-591636172
1656024112
1473454946
675364488
-1230385839
-253041386
52196496
1728490918
-260516190
-1316608518
-680516911
129026067
-1655398008
1333641457
891855944
-743028240
-725972572
-1443520532
1564889844
-694613813
871425435
2140495657
1755228177
-2071063247
-1372042471
-2108826901
-365344321
1099817351
889098008
-33725332
-742535455
-1874886119
2013988450
1592644114
60775751
-875603341
-2029008300
-584655135
-807303665
-865297
1652819428
-1035825871
-1474034616
1818212751
-1251504412
-2145877856
878264791
-837290740
-1261416569
-1435466935
-312097122
1180035374
-249150428
-600069579
1076164058
-706144930
939200826
1423363345
-1406026292
-374985095
951481779
1389380897
-1265099365
2054682854
-1306452628
-1160370316
-1149328008
920334314
-2022991883
-1039045031
1092965635
224464442
1088911253
512083473
1552514028
360270801
2072304784
-1521159995
1725202653
645768452
1921446059
1765799354
-1531596137
-1442431278
-1257892113
-89157694
-2010806437
791641216
-721497171
-1322217739
-468521334
-1645274523
1276686530
736633249
-262039409
1562354178
1396744732
-162580354
1101682940
1489406805
568766076
1740864038
1000146675
965386094
543613053
175077827
150306759
-1080725438
2065810388
-1343019767
-1360285726
-1686898242
558428888
-1554997913
1847641576
741851167
1202223172
1597042808
-1098255332
-1403322496
-1124202180
-925408321
-520395774
-738213708
-1225041011
307316627
905723974
675997525
-1121903559
752584024
1622603996
-1038512867
1031031345
-1370071825
879175015
-1956626828
1860696420
2100495727
-1529304609
-546771895
-93208072
-1261558508
1973551469
1209902884
-2040569898
1810191479
1509807001
1054570364
-2081929620
923083007
784742310
1932126021
1566452909
-55557481
592857660
174657741
2014041436
2144860321
456980807
-1974384952
134322058
-1572290007
-1946801633
-96687703
-637310115
-80878243
898473449
501497394
1623490322
-654214595
-1788790724
884955470
718837828
-110760818
-43086842
751662366
-1635531411
935405843
452055729
-746601647
1679106989
-1405031937
450539905
-185003848
1057078474
1668470437
-738365121
238013976
1975566712
571632241
-1540518885
-756592062
280667097
-329656549
1490597326
976398689
-1380919738
323114520
1267188223
-1937472110
-283364785
-537682604
823987431
1651844282
2052869120
225012510
1040075319
211828626
1416770918
-984523420
-1680744904
948590086
1336243793
-426604513
-1923734220
631106751
1025129562
-854360304
1952140564
-2058973186
273418023
1785382572
-1823562422
1798877099
-137341715
963698772
1364232432
206743725
1123619638
-496343608
-608417999
-1804300420
1730598883
1710483421
-1130648089
191991795
-2045303180
1900053614
-923395451
538375786
-394574457
1641506704
780481847
460469764
703096990
957066249
1415035463
658538564
-1929760219
-1020440831
1200420290
1040695782
-1802710606
-349623559
47830363
1661081836
-1853603186
876162557
-1624066930
1359091702
401239667
-1348124907
1677936392
1795648214
176568471
1068009216
1611679045
-190795676
766096617
1234571300
934592379
481336718
-1995042919
194179519
-739820874
804896178
-1581782818
-51676573
-1517224892
-348822481
384248051
107744672
-192665774
-1011899591
268537953
25012482
-956067626
-1834263572
1189578884
72434749
278490544
678345635
1045887047
1046773926
589840139
1225374346
1083711793
-295871515
-1779195639
-1410502798
1202505893
-1612588567
-1575690337
293883108
-1670237851
-252978661
480867772
-60253320
1110092119
-1721201706
-347612496
1205323110
-1611944052
150353429
-517389876
-1210693795
96073341
1284130413
423440453
-765371757
-403913065
-336274626
-179958435
1095281693
-49904391
1557544229
711725252
-1424247424
-657956229
-1997669452
-1834601670
876317319
1998812914
-1343053467
-1641085575
-1730465706
990497969
-862178614
590713170
1254478271
-1002037165
947580169
978888982
56845523
1151948984
-438896760
-964867785
1894356412
-2075591860
1902968035
209121325
-969930038
-293986161
44490534
1426264221
209475019
-236409648
1596914488
1476854200
-955570530
-572337861
1638903701
621941217
912364298
-1578297066
-1032316353
1226547090
-557152309
1530103623
-1629863434
512711808
-1089358098
565217305
-1465508186
-247980292
1406048094
-987055297
1432892704
-38017637
1571244477
481745432
-1404454388
1247932697
-1088653704
-1300545996
-1931775970
-16377734
1441560853
893832214
133412232
-1163216015
-1238537010
2053457467
-379882321
-1874004219
925036131
-2009641893
344779809
-659226510
-53631188
766806766
1132626373
238471757
310375789
-396173583
-339536557
-698390
1403274733
565539305
515671558
108880641
-1382616375
980619815
-1370202224
-1716373617
826194821
250825550
1889657422
-229512711
-1037292957
-34209006
1564727997
-570143881
-726041864
1842454082
1324874795
-566607697
1378473467
-51383801
1279308465
911826592
710932064
726828397
1698799712
-16125503
1941015460
1331357475
-221627975
1497092969
-337777302
144448382
-2046216862
-975654543
-1098648505
1548117699
1222296343
-1386173417
1054608345
-133236827
1196342750
-1625788891
-1321676258
1183397388
-350007938
-2143411375
-702425086
-1828734441
1556327217
724365543
-100575431
1060581220
-98435688
581751973
1117188431
1399171214
1304330222
1764167141
-1947284484
-1941100809
110979200
206927105
-1296195908
-1794090298
940589660
-24812302
-822639201
-1371218125
1699655240
-1125311686
-662655651
-2110359807
-1943683338
-2128825852
104082605
-209515188
-222010251
813832328
242130646
-143688060
303995625
1787407796
1024414597
-187601479
-1480044418
1650155784
515647457
459975192
314848921
651066817
-1453237027
-363403083
1574040144
-2010348487
1067974348
-554379638
847929372
-2114079347
1974645306
-2067806529
-900735283
1704998272
-233178632
-635469525
1745081789
-1827346786
1411271288
-91753190
114420296
1450927268
1888976475
60478544
2054461563
610844958
260997192
1167678030
-211934454
1943725650
1172782591
-1886075949
-1603531129
-2075868068
-1907476307
565197477
1601870801
-2024952678
1946044033
-609273456
697365961
-1700757687
1579702654
943172783
766903884
1422757744
1292918675
-1377873431
-1710676388
453796092
-275804184
177216958
-1799807584
584623404
-1042433670
877111363
1093084430
-1405609681
445146857
-1745754518
942334182
1311582986
1905781648
610251655
541558241
-390821697
1699720662
1885204239
317824426
619314603
955794115
268055202
-368566643
785596975
-906547498
-498178998
328911469
991273362
1465999380
-2030262011
-45938437
1338350118
1702016356
890862464
-621563611
-389162072
-2111428838
-455480539
-2106100277
1348290540
-1882233648
1849182039
1142745528
-1465787975
1733295228
-1188971780
1032474319
-1743743503
1519345343
-203187141
1017291908
-1697060107
847139963
-1833470842
956869006
488907335
1466153383
2075722970
-94124838
-2002270096
-1615228571
-1786656187
727058882
1461464867
-692140204
408536745
-867054722
1620471202
156447267
-1431989826
1500541914
47678304
-2097632410
-449448356
-1705799383
1268285671
-1490202452
1268621306
-969650311
234216187
1509966288
-1007313807
-1479225081
681200639
-419204977
-524175866
-1337320971
1366026136
-1932372645
-617485914
1405911866
1921270927
1586404718
1812888947
-1138235175
493281531
-1187961311
175143807
1615071061
1391928479
1503582589
-1052732202
-1429160861
-85875312
1196834834
1402122434
-1029103903
-364735717
1870912519
-594236343
691773958
1905093349
1922605426
1311444474
494188507
-1554490286
-597745687
29274600
395093738
317718058
-1455345319
359313911
-890206412
-1061275014
-1808186859
753536598
-1568040345
-2049338184
2097645106
-979838389
-802852016
767569450
653570065
131395893
-1393254258
-812372857
1391524924
-1975093297
641519240
90531549
-1787320714
89697713
1370920096
-1569817418
1586240524
1924125468
-2015469144
787069814
698842993
2112956150
-1157416044
193230343
969036041
-1107410669
1465206385
-440552777
1007636804
-1474999115
635520661
1944540000
-1749422097
358344534
1099272728
21961672
-1823744826
259172260
-1396693630
-1954071989
646090061
906727628
-117649467
1461466807
-1298740257
-1101138437
1594206573
1585474422
-1333419001
-503934431
-1012446443
-1613533966
-32817138
-1526016009
1052604189
-2018639052
-202011692
-1990017469
-1661719911
-561931826
343781603
-363033510
-120305268
765741563
1941225408
79850214
1567775317
1729159940
536943236
-1167999767
-1886845848
963941604
-1167100756
-506428159
-1339013567
1201283374
661879852
-691184915
-1174563178
14464558
635535305
996848975
-1654102836
105568335
-1666472280
-1510044749
1863429291
1875115452
1434619169
-807693105
423924052
1541521480
2082626264
-1117149940
-319736975
-1759000174
-988633586
226947397
1422014127
-788275868
1412479028
-327927347
-1845450135
1775871579
-255785023
438968758
-2046735963
-353621811
1933441860
-1659488688
118572611
1504772070
-1645786692
1830972144
2089292659
-499660524
1299614759
-137229070
-1912151193
2048024996
-2003643304
1902867456
-1656370103
-1261380947
-471442163
-1730809197
-1017526161
-957462740
-1017731264
-934819143
-782367283
-1036400528
-1743742787
-866637031
-1004652373
832142520
-1944096780
835024948
-1979259497
129709082
1616814352
947938797
1971050139
522260389
906227784
-728718006
990130099
-2143916342
-1023386252
-1821365636
-1648437639
368824055
223065314
-1698279652
-1802952414
564035972
1444403562
-2076420937
-1704132435
1933269970
-937026625
-1648817268
1418402392
1884931505
-984993017
367632787
-1039629226
564054530
734767790
651812289
-1093723713
-1492251235
-2045781641
868109194
-345335352
1999163508
184792531
-1607001433
-1438906829
-6726408
1969101686
2121971481
668988680
-1877243461
-1471654362
-347906707
-1724135035
-1069993642
-1836841515
1783312192
2020673618
-1199848308
-754798606
-120157179
-2110440712
1310874287
-330001925
-41635323
704648852
-1216486334
-862353066
698018727
-999761465
-1391762465
-1627904927
-1199649551
-1893263888
444485979
525086919
-229096114
1153062813
-2123658457
1912560405
656181649
33514046
-278431240
370389900
2077170233
-718212325
-512734550
1066478648
1557555702
1933393799
-1196989855
1912890433
2048256108
-650599851
-18124559
-825338752
609711414
1330195595
-954808961
1323938133
1135247148
-1880224427
-88356504
885265847
-67152919
759235900
-1871461023
-434746485
1151951751
-1929422697
7492830
545801529
282819756
-1895107263
189934520
60988541
1188906186
-1343504500
523637257
-1336366470
1240035489
-186369420
-1818019238
-1886155500
-1416068856
1487666967
858281472
-1898467970
498337773
-1441417372
1563888578
-2119984111
-1601521254
-1341288429
-1731480385
549475679
1553845817
-71805484
64586638
-207076216
-1929087078
-1723158070
1378843046
2091620043
1382706994
-38586054
1525468928
-875711392
1901781094
1235829887
-1142837253
-1077874044
-1579601143
-1654800063
950236542
-1524444460
-1235387869
-1842711578
-303449245
325870558
90344180
-2073076665
-1690568429
841979636
-149946312
-1634389593
1800241261
1634967364
-1335186005
975645152
819988203
1385147941
-1558558769
1281720286
-790422265
1157931187
1685799916
64318801
-49727525
2043376285
-190827433
1131056030
-898551545
1083673148
1851139319
1093718038
-1869782826
-756469272
-1737245692
-1457678487
-1285572957
-1581395321
-1494015214
1679914076
196375417
-1049574554
-1814889395
-1627671111
-293901575
-986135733
1153099782
787208071
-335942016
-35950902
1730436718
-1150528645
781043336
-1628354601
-1047469664
-1763343186
2036063822
-1867898212
694340580
1409192591
-1614051915
-2102719603
1518222897
-2061658342
-2124845718
1553726136
1546384115
-1090030519
542884168
730654817
-1240467185
-1314714421
-268237572
-1111550259
-2069718237
-1444228109
2088343276
-371677858
247068434
22210803
-1044513452
5619935
697764287
1083781449
-252550734
-1351875295
-690932969
559425144
-1164059036
399107014
-1280870827
705448699
218268302
1826956380
737081985
-1765311882
1249194049
187224493
-800420039
1288472878
1792194777
-763090860
-1748026957
469821115
117431205
31546003
1693847041
-439797765
-1676145971
287587684
-1929652073
-255779766
801708656
-1195494707
-741123062
-1156738577
379076108
-1461328520
-975755494
-1257460264
-1045497821
1817618818
1337214706
454859402
-493559782
