2050331795
115566922
-1024847606
1941802296
-201633269
-594505247
-1531130635
1207887116
1405610483
1391000170
1286596366
794454448
-937097123
1304699623
924913191
496182212
-486729683
-442349039
-1612147340
-41053598
-619990459
-174712912
-1152486838
-162672749
1942182626
-1871833043
573231656
2135885828
-1375260347
918674789
-1133802245
1856911865
-656575083
2104481983
419952541
80572290
-332789501
-1755954560
1258347166
1907615723
-2033300433
-421354915
413307207
1807934584
1467875273
834194769
-652503845
614337617
-361821317
862678192
-1797654496
1671535547
-1207677178
1498243708
1934006045
1815073417
804381099
973381367
-862126300
-322808367
1264280523
-2063844487
889934610
-918325023
-984398127
1767698051
-415911979
-1560370829
1848389455
-552588013
1005376814
2041985824
-2122590873
1875086649
-2086660425
1197534738
2059470700
-1893253654
135190823
-1577644802
2140451528
-906254317
708714453
131362384
577247007
-265319183
771419770
-1027464025
1817216948
1351693727
159023930
922667651
-645701877
1772783600
2033560805
-439134916
959121616
1955140734
640467321
-2119326923
1214793207
-1867484669
597031147
-1147586223
-404680924
1569094118
-1328533466
847373222
359709004
-1972487655
-1852811181
1530080624
1721974939
-2067812319
-2132797861
-1077746616
-958407272
1729601909
401102505
1967397525
1137002630
-1185143540
-806692556
-1300013758
-310620403
1367847473
-1418069572
-1855713103
1441505305
-1273640807
774781011
-243128081
1124200962
-49707594
869918
1564127528
1408886509
-2127054003
1389271644
-1653549476
-372419727
-1341957306
-2023369816
730622290
-1102853251
290737346
-637834886
-141947955
-2057135752
-1484915085
-167742989
-2134606595
1757578153
843860519
999456729
1050786104
1974600664
1422032292
1865473247
-238690071
1817236789
193043643
1158980650
169417416
423361657
596127895
1049723152
-1458772661
1127198283
-112248747
704452130
1835043675
-1669941276
208473817
284643436
-1653886901
1532317173
1293965791
-842126598
435234565
-2028509753
884102736
-212097378
-454326138
2001271972
146871766
1130691056
-924303989
-366939787
1098351026
-93438570
-1784877172
-863152980
616707788
-1654253371
1890489577
-874884509
-772960501
1505833479
1432390755
-321185083
1393191911
332752958
777354189
823028908
-918776261
-574547992
284354050
766420620
2012137311
858452132
1435741209
-315129458
-1374310538
803938036
1371860439
1877596927
1164741891
1098305091
-846463644
897069035
1797990850
150161194
1365989954
-544428283
2103333045
1181101550
-1144526982
-863763255
688460156
2026677581
950980887
-2117712412
1623614697
725309817
-2112891688
2144967635
-821557549
-1195002012
-276372960
769693641
-1148675798
940233790
1057703217
-1729081387
-162241460
-1876244165
-2104897127
-607606204
-852670314
-875591783
1423097835
-683967677
-1086081732
807430369
1771778738
154491081
143112285
-1926758548
-203581789
-2111485773
108166225
-1884820696
-354201071
1420733743
1163511365
2043590300
1274378149
610472798
-328971766
-1124073431
1817800781
1408747573
-2008094935
723481490
-803614604
-1941612637
2141201210
1305696189
-982856588
429742584
-152537739
1580971194
-310575032
-1092275323
-1635567735
333927940
-1987543418
-743789953
-432713812
1319120135
-1325049205
-1504610520
-750524429
-2143496222
-744087049
1808216624
879675107
-1170386835
435943771
1696417111
31399239
-1428879491
1374900273
389988951
1188355395
1986326630
1137926156
1676821505
1021963945
-913555263
811199248
1404452262
375641226
1428088942
607120803
1611160760
-75393008
-54721060
126564196
-477175633
-1354953589
-1162421625
1436295003
-73069263
936624328
-1130560574
631621490
-80078228
1742549417
-1416299594
1251124004
-1811658810
-1292299790
-561633622
1555969395
-150997832
-562447520
1253306500
1338522143
1783423991
-1206117121
496877198
47492628
-1627779884
2082454205
-1186612867
-136352989
2138218212
1042715193
1317778351
-167687435
893721571
-697435936
140095412
-437254852
-584602667
879675195
-365704432
1189166378
1219170157
-905681535
1972736318
1871475238
1749013683
471829875
1738734326
-1567701059
-1941458464
-1862085271
2085854642
976148694
-1020843380
-850110297
-240988306
-1263662551
-1024859382
1781600500
1555546800
-885518350
961431058
1814279533
1621417671
-2124899615
590569633
-1633013098
-1701980074
-51748780
648943644
521277361
100158996
636613063
2008620731
-718973614
-1643975220
1846155146
-792376796
229034291
-1048877653
-2026986827
-1532612522
-1422552252
277587386
1292757593
816918216
-1960992762
255538600
836265976
715341777
2115720217
-930503987
1393108790
-1069268406
376333587
917719659
454622415
-1257990287
637594514
377619510
1572452555
-163824880
103088788
-1986039531
-61487120
-1082082850
666667013
251064874
-614205320
-1074157020
1271124633
-1399747568
-1108978172
-437155165
-1972277028
-63554973
644239568
-245683276
-1213577850
935163780
-1020287961
2128742065
262837523
2075065501
28225560
1436428179
-1950754669
-1699938846
-236045719
-1209365284
97020350
-358586598
-1568945461
-966319689
-130851765
298703965
-38201777
-1994541476
1306269825
-1372355809
387198488
1884527289
1401326349
-1458841748
-670603950
2064105294
2001337878
-1823338123
1700602466
917995608
2064510862
-1159143606
608374622
1761771313
80574667
-87263512
1870355903
-93835786
-806282411
398804086
917639509
534770026
129500929
-962545461
-2014869894
1639382297
-1331221186
88734772
1950394250
-148025920
1065727406
91523443
-1583315566
-1577228821
617850872
-1842940663
-529119161
1234219232
-719266084
697590967
879077688
-1252216901
-1367893881
1318550338
1176464967
-16558886
-1703987160
822721655
1076008789
1502818682
-659485502
1449045358
-1367985348
837441954
1879191875
-2070268654
1442254850
789127743
696441302
-1121058592
-908871094
1448091024
335848053
2076307950
813989901
1366751684
-1856064831
-626534866
-2076939638
817898976
650103573
1677390323
812344187
-842571546
1349226200
-1485824588
1058601352
1485281075
-1571708910
-1578927088
86145024
1796649512
-1899863999
1492978706
294536646
-144949748
1550740077
51747765
-443433079
1458702897
-1843717510
-1374036310
-26869449
-156489900
1783084476
-1614697128
-14986574
1731717193
-1868298032
-364007389
1206528964
-786970409
1743949481
-1151468816
754713424
-834904352
-1644333847
1385716969
-409641525
-858211899
-1243147919
-335714179
-1657942295
1343411208
345218363
439842730
-1214651750
2048326450
-1200404378
1881092222
-1019862729
1109348854
718338962
308628954
188850936
-294727530
104553070
50966649
-594942294
-531535995
417520526
474217520
1248911261
1562978381
1008798081
-1342028425
1433497314
-844457806
1359626530
1348899623
-1546273866
1508414487
-567508690
485767300
-1869209800
-403546335
-776790249
195709822
277780322
1238159770
1179677975
-2057782477
-291244746
-256263529
-2050237049
-1789801800
-1286522313
1162797787
589533040
645002265
1990777114
-267366019
-48811934
-560695395
341626301
-212355383
1911107460
774576974
723239000
-1618140828
-2089665044
-267133257
-624908303
-1269603918
813922352
1445963503
-357195755
-1634943109
-1018620611
-169269546
1791092164
-901585460
1026076262
889948062
-1215942740
-1429788389
-1397525313
2134676877
1080677786
151948206
-84547668
-144280320
1643019053
-1700846532
1341382836
1922638770
-192466484
10144468
1538853018
-1548989890
-529840679
1624059901
-1219294802
1819156962
-1716770010
-2141076962
-527690912
1119122053
274283688
-213383904
-1852734699
-1183781638
-2047655063
-896319407
-65288643
1211786630
924645571
-1987271029
-1419130459
-489639265
-1382746166
-889365356
45320713
1580807158
1582879242
1218970056
-874735123
-831633993
1771584369
742366965
2104012972
1182540815
-1860533874
497295237
-2076076336
-913702162
-450379268
873117922
1191117732
-571056626
321557528
960160789
-363446264
1889125683
1935022585
-445723216
1382064772
1840490675
-421024607
1508925422
-3852130
1262021176
-1101359249
108677912
1539518831
1567897028
1498912472
-738807767
-1075847821
526673653
412159574
1286295989
248797089
205880969
-682088033
276655878
1770269627
1937042469
918969626
569748871
1569164774
195702865
35256718
273593445
-1603733635
1921587911
1117505308
710893170
-597738207
975382765
-733029521
1474012749
1850372628
1800521886
-2096423119
-260722496
-95736633
1110147888
-1397344576
-1927636632
28377265
1836209330
-799686111
-451091045
-747224735
-755387531
1039214644
-103235195
1162633942
501681101
-1477942999
763128724
798853902
-2137541608
-1228377038
392262166
270346460
-1222402817
-67265414
-1878415585
-171269122
-1725677061
-246527660
1117580975
-1142523282
1306238491
-905351753
804473620
9133816
1699686659
444977898
-1173828723
1688349964
-542695369
439837307
-1401994960
-956250667
979542169
259693429
288087565
-252630391
1693799472
1233495761
-1481825646
-1067489278
2087434282
-1611546836
1466416432
1220683662
469712676
1732698042
-1351663554
-1061488382
794022823
35581562
1246351902
-861361643
-2035515658
-32189013
-7586915
-818462998
-33736698
101138558
230553759
899571694
563879629
-679612660
-1663357189
519590116
-1363892289
41670025
247771043
-2111257283
-1362920555
687307450
-716413432
-445897300
-729149617
148261284
-410068548
2065505018
173357180
534694533
1211147864
-1043893738
761414073
-1478428921
1445006751
-1485001361
-454933642
-242016845
938543075
1255135110
-2066496257
1771374755
-1730120025
1008954046
1776740794
1811045243
213474693
558719606
606121645
1117281433
-827636398
-1321023143
-835322813
-2117952117
-1646842497
-1765975820
-807432113
1571108545
1247719362
753073800
-34339759
1976732291
231684596
-1860151007
337998839
138789668
602702396
-555449113
638879717
383418488
-1016358547
-704788557
675473592
160262274
-1285406804
-1069813020
-1584701880
-177696910
1346658134
1341558387
57024301
1455024845
209965600
-463331003
-425454460
-1671347219
-477834114
864103104
1404311027
-320447060
64736073
-1322081888
1831952873
-1679867556
1039089563
547949579
-374680022
-1841699079
-1067240195
-558725918
713469066
-1518621535
-94290492
-2132065703
-773931016
1681674564
1596125623
360280521
745381310
273245847
1683663605
1770683588
-949688570
1681550925
-1200575211
1605831530
277464735
-636676471
71899791
1005869050
-511934719
-1511765619
-391553959
1712236459
-1847831410
-1568930633
2140790741
387054780
1598642202
1603218094
-661958935
-1631365686
710530477
747357400
1758766703
-308408735
1018260359
-557488113
-1550725424
720254164
-758903453
-1457737581
574659307
-1093015216
-877692928
1326319937
1693733178
448338479
1060755676
1837707781
64365367
3944841
-441668030
1410742668
-1507117316
920094737
-1825627257
-1075585474
-1954601175
-1074613987
1756589455
-1280931221
1679564041
985134086
1807674262
300834755
2095573239
1766950577
-1668476884
-1358035445
1649392894
-1608032914
1267291777
1527984398
2086825407
1569301504
-870529054
921506257
1305697687
-1168034820
-410004093
1089218313
-560040448
-1002398634
-678851970
-678813487
61330231
-473592264
-1866376677
1696582551
490210847
283362069
-1006039470
387593815
685772901
-290476034
-98002291
2124384268
-1637974300
-1160734156
1448990385
44513378
617694793
-551100163
-403806625
-611278929
1142310394
-1884516165
-1789243274
-780266972
2012648755
811832121
-408810788
-2006320577
-2049507726
-662302392
-1443168642
-632379773
1550470421
-1906124406
242861972
-1609515413
-1383575232
1134092429
-219564503
-1872260453
-1760117244
-117297637
-562212134
939375705
790578621
634375119
1232858077
-491274182
1660983483
-1151498005
-540250555
-222975968
-128046557
811444073
1719537539
562022499
1783422743
2137638479
796101423
-2111953843
75041812
671587655
224262408
-2099436084
-756783972
184900974
1098940217
1249483874
1973469460
-2063938708
612787422
2040084319
2128010990
-520526140
1481197765
-434901166
-189366518
591868524
704479352
1424364221
-1025538471
363131551
-1089019013
-2132153849
497681603
1431958514
-2087156015
183707318
-5421494
609005477
-1431950139
-489319971
1296323183
-1156521669
39218406
-1551651374
-1127186988
2001264973
-1104095150
-2046214364
996209186
960584090
-1867276745
1928392907
510677036
-1567906207
-1745849193
1189316513
1792528468
1322023154
1812515146
960649489
-785808083
87658370
1951235913
291895565
-1634098078
-845507009
2034678824
1145393989
-776406571
-1538357852
-349402652
1876468629
834726155
-1357377011
1033982174
-422641218
-934043450
-1786183539
118189607
90469464
1721328883
1426945279
-1006933506
-225329401
164500166
1058377051
2044760726
-827432980
2128626467
149741130
1076231963
1697673311
-1292521665
95724795
2146320119
2042453210
-1245791353
-185679305
-1857799856
611952695
-1128444736
-1068182862
352059605
1169501726
37833583
597162148
-588865606
2029295800
1512012154
1834691224
2091393024
-1573913176
-548569586
1266883460
1554994169
-248916422
1792560067
856952856
-1027398901
893437661
878200062
1317483866
546397876
2068965838
1347994263
-1442427790
-991468595
107516182
-530652997
1553317826
-134411246
-833375306
-57297390
-853379783
-1967213599
1275623967
1457805603
-1679166999
-326412223
-1371759129
-1533782025
-1324834090
782766374
-1072000838
888505852
291725072
-1191547918
865902222
450249772
1356756739
1554999871
1882947354
-1300912274
1160111372
1871522011
7342728
2013733180
1416590160
2047439635
-1269889688
1513459333
-925308215
320849460
947992552
1653461203
-1332633695
-612005554
1447642178
-2120788560
1444933314
1048804667
644608117
-136105914
1745387693
229091551
-51980489
-1899976379
-1255774837
368264624
-1314081751
349202697
-2141167999
358379640
-1705132212
983408635
-61282232
-1498176935
761646003
2079772982
1937496828
-1132906991
-145678982
-1573510290
61190963
-1993376385
-1832637706
608394253
63821905
1903831910
1905376557
689432734
383677465
304354671
-315743352
-886072722
1585033095
-30371212
-1384812858
-455673744
202729694
-1615988485
-1717180620
-1057862815
-472664324
1565721088
1204761114
-2014918613
-468726284
-1756818441
-32908680
-956203890
-1006888738
1126283792
-1915604750
-2008161795
69704936
2048248764
-2011384056
-1014482235
-628229711
-2121201553
-546731639
-1930027660
-365520170
217394087
394231369
-21900680
-644026676
1286323501
-1479612143
43739142
-194726161
-229760613
1896299478
-1729322948
-512047909
-2011189475
-949357010
396041609
2012461306
999148155
-48719873
-343510708
402626142
-1289334698
-515732615
1143337147
-345882671
1756679857
-571262395
-1891339258
-1353829847
-1136962893
1032831486
-225025093
1501564895
75746986
1578564576
-690440085
290378210
39017555
-634532930
-772943730
-1404194391
-1944527016
-768808391
-1521008477
-1839587193
226806809
-788226514
-625344101
-1614716862
-1726998865
1293818224
-1425235593
583962853
357862957
1940483254
350575151
1439385557
1434003496
-264091945
1029190358
-192281567
1058603129
1522856756
-1154248966
-1775037410
422842688
886066036
812372048
-293486541
-1692080340
789090422
1869409936
-1104621839
-1333340678
1190813315
1410541982
368227942
1269592379
549204163
-797296150
1151536818
872303961
1851795442
1994695448
-907798054
-325694245
-634451885
-369947422
-2115734308
-1981022745
-1967086876
494782013
-889829886
1202375688
949296594
-1562323270
432176251
-1575810511
-552218577
1840071215
-1900546777
-1663887102
1041999073
-2017959274
25663665
1012280649
-1065076515
665615412
1258014434
1247443659
2134780053
164360189
-1685413068
-1820801213
1103642799
-372592586
2062030502
1835248042
-995719690
-1799890084
-875193650
-1790641736
-1626650475
1697358148
1555767860
654586794
-1172195710
-1467230589
980791772
1772672070
21668151
-1669604849
209551396
-1900547813
1249077927
2108862758
827239632
-358838003
733629807
-1078166162
1830610531
-14776048
-1223527348
-1780829859
-1534357328
1457774899
-926051123
-1165449510
111755439
1446315488
-1843920567
56654884
-33119852
-100906654
1473209874
343300850
1571690269
-159549018
2146149866
519998940
893563179
-1144353211
791972277
1433733113
216155284
-758730047
225851248
-641514808
-1764770505
-1965477618
-1559124895
-1169451437
396885328
-1836711852
-152734064
-678465647
1597300236
1547303923
576653685
-1483208436
-2129189537
-386595129
-229996046
77564355
-155613931
207396524
150232450
-202199471
814479143
-1922718652
1889355955
1726046285
749210447
-999531785
-144308015
-736698380
-1846281762
-545397445
-823241501
-2112330747
1239650253
-1475952363
-1121027621
-298626068
760432657
642648286
550635016
-1005420510
871048754
2002615370
1154299855
-607912749
-1506007522
-2056088154
340665241
342852288
581195066
-2112540832
2093335823
731347558
825419961
934575564
1859415940
-776137376
-1668881103
-1082957531
-341290573
-941483511
-1841812629
1524192209
1242824873
1005143397
-2046558598
548239592
2022587908
2122344256
619927310
-1667920138
-2035585699
-1974625129
306354185
980077312
-189502206
1271614519
1144485970
1691541445
-502938136
-1311454812
1284191721
852211013
505243359
-224411077
-1545836996
-1380150138
-1142137081
771545242
-1023608904
2038942613
644172674
1585189439
-718915422
-1773924918
-543724438
-172491921
-1805256922
804590672
1144100101
1188341080
993332912
-535870747
-1824036041
594403961
-1000802694
1326077149
2028382776
-1929222847
708257125
-167553429
-927900538
-1113611018
1104830221
-1985057245
2139963675
-663966504
-917029353
-857916742
-2016948254
2079340934
2118029260
-1578710768
-854486681
114346143
-1801366293
-343251344
-1800749618
1519615659
-887915590
1740034838
-1522116858
550045500
156739422
758356209
-523750850
1281741648
-147875732
-524121431
-1957321577
-1527424519
477235903
1529589474
-1904752870
1647198015
-868213621
671488962
-1081506325
644318533
-1740533070
-1858828623
765128383
1271737257
527470166
1832160351
261517963
1832182065
1668450222
2060186890
1594625661
777628579
554017309
462387456
-103706577
-2108708365
15117696
-596457117
1004955930
1752126627
2013620423
-1739988692
117228872
1376378982
1294064070
-2011176335
-1259284147
70166279
-2142843315
952632298
1234344823
-622609783
-1690117515
-799976783
-1649058748
1152517774
-1300076484
156126281
616296980
814195708
-658330540
-915565344
1041198111
-218545443
-683764681
-1125036584
-665223000
-183120250
1282670974
761712771
339421810
-863129605
649127539
-1478962898
-758437517
1294029457
-629336092
-2116932000
-391161145
-1134506283
-521213894
-181931933
1952390119
-1124016212
1950736329
887438595
1951149338
1420264891
990389864
1646019477
-1013790934
-799736568
-2137755068
-1039440581
-1599547301
1454631137
-1226600463
-1472848539
-1936745320
-421144068
-1789798463
-1828360550
-645266193
-200305953
486155353
1752946551
-1987206593
70954626
-776921472
1053103096
-37026000
-631730894
1481175610
-634769674
2097534306
160213943
-2068659947
-76109840
1027860968
161663160
1712612802
-1218203379
-1713480457
1408728158
-1858183962
-1788163743
-1737078566
-346020296
1683416882
-491702417
821726249
1393120606
776779953
13772782
-972358855
504434392
-1963669152
140866767
1591260374
1309972032
920394499
-1468180353
-110457297
-264266587
-2062579658
255168873
1596443153
954530226
984150209
-267208258
1694142296
-1819847921
823285553
-2087135368
1065276065
716854790
-437992541
-60004197
1506387780
-1498716311
1196556258
1237413821
-442487935
-995430989
593854644
-1190116151
-1783331848
-738354835
-933621648
-901763585
-1057842594
-1764798509
-1845031212
1039402302
-1471310995
-409494601
1564563989
2107993477
169488412
1574553764
-2093402826
754932919
1443991056
-282522555
94355357
867237278
651885393
-990158329
-1108094494
1526607409
-2001546943
-1420034819
-2013309974
-1293738471
-1548776759
842560516
-1366597580
469029233
-1434089004
-653128665
451070066
1434487757
935149568
93242692
-2128621733
-687315075
1112977043
-1627648785
-1514460225
425434387
1930457515
-1651557482
-509630245
443367201
1144507065
-1169276956
-899221522
804548166
172645935
1716329578
-1046903029
1141721452
-754345864
-611116164
-1592495823
2093096522
774565416
834985305
-1856644200
-136798672
500132724
48145550
-1314827187
-1749607677
10503908
454853787
-822934015
150081669
-1693095098
-1864083754
1053938972
-632128039
71707878
1080007055
-1417823720
791270214
603168251
816946548
1761144077
-1244628934
1451177571
-1332173513
-885016953
-562549358
1467466387
-1274094739
116128159
290181144
-1617834552
107627193
-742470839
-630571188
1048574850
2059994153
1432070889
-1226675097
-411892686
1233764319
-1893322708
-1414343268
1599097137
57000947
-974372331
-416353888
-383175692
-608350824
-367776938
-229552275
1332532350
-771475331
1218912225
44658241
300970773
1749008501
-167376963
-1426026004
1501759800
-261342887
1671406365
-658434229
344643023
111927596
1742494637
-488633073
-60063580
-393334656
1306875695
-1799285565
-597262063
80825625
-1087267002
8966156
-544293893
1089831631
203256466
1892834865
-1216115458
353691320
1618809596
-1107251747
1479978729
821004422
1046324562
1336715044
-1052526740
-247540180
1899755029
725447107
-1030284784
2020152775
-400410735
499669931
-208804250
-606594628
849022254
-1792400448
-1063864957
96768797
-59148282
1663282397
-957384021
-864442800
-329615177
-111125221
-408736949
1512744434
-507610503
-1091785389
-173706708
2108626936
921033586
-1022907168
-2045124122
1796696343
1904027208
513965481
-927507822
89059941
-1730490120
-376632226
-267413822
371602752
844731622
1652525312
1368265653
443183470
-109595596
774136743
847300807
442366341
-1424703402
-918630017
363880998
-1372132979
1588377062
558243347
590672586
-260037661
-1224179276
-309441331
-40939098
127055968
-892779743
-845492547
-2099341797
-904128071
-1246437460
1472221337
-896768083
587711784
-754992179
1644619012
1312953592
1969832012
1211673857
-1500639469
-207378972
-1284665011
-1254524634
-121081588
1785552151
-500591293
282031880
436020080
-1956422485
-1047734056
1224025147
-1512507333
-1890950624
-1978214613
-1850817494
-608555415
-1122251372
-1821981961
606690416
1258641852
-1290377167
228343284
-639851930
-1199930692
-2106548762
906076796
-1301959172
1282261759
1082662488
-337722510
668566988
506913194
1840650523
-1092794785
-911484820
610251831
279873820
1532361693
188184323
458311544
-926661790
477157944
2109433118
29103322
2027076853
-294158767
-679964220
-889731090
-752239587
391403205
-1882616377
274421797
-1142527793
-566829745
1808716636
324434651
-1645711260
-134774166
-572558610
-954093162
-699846516
-1973670086
1821849902
-630556530
-567927423
520651180
-1571249554
-1682613904
-370223233
-34396453
212479791
-561519010
326804338
-1058277451
691793400
-938942150
-2010105103
206879710
1843089000
803541796
-1983502485
-555174188
-563572338
1647024192
-1244586849
-376609965
1900178296
-524508228
297338449
-1964441350
1020373513
-485359599
-855327430
-148776915
-1993870065
-505884792
-965241025
2096322621
876739477
1565020415
1350256358
-596347962
-1079074188
697937132
-637288955
62709592
274860080
281087650
1505888187
-397601191
-1366003200
868781523
760630692
1677150761
-923109842
-1120818091
-1937736633
658874247
-1784350815
-1597346776
1817328339
-868458958
-391330120
279921080
1599875595
-1860372781
381090648
990078558
-2130993539
498664218
-459514808
-729985236
445467129
758293542
1599039419
-243446807
1956415553
-335944919
-725495506
104895066
594428669
346880075
-1320974220
1730361795
1086431473
1081842639
-102588914
-536352083
193983601
-955529868
1291098304
-1910225176
-1523016429
-522158563
1667698784
-304263725
1629278374
1546233779
-1191271952
1733247194
-746946717
284024650
1418236143
-1278161857
1838466914
-1125261950
1148496363
1702459421
-1557419185
196278575
-1114490277
330278314
-416546723
842051644
1778659755
625122492
245090169
-1183098164
992853911
-1780912754
408315331
1200909473
1805255611
566733507
-378572743
2054088897
-1829330325
-186302550
675937973
911534934
392319680
-820582718
517847577
939617749
-1848788494
-804715391
-25028152
-900748957
675162093
192342609
1210811479
1368636275
-2052650723
880068058
-1299363964
-104435533
487072141
684900486
391027558
1659394600
1238099247
-1038871743
-1733286682
916361367
-1287487107
-404942208
-454907027
1431161383
30108736
-1939376507
-1020856866
-702634429
1795722158
-1631820832
-1411775802
-1499442235
747850682
2087188536
1058017234
-898828976
-1688390488
1834114891
-527162239
1401251836
-1368729889
-458836942
1799951385
1330663481
-1489952766
-781176087
-599512354
1552060652
-842371776
756710927
-2033649023
435523806
-726012181
629800169
147913175
1876030038
-464965305
-129133140
-79631414
297509123
569695908
-1799665669
-1801895532
-602514912
-1306849617
-404919378
-133305303
-1773661486
846116612
-684812332
952455412
-1840193325
-673640186
847148539
-1463462458
-580499115
464193779
-1707473490
-2012170229
-1480975840
-141686222
-1846143938
-1310317762
24326397
1724169455
-809308987
1328921246
2053166423
1665239273
-1413708697
-1518794207
-279476194
388100490
1085974235
-882601303
1437625838
209395511
-80156887
-794204811
-2125285520
-413849111
-1496950604
-563051815
910208000
-1653081860
1892242555
446754865
-1172817264
914738246
1097059995
-207832813
378614987
1108132459
1829306392
-1406119997
1107400828
1375334512
1394436316
-80543509
9603889
-1418862963
2080796158
-1089573237
-27857893
-543457722
866064456
-1102166482
-98656200
1196944828
945534707
1119397469
-655360845
798137408
-1413584204
-813504680
-993856630
2018681896
173726971
-63063293
-1800411535
609185254
549955449
-2008098786
1400783862
-637013931
197144547
1702732985
-644001051
832381526
-1398670346
-696544282
-883699731
1105818011
882688442
-676844881
2040086915
-1399303486
-1600342007
400285770
-573168123
966672037
443214674
2080656779
1291214883
1201844464
418880154
-435200103
1326155130
636681203
-159457085
357204452
-328010879
514721208
930622993
2134242134
-2108830040
709247576
1564825065
-216286520
-61386819
695762826
1402877147
1807543991
-66583662
497767804
201470689
1214202935
-1296375587
1117016293
-280418840
481302823
-529311650
-1807930789
1996576912
-1399755355
-1053703353
861183713
-2032092880
-2127003452
-1716137001
341556676
1315665180
-951253892
-798692281
1576648614
1683129385
-46981919
-100368406
214809306
70314097
77176472
1247208079
-1330198285
1953932883
-1106689914
1621830185
100692375
2042411197
-1211583287
1180108465
-2056622440
-1095924308
640998635
-1558465461
-706732732
1617008372
1105956180
132475815
-215666436
-2033673412
-350579711
-1117326166
1392671491
-2085424308
-1473513869
-1475788980
-539567209
1368412043
-1943823639
-1748949309
555593797
691806658
-2054041392
786154209
-776121479
-59185370
-46044038
-2131498054
-1241153196
-314077548
1795123726
-1723214967
426685890
-648511714
-1169863745
1474288339
-1549215798
145228485
-1888573632
88998604
1855505960
1194334600
-71985545
-1066425862
-2000053992
-1212811107
699989872
-2061156584
-2100318860
-1856390658
1896540052
715044412
-949433087
-1896677338
-327924198
-398455749
1594230789
-156397028
-1216411204
-462056372
1159795740
-435866704
-475118162
519195627
-1719122869
-1703920124
-1076381237
-367161089
115961429
637320269
1670457873
-1138518466
-1818930867
-920907557
2027370831
-1452394032
1861898604
-1273665962
-835011812
2122457650
-152134364
1800892745
1597813003
2023114077
1087311732
1717978596
-1236244708
-1191559642
-1661377667
-1180023299
125723508
297931751
1417514326
-332305576
1260002640
-395028385
-498381797
1136947751
1353166647
-1982506
266225996
1472571347
170784879
-1021601915
716986707
644309500
-1291525711
-1963934157
1363063142
69493182
1777776927
-1817246941
56108687
-616257738
143055221
1549864749
1956104712
1692236100
-1885400961
-1046528982
-523733300
1717806481
1074297034
-963903851
-2122111894
-355255085
707508894
-50674322
-233630949
-991932593
-1478498261
1414165601
1567106327
215510431
1003383041
-1553277913
-523962077
1762980277
-546985787
135714092
312187502
-1353034721
-239370975
-1715281806
-1595614819
1082200460
173766396
2086302388
-630480092
-1702304626
-1442016533
65293774
-1538857257
939480993
-1805845274
-389510052
-1655577408
1789850475
-294003906
-84327520
-568593614
1931251013
-1379642162
-353837144
163975710
1789688313
2046051952
-1605919313
81125284
1939974349
-1364436046
-768358205
929743341
348449472
1449819850
-1323393880
1773886007
1050864147
-1208298554
442626812
160339249
-1976330742
-1086147833
245440155
-1899697016
614860531
1033656047
-1328441020
691776961
775429735
-1135398695
-2106693764
1553816137
850487247
-1604576951
-1675405646
2085582026
-1249051351
1482936164
1735096739
2078232511
2052486156
-1593738334
-1620015361
1951707466
1736054505
-310236735
-1003553204
-571842492
1325985427
1100836348
2092775179
1830416022
32858112
1085450621
-758006248
-219589434
1330995793
-1657691633
-1937267370
-1740754220
-1367109361
231235863
-400184950
1675872839
-1865900361
1494977988
2056737415
-1607596670
-1177883784
862828165
714437003
1760895067
-1919269830
-1762837061
443392489
1112196589
1275727330
-425206353
-1892765721
-50153555
-2090049324
-1197606970
1878657513
-1657384517
887412920
878650099
563650510
1099661434
-894296959
-600003220
997446809
-713229470
-113679701
-1632238176
-1309055404
1584060692
1318024643
-1349632409
-1854181328
1560750
-1242628820
-751230341
-1576277263
178830432
-1253831137
524389158
1256542088
-142528193
384911603
1311895101
-1326956543
-1263452072
-109902178
1889752908
1641044639
-581585656
-1781966213
1051082770
1396742980
-242391925
752479309
-2013529041
-1544949994
-1883544879
1871113859
634301467
1544871520
1945579672
-582437699
2030103386
2080469173
1191786166
1173073550
2081271277
2015276890
1298342582
485280387
33816843
-145921563
-446105433
738887012
481403664
1148723489
-1537675729
2134976953
1036691125
-1794884556
1064133350
-221445233
1493931394
-1757484029
1555401185
1949666427
-1422473856
-517316395
-908683124
-435104801
1520752177
-415877578
1739624124
1264494443
-1523873596
1438136605
-1510020093
-816889881
-342005884
-1649873839
-1832982970
-784239058
-2007502702
2138664711
-72747635
-16726915
-746768429
-2079413808
-1246967526
-385116179
265368619
-297278031
-332400196
1378793021
-1241371670
1832202643
294194532
-1119175723
-458820474
176437725
809476088
-1511721465
-927663733
-1343195553
-1959017113
578100631
-136626482
-2081566095
-1632634627
-294275715
-1018244632
127087451
769797623
-1907027479
23617250
-1338212105
1880937817
885083014
641326125
-189655915
172616959
-1750490366
1782481364
-635588066
273116146
267655374
1370914804
-957124741
438673405
1234058530
-94164885
863448631
-1284157313
-831751101
-277905458
250448738
1188346497
-1233425656
-543397471
-669947463
-1287144950
1689966489
-544807999
1431665155
349746354
519217786
72484132
269182397
-339404428
1710072775
828748741
-1694466055
-1101952568
-1339612991
965625305
-876994430
-292618255
-1130654328
-1344765370
1400507716
-1206155629
1463146282
1783149653
617977322
-411150968
-1738681892
792905381
1110459848
-1234671629
1706977158
-379283102
-1961537541
2065686420
128725636
468912055
-528934449
1189988701
-856739670
-284340095
614369120
-1127540922
38640265
-1109273020
-1192104317
189277
-2074711312
-2057672094
-723135514
-1756540896
1020156597
1181063049
1929107061
357014030
1242191029
2003148653
1323724031
-1469895045
-105994728
61153207
525752857
-609297501
1241149145
1362924092
-1848575422
-1669698046
825955973
80944241
-1256533945
1745243874
1652279618
576217630
831779817
-1921648587
-717143790
293359442
-1801828676
-61517404
-1402839207
2139426198
-689990831
-999404825
-1441637732
359831653
1407187607
1772963671
-1522957173
878879963
1955025790
-2086129983
713419840
169791659
249192668
-448448644
-630366007
803884118
-899481196
725335485
820942819
-180128615
-210977036
284867625
1014463752
2057375526
-267297441
539343275
-1422725972
-864412009
-940879061
546455687
1365270466
1885503903
-868333108
1522348719
1954302852
-336211582
-1195111119
374378325
1445476724
183317446
-1890677394
1724349889
-1959928931
1448350506
-799680870
180859235
-18308834
-979700777
-2104286470
-324764885
1041600232
579262165
439905118
1425087512
-306093882
-2047942464
-1083827765
-1873990385
-1744226659
1411463098
-1720270247
820981741
685920757
-1880925
-1412233634
270441951
1164027831
-644807801
-411171380
890242800
-800830920
1075933016
1823277783
313202403
1795551093
-1827728164
-2017256486
2112590658
333649824
1636624616
-684441733
763574
1794676699
340819406
-1168064756
-71889511
-209023678
-154332141
-827514060
-1737754679
1587084335
1245872741
-567269682
-1272466497
-1584881736
1539188939
1686830096
-1228245281
587902332
1297834782
1092501488
494851857
2044105119
-168546633
-2079309886
-735655537
812967698
1883895657
-1816169179
-258393344
1602957335
1723449265
1820744736
1821938886
420221700
168695852
325322631
-249838701
-89645242
-734750136
-1083238493
1560843074
2031574696
-1849435586
-466684143
873952228
-1064028459
-1164311489
1917944298
-1383728104
1432641307
1638635757
49380132
1589558431
-371921295
698154252
-2046528457
24262958
1641727419
-566701959
-1395848445
805706374
2010700363
-310362022
-6774288
335343042
1847731371
-852375402
417199702
1766458607
904214425
-428468089
1094990111
1017793761
1116455762
1613369070
-428831317
-749458364
813205779
-1137180377
-1947069709
-186793999
-1951235364
-723402339
-1333601552
-1369831294
1991525238
788535679
609645629
-1130177241
260231863
-1789679181
-845878789
1422833595
429885957
-2108791030
1353407988
-1976652270
1251783960
1887184310
1628020994
975318164
1163197187
-517740552
645295537
617825806
-1052650636
-601693155
-1986385629
-1211650873
7179322
647853482
-369471948
1767876818
-1019108601
791768534
-1499601187
1277009826
-1774553225
689469240
-1825196067
2066088163
513120592
1801486528
1680409237
135310471
-257935605
-2125765653
-426639053
1377969694
1084190867
2084977202
2084798739
-376166038
782537292
-906226237
1906524001
-335907790
-1841595306
-921759374
-507843582
-901129898
-1795048942
-2143425550
-1499728204
-1563102941
1863912932
-1788108225
1464896115
1525873384
-1907329734
-10371746
1129732894
-767900727
-183834419
-176339128
1279666522
1568974546
-795124442
-1895720157
722804918
-8127921
205637476
130778291
898331664
-252084646
-429053381
483549967
-597828554
814063796
1973612352
-1081326953
-2129797937
1262135768
1236013155
119874085
-1232145540
-126081203
1621939643
-926361726
-1360194247
-1363531973
-153867383
1346520858
1427316233
141302081
110875766
-148249869
311826130
-1030199163
-547161057
-1375165221
1616147845
-1116527860
213970387
1064564705
1007074177
-1250999734
-360320102
746210565
1456543289
1019439356
-63135367
1929320242
263972371
-1139004874
1130238197
-2061432212
-84717677
709045687
-242233132
-743245243
571226808
-1893481084
-1939174102
-529194091
1150248102
-334837581
-1028344941
508702057
15820676
-2104965241
804034492
1907313979
-282534745
-1170543427
1051843624
-669123997
-1249772305
-1255137243
1834361649
1085334733
6382449
1877294707
-707179445
-2078465300
-325200298
-1641252266
-199900784
-2132030738
-332187134
788609738
-299525768
-477140175
-460385672
-276100438
-732851993
125048309
1322858236
1856466312
1667703148
-1940392879
1939971065
1601940928
1315125191
-844786581
-1903798491
-133367862
926109356
-278370589
972243426
1777227472
-1842941498
-251191409
424599015
-1409718656
1086844158
1618406765
1459511327
-2046833118
-814765060
1280687573
1575290320
-1481582356
-1051423251
-813105426
-912189440
-1680883819
288502150
-1730046622
269173011
-2054392025
492567881
-1407387307
-140306248
-1063642855
1027172359
44478098
-1008858618
45824156
-1608530523
-654537721
-1208223775
1613609269
980786210
1019971187
1834435490
1222965899
440911064
-1358826915
-1587799561
68840834
-1338450431
1869574471
-609408506
2007623303
1631047804
-866517469
1287269080
-634371795
150105553
-890057466
-630271243
-818403079
818244210
-720571877
-1310251446
-181789831
1664825411
673383385
1015037523
175241115
-1254128292
1490562168
-1033179019
60665403
-465214707
-537633120
-1218971989
207480829
268065058
-912088733
-315916699
-494226340
1862330727
-256661651
522207660
31168003
2094090094
-854186630
1134595721
35881051
461850767
-1713791993
1184751783
2111216228
1532022832
992446540
-1885998793
212392648
-358597563
-756404120
2147377427
-479080147
1115330074
-896041250
-960601818
-1603063606
426871631
1695129920
2112879882
-1494945731
1918202660
-1011458519
-275190798
931336858
699130871
-97429905
514132937
-1962512954
1790680329
284468633
-1184175461
-2009923066
717670536
674141582
2091188788
112965330
723048905
-1408607857
-1085240826
-1008430865
287149012
1490355303
2072838991
1791604156
-1559575515
-1245762079
-1398414469
432197579
-268477007
1947138937
-383647546
901753011
672473126
2107474005
1061856549
-856421341
-1140562057
1538631797
894856038
1089882170
1490829207
1578771241
1921141397
-19603690
-751175548
-1671757629
-1239059551
383597995
-1298696570
-1728383090
-210574016
118918101
-386415944
829391870
1717950991
-804197969
1101897671
1325815848
1585739004
-723866075
460334841
-563229068
284577767
1240627911
1118679409
1162171280
-1423781753
1562786016
-380792400
1777728423
-471505014
1723618247
1024811359
1768077010
-1717297664
-1941584780
1978591051
-83699506
2037847289
1280098901
496490928
-302979089
-313140372
-1996673694
185925817
-207427755
2133442138
1143014767
433487175
1721798748
-1158514894
1503429312
252917745
-404803752
1159519351
-197483550
-1279411125
-2085480574
436304031
609502392
-1227553685
-1162223060
-1434768578
636031699
116914344
-349442756
367278179
1432548103
-1823823963
2121190615
231369282
884059194
-1490519411
899654748
-779015918
-285873281
-1173427809
1885313683
574795064
-1932528286
-1176472339
1132977445
1866444709
668440709
-1319639713
1280698191
-846250885
1443378539
-1551885826
-142016558
1938197494
1195700115
2005198191
1040523822
2073757065
-2067375160
-1837776964
-518076658
162451783
1568948151
-153399206
-352960507
-1471505532
281228994
1888293991
-1971283333
-985829700
303517715
-163273422
1783053793
-1186609229
-39192078
1178624768
-339298005
989153244
1101188699
538937357
-2098695297
-1540183554
930616523
-398596144
-57002966
299097364
-1897591462
141942403
876721619
1208248692
26302734
-611109662
2096740594
-87391180
1532367725
875166770
1617512834
-767593271
-591236781
-1187993980
-723702796
1412837616
-716506874
49078074
1784063335
55923408
1437312903
-38344758
1505891094
475516256
-357132502
101678274
-1111816943
-1485176058
575535976
515933963
1617612848
1011819136
-119437836
-1098834575
-2123773117
596962823
1387563275
-216425886
1079683982
593121457
45312784
-192099851
679130228
-2010159594
502546263
-141069266
-707219855
542890038
275224640
-601372800
831510861
914536346
33285768
-1098750062
511921550
-437702216
482802139
14885957
652837165
-972568165
-2115078484
-473719562
1136583565
727971523
-1656662711
-2066590720
-583940952
-2094379447
-872301015
877196932
-980878453
1809816134
1132451720
-1778852757
36306948
-1845394571
-182757323
1397818540
2138729368
1507176727
273347498
504435146
1201935802
2049999638
1168503645
210832032
-251510982
-1125463443
819827029
-1732385952
-630095621
-1555029050
1213786111
-1368976679
-1994165783
356898916
1761577793
-1401309193
1613903913
327444803
-387178801
998904720
-1254131311
-1908660099
-41845315
-1697359267
1781358425
-1809873682
-168671402
-1432763
431464723
-2141983717
737404203
-590219807
647875288
980706895
-967614866
414367036
-1435553085
14635270
1035177088
1216160474
488395171
893049743
-1742633785
-878635525
1350071019
-1011734036
765807557
-318897376
-300814355
-1457044996
2076321126
505446350
1769368135
-508287269
-1455745384
1791520401
1616624029
1503118985
1134914593
-119611581
-1266843512
-313418295
-291743060
-307023986
-2088067891
-730253749
-33158108
1221275566
796714705
470606604
-1425297852
386551675
1349055564
-624599299
-211069330
-89122906
-8728003
850538978
-2048667972
367948610
-55580131
-918749315
31957076
1658621318
-1121089961
1341138155
1975906048
-460109871
706128374
-683718579
1917647358
-1634956307
1723543456
-1487487319
1456690707
556727959
874865602
467725331
298988774
-1056713153
-961901044
-1124138489
2047626634
1101847051
594943519
1805959193
1877097052
713870625
1464758149
-1201857841
254697486
-244004315
944593121
1266150605
-1659915772
1003311872
-1992951193
-218163661
1537992670
1088035043
-1850441843
1741925954
-1385760683
-1272725365
-630470654
-29742267
-1432949430
-301783354
830483423
958833838
-1919392484
1845356853
1536020252
-116878466
-1030138567
2002532178
-2132002748
-1058556694
1874125303
-665047116
386408044
899281723
2018795428
-672707183
-2068340127
-1795917579
829870299
-2131580283
1308387104
-598191557
-1530825191
-973399919
585776522
-1055047567
-1554955633
1050302565
-1516218536
1885578275
1617840697
222490593
934163788
1627431204
-2067825362
268723417
790414504
-674897670
-441564102
621928472
-1176018973
915969913
1603195561
-1897825113
-1422416230
-807293523
-451198619
1952106319
-613261116
-333760771
689751875
-336645541
-1974279894
-2065853300
1761583769
-857767519
-466248939
571534050
-1245476845
-996314429
-259399864
1494076875
-1652315450
-2023152206
-2106723280
-457030017
-1745964667
-952235661
1962409305
-945907710
-189256333
1394299173
1843488292
-1503697459
-107846183
116405570
1785840567
-1274994514
651726137
976520485
-2032049612
1703075308
1543418787
347753675
1060827436
1708981421
-2141320634
-1764912419
222757718
972176796
-280409015
1870885613
-394046085
-410505018
-927047461
-1301669888
651366580
465444292
1606912649
-1595974836
1572109271
2068302367
-839927858
-1821635774
-1348743122
1529070063
-1923954448
1759387342
-556128918
1641744069
1242291977
196892892
980592855
-372094774
-1655633821
-1353572322
548377552
991104552
1772936713
1949994764
980129140
1215655080
1035724442
-1925316564
-2145672295
-545703525
-1294151072
-1597662573
-1980733696
-1515727874
-1130371936
-1520655702
237352650
-1337594664
1840455219
-2131782859
-418785493
2108617191
-858915499
787825297
-1666355363
19529339
-117905732
-1850828740
-2016908586
-727550304
1840876524
-1972529510
-210814532
1840033922
-1502682423
-1130578698
-1661524840
-153006067
1908179565
-213121594
-65034422
-1574946605
-745637573
-2120678094
1954678588
-2047460813
-1959006156
-409211945
61315290
1584322998
-186634359
1339781575
-264607679
2051923900
-1637427088
686157268
634075446
1061325399
859924538
-1009902322
820187737
-1402959242
1384732837
-819044727
-1748645991
675884869
196309358
389900131
-1464977430
1781621716
-2094129366
-1028934908
-844877259
9921270
462283606
1907438503
1133983120
-1740290709
1049113004
354879258
1701347503
-798241215
-466727240
-285133887
-146660199
-546104970
1943995305
540586464
1514147486
903155938
-629195924
578176280
-682934905
1932512083
1375132918
30599730
1096193551
-1812186631
-2014284063
-1794450149
-1104147822
238536708
-1699770310
214727471
957352452
1461047435
-608521576
1033668025
-1237554653
-575140177
-564952719
123570362
-1028439824
624651264
210268840
975202793
-1859821221
895013151
-1504641943
-1648335877
-170954948
-626008925
-1814148039
556593700
-2009350518
281781312
341302088
1130917852
1541829062
-1102060506
-572754935
459960550
1382058936
-1715519322
1612020996
-645851763
1243998301
1899068955
1093901546
-1799561424
-668643041
593154823
-351728663
-710489855
-1103552442
-1162626948
-1268308415
-1120360183
-1849546834
1319296188
1462375447
1342971247
-1703031110
2021727267
2125896329
1110739448
-1513383032
1432986693
710633986
1417472465
-1658479771
-1471765165
-733446706
-1609926260
315776643
-877840958
233070832
233930088
-1794213143
-1222554579
-428839885
760850389
-1990800726
-2121993350
-1502981762
-391912394
643553625
17046844
1915390060
-1998878232
515519675
-1845447080
1445228572
-1831257214
-400911170
-1332157974
1076247109
1662907998
-1390932310
362511977
-129764468
-657385896
-1015429226
-27436792
1526349081
-1246473771
-2026841572
1629729631
-909472921
-1265831418
1147298640
603914058
-111411621
1504824174
584116973
876279057
1095313048
-1906197855
-92824879
926377928
997477393
-1753306803
2136799659
-1127252999
-1941894690
-1752866946
550116594
-2052381569
-475311277
-1168464611
1500415512
-550434380
-970901937
1544189881
-2117591297
-108183858
612757201
-367110007
-1347810901
-995923578
-1038475312
637269681
-197904583
-2062991366
1986938187
-1911703100
-1204225520
1284538579
1849799581
-1886719862
-584251563
-1867134550
696367126
1137551362
697408420
-1631850585
1807855304
-1367314775
-628115716
-275661205
280895902
97421308
-1535728646
-954580689
1963607217
-1754966980
406797897
-380765651
891839454
1958604913
542682200
-164778946
-1874651757
-1827515728
-635797426
-2115659068
-121223447
1473341087
1988326458
-1156946999
-646679304
1167715897
1940600207
1137105000
1921361765
1341926094
-1950288946
1315207019
-450691009
834572877
1037543044
2014211637
359331083
1784812741
593247863
-800504862
1498907933
2019997225
438384156
-426274132
-425656023
-1231454125
430847307
744911760
1615673368
1874923851
-1170621387
-303923152
-1622926049
1166952904
-1617032811
855674619
88095502
-1307910154
838447141
18058634
402819301
-31991175
331321171
1459297613
1628861357
-1876281423
1359029044
1619842662
1173107076
-2070657729
1090084792
1804883156
-1176718856
1754164168
-527594721
803501012
-519323752
186282744
501009323
-1363780733
1565664968
1057522121
693001367
-499563321
-2036140587
1075142405
-1558602169
1728059248
201075273
378385929
339899840
1411925657
-903585921
-1185258549
-222843047
1592233812
1065112185
-99217379
-790079309
-790332027
826560240
705468210
-721402395
-1869096178
1948441004
1443432289
709572092
-1372361428
-2000999402
1776236329
-2092873054
1751950368
-487107318
1072314228
-1682520292
558899473
1486033650
-729209312
-741062023
506279472
-961430769
-1908923206
-988022520
1828111645
-2145730022
-797214836
504580362
-949411959
1532869131
783225049
376465064
-1894068709
718788919
1546456166
-1742380250
-275226217
1168268960
-43917508
1754440537
587838013
1628596104
1502429100
-2083700394
-1260310162
-202896825
2069563795
-1048750741
1123824021
1876150878
-277896481
983784019
-1566226364
-657016373
666346577
-1328340828
-765972835
1165155230
-1056781692
224789900
-986135565
333880267
-361860307
-1995611972
-1071311184
-1459130302
-341562717
-179741277
-1134258312
972879677
-197849694
953660383
2138364558
-463526184
-1281162421
1232138992
-459895945
1968136678
-1288367250
-1352510162
700675804
290293249
-2000397044
100486652
148950708
554125026
8614167
-2051717314
2106526882
-1133417741
-1818618501
-1252572664
1915426459
1516223778
1988867169
508448407
833259979
-120993800
1291778993
-1214050428
-1841868871
-1103647255
-186552103
-1953252298
-468917848
1353954029
-1186333491
2005227160
-77865408
-1353561265
-1305889714
1424361483
1092539757
975946692
-1056284563
379836830
-803901817
247453374
-519140526
-1587922052
-557232973
-714292478
-916515527
1066143653
1473402248
1160296312
-647064131
1718037472
-1396294155
-968513471
507186521
367625968
-258375327
-655040242
-348476630
-133200635
-906615021
-373233489
-114775303
-1321855115
661584339
-1836480022
2092142457
-1085103189
79435217
-2097736306
-279036724
692970847
1536684230
1561801158
-637946037
-353484793
1252147289
992398002
1513458310
-7261299
-215981373
-1481508813
673258633
-1514477503
-775344715
-93590266
-581406367
-1703016944
-784054408
128860948
1111171806
-1121105162
-723292586
800078087
-2043375463
-1662282575
1906201144
1115403552
-485979080
-1446620746
1354753168
-1750130361
545785328
491883880
-985775496
-1300728733
1648721227
-1703146617
1352965403
-198771477
1142503979
616900326
-1324825516
796311741
2025951758
2070243168
-50579564
1838253614
1340849554
1754661644
-687677177
1089395297
-222952901
-281887057
-837296391
-1963087652
-8113036
-457907854
644546422
1696020568
-200550957
-633524268
-83373519
-991649576
-2029169759
-665968159
-2000587610
-1520627972
1988372888
1832306852
2060221570
-1189844842
728755438
-1455286567
-467491774
-2047400323
-168524910
-1798995738
-1268638183
-284592223
464522165
1583687692
-1785417450
-1685257889
-754370677
1385366745
1214841990
-313405162
-383704750
-1280195359
2016066966
-1221831942
-784344173
-879013971
896291645
433283624
1547911591
1188439794
-2011186088
-1509505543
957074556
-960227835
-167158762
-2146455398
-1940164712
-37231474
860541077
-139324708
-1823030690
-301531013
511281101
566155592
270072208
-1807264968
1921990316
451176054
-1479576299
1673049628
1832963715
-413409634
-707140101
813480486
-634786656
1709643887
1673023678
615954152
956481595
-1619245281
-1302302774
-99003198
-385977707
1295626690
-1826080194
1065748051
-1547690658
-1123218465
-49573134
-223992531
21347158
538919744
-487627845
531408327
33488695
-1378953462
-1595627283
-1192585545
-1623182126
537922572
1972515104
198172448
1923059832
-1280601509
-502000329
1955917928
-1798467429
-1387696098
1913400477
2086756142
-1168157260
616514981
-1215364654
-493971589
1259082854
-1879687488
1464666917
535109687
340592098
-684833458
17836994
1571168733
1298233997
447301908
-1952333585
958014578
-827395360
1193455823
296599442
-898025294
-1416666480
2377867
-1820613130
-2104491892
975045102
-1232387787
-6404658
-2134357295
313872783
1000674671
-1756910983
-361548249
-1495845841
527787939
-369188985
-1482813629
-681426222
1479748954
1682414459
1218076246
-360333525
1394392014
-307555630
-51062840
-1927821246
-1196979779
-526420156
-1474419677
789034320
151632511
-763533495
-1396460719
836811501
1063831131
-16199202
-586805494
-1729151380
-220605419
-1836969336
-1365417849
1725791109
-636119093
-1696708199
-439083653
-1430101963
579521280
-1124698959
474681411
-1461206302
43487737
1232145287
133771099
674977473
845374023
1596073193
386725908
-22019461
1012416165
433743872
-1384365949
-1559528178
-1496097789
-1923265063
476755132
469128433
-242056222
1891333920
-916556992
-924662405
-203110430
-556393939
515734707
-1950286203
-637904232
-1449341628
-276436270
12436045
1763221925
786903320
1356735139
229801373
1093981443
-337625199
1547269613
-474202580
130596770
-1089387825
1470162922
-186569917
416970035
-1384728467
-562624198
-1543347037
-244772542
1693033737
2131304219
13790117
-1090661494
-1312023548
-139523625
-2107213149
-1404949116
-946864250
-1537302915
-612667754
-948923071
-275039036
-1968281645
166536960
-159436423
-797112187
-1047592310
560562188
-482299165
-1399070751
583108787
-430552334
1084812998
1539068235
1770307698
-1686902624
925372111
1245499858
861536752
-784569706
837315109
-471653725
274598037
463035921
250108858
-1294202158
-1346296969
1065919851
-911562268
1582721369
-1381140211
1089143745
-523414741
321839968
27349543
792542934
-880815004
-1129205058
573480994
1084685110
30358526
-1882433345
-1267715498
-1277643106
592420507
-1872676569
-845656365
-1260092261
1074774242
-217357961
587440717
-1512869520
-650311021
499187822
-327763116
1534308156
-693430565
-475573806
333153479
670691676
-36473368
-1001192849
-1455983734
-1580033523
-753437760
282873952
2011847542
-1952080298
-1336477618
31353740
1188110225
-715504604
294442174
-454174093
1860612478
2065047222
38933001
2122966826
1857098807
-788206277
1798247635
-1152821084
1265587704
929906616
79342196
-2143093710
1993913726
208668207
-1913367725
1270268748
-1869846927
638545405
-1136107909
-603686511
1750378781
33272195
998353511
-129411316
-917034648
-546652663
332799776
-70389064
-1451763456
-64367650
1501050249
-268281531
-1429030701
1868989635
619257849
-664908772
1921271236
2090775688
1391224842
-1537741663
658472091
2113765367
1471616432
-704424009
-1632917188
-1721422351
-939412595
-468585080
-109873893
-1530622249
-314194814
1276150149
-23992081
-547852757
1843691145
170856108
-1241426523
1281358454
2138955457
516852744
213604503
-2099951765
1318873802
331582846
-1623691523
187256396
-464833710
1006001349
-946811741
-367718260
1299246064
470062774
1346857436
-1534607179
-1440469968
-100083515
2145615030
-422308469
-237359634
-1309588785
-754200210
1992108913
361929959
1393938709
-1642416602
1193646092
3689356
-1219767672
-614961708
1529451558
546824473
-1279000762
-1149936003
-1080598572
1422578918
-53152924
-1313050973
-1152957223
2114341629
-1616113171
-267827716
-1828267187
-895310356
-1678044117
-820681372
-488541063
204071387
-1135032028
-513127917
-959852539
-1249375008
577751399
1232474130
1715961684
1935306897
-327277816
-249346070
604805935
-1693499174
5587432
-97782881
-914444384
-430906351
87660601
-445980964
-1048051168
1683302471
1307953984
-1276262801
1941214708
458881505
1332570205
-1984036106
1391497939
924741478
-365468088
-142824742
1618211276
-1631568231
2005464732
273309564
96572518
-2108494134
658336665
1413626286
-295818744
-1878565784
-967821787
1884457317
1162184603
-1894817317
-1226162156
162880684
-1586801299
-1261258352
2104764072
-1728708134
1509832536
348613972
1295194459
-1919944441
-1393372382
-1919850778
-82943781
319228091
2060343591
-466487866
2054672981
1377790440
-1610714315
-1052156333
-682511626
-1747435750
-1870217802
-1174813164
-1806643282
-2026255636
-1666568428
-954461867
-2013147850
908859837
-1632038568
-1351842314
528806996
-1750986076
429027860
761153406
897842781
-642767968
2129800323
-1935540106
303670779
-739967725
1251144174
1063079156
1436221488
1823346801
1572729936
1960163957
1890509210
318293556
-195553475
338391280
1344263160
1457299219
857131775
49076519
1050238956
271168626
-1669007871
1108202559
-364269822
-814068709
1109561456
-245213037
1953286640
-182619346
-1099966946
-1956280380
1968633631
1411109974
-2040581462
-703360492
-1259864726
-839434947
-357086242
-617743628
-978759899
-1730640063
-694104489
1336349402
-998940320
-1662593177
2117197931
-798311848
-945376405
1908304271
1887657798
1065861738
1538345629
1638685417
-352695722
-383877617
535930449
-2001197145
-1858993943
1353603354
-911708111
-1327837196
1687827987
379947081
-1530237770
776919076
-1163542827
414394006
-20942866
1709414444
513121914
646796237
-1498719616
921800275
1186854212
-1780340642
92037869
-1842042583
853062984
-196898188
-294506728
-1582515016
-204193386
-1437896635
-1567653368
183736057
-1278583908
-919176277
262701547
-1199872119
682492619
2030689011
-772810147
-568365412
1678060154
-1438618891
767377130
1973167921
-940742133
943330916
450564561
-2027724665
200870731
-1837576601
-1690225910
1016330959
-1922819298
526121064
1090468746
-232506590
1811374171
-993762005
-898062139
1623780021
434724084
-1760025311
-1388725132
1016247626
1466678618
1857998333
-556526440
-2032239895
76929567
-1264319097
77479870
-1462990641
-1673318436
-791190095
-819867261
-1455559257
-2105085612
1480461799
-927483046
1775656183
-138143783
12285355
1888152972
1802786268
2022413806
-75738016
-2009758592
-1015512838
-2141679571
610775653
-223541700
1934653869
341622891
1499952997
460747819
2051569283
-1710397671
-1250227732
1298347296
-1310030610
1564700397
-1617177538
-1532748902
-1234613195
-1043880256
-173751708
-519041975
-503346260
-2041694791
-991228538
-1890580271
1259128868
963816875
1044899968
310026957
72015012
779640763
-147332690
-1748690154
-872455592
-441919674
1051594250
-74403516
1304896457
627351297
-813280903
-159455372
-104263858
2073605217
-1922869151
1654636107
-821994302
-1114813124
544872062
679030075
-735257994
1948832687
714465014
165108484
384275817
789331010
-1061328470
1900632702
303124662
396106314
-1299031602
287731604
918388813
274470542
-1475733061
540287123
-719602971
1530440749
146284547
-1798989916
-668936399
1958039486
315552198
-709814121
780675153
951280825
880703043
-352284959
-1991799413
-773282540
631992241
-2096203801
1913145658
-1654530255
56962383
-468669059
-18754810
1775840758
-1220818247
-1574513496
1655904596
225775421
-1008037763
924480683
-834017792
-1778910097
2079279598
794491457
-45131191
-1648465557
383820855
-677369050
233551372
-43823701
-857544014
1145163228
42130997
-188638295
1706800250
1190889899
1561220722
1888176767
-1476765890
-843037976
1789960744
-1709910579
95695704
363886458
258556074
-545368098
1420897565
-1132765287
-1668302680
-112090611
1893066614
-1330981159
-1674615067
-1572931739
1314821039
987124071
-1765473236
605572487
1196845711
1186554257
-75884924
348469200
-1310383448
-403795573
1007272354
-1930960710
-53676049
181900655
1346218654
1519236482
1913198734
-750249595
-1733762327
-1429428213
774212344
1478013124
405933695
-136828158
48685374
-115628135
1197291864
-1272492990
-1637266015
1145421542
509153315
-789081736
38005863
1266225996
316305462
1695447818
-1045014799
-25119571
-1744010561
173396276
-1615604723
-391138836
-1869949121
336404340
-1895777911
-276914954
666775865
906822184
751555336
-72430842
-1202979546
775891572
175563288
-248851164
-70016853
909655145
1256098690
-414180114
1815353869
-1844515997
-1683798556
465918362
-481844508
1029568690
-1594221187
-910266054
2057980430
638908539
-878354104
-1764875710
-50611994
1620443360
-501052085
426393927
-463759434
2010949470
2031879728
-1806725367
-1713158807
1095561335
822245908
423520947
383178372
613356944
-392496482
492430432
91393879
1858553115
-1685314477
637989857
1540967791
1271316728
1506141993
-1631463491
721130574
1103494936
2118435929
1799086200
-191483555
1393406051
-227895943
896805912
2044898081
518967772
473182409
1638012388
931327917
-825742335
-499876148
-1846518162
-36374953
1054467191
-1649224422
-1770762284
-1905112914
2072905190
-1697404300
-356752830
1533716139
1424433698
-175114215
-1643764550
1644706341
-785091958
-642720681
-572297705
1155468682
-1338172747
-515222940
-1055712690
-690964021
-552963766
159978350
1372706807
97025944
-1131187410
1448408303
-399783413
-1081917491
-821443355
864704582
1579155951
-134609109
447407665
866287491
-2064443983
1329406283
-1543603201
1355537282
85874320
251193038
-493562749
-68114630
-1122145343
-440616231
-2065233503
1312515158
255087984
716172224
70018446
-1299313403
-412869628
-957912320
772730295
2119831310
-1453019225
-1924493197
610482145
-1315675098
2128526341
-1373348674
-291115631
-2057151611
-2138540973
-1553862899
-935091795
1976625334
225745810
-178904574
-271197086
95521710
-216838892
1223001066
415924552
-371907040
844646719
1987911217
1620636612
1938706959
-1686975856
-664158185
217750958
-1360392796
-708892958
1716306084
-2016232397
-2136551359
-447037200
-1647940647
1372296955
1071602901
-817426920
624791335
-1402108531
-2132810382
-1735347103
-1204889307
-640260366
-1896786916
-1061419841
1810235516
964587416
55561442
1141396885
321775141
-1730055815
-314655438
-1422917254
1185162966
-2102263172
-1686238103
1013124671
-516960327
-1850858213
-1618394710
-795426767
199371359
327374661
-2143112464
1898225051
-310127629
111815557
-2126900891
-933779826
-679504974
-2113941406
920577779
-1272003357
788505754
1348872713
2078595355
1233631360
489252449
1410949673
-97991418
794166235
1068411304
-1762389474
1724057817
297639100
-1834284176
-1530303663
-287011251
-1407097530
-1053355060
1838088669
383871613
2075242807
176294872
-595190410
2141529858
34036590
1088339689
439268486
100272188
-853790803
-700540155
-20154984
1808655602
2008657056
-514202475
619217657
-80452835
-8166882
-277155495
-993999716
781168128
609382317
-338846053
-1522535362
-1908016772
-873732277
1970501287
-81279030
1677420193
1702107243
1823488377
-1513562627
850206088
228394813
76135608
1614434637
-1148997537
1336841266
745625315
-524479226
-1241506876
610998207
205277641
-1944747850
-662177705
-1766099360
-1491869634
174566859
-1047875190
-616959777
-1889717493
1154059130
985847226
-882690859
555993382
-662188831
-55323773
2074702193
-1450080478
-45542033
-373966769
-182619016
-1682857496
-133363837
-488258512
605950860
-865892185
616241491
661382895
2109629872
876476936
751784975
1022524005
697798922
-445531994
1508991301
-533803512
499331307
1891537597
-383481210
1932416968
1258788876
-2038124255
-1929015478
-435839461
-133205222
321347952
-982158064
-1699008682
-1072001163
-1214918774
-1755400759
1209678399
1546504755
1394696769
1647603830
901618655
-1180406934
1376825165
-660504561
1063089819
-1234865746
-942065022
1758960807
460760709
-1104965160
-1546030012
-179508532
990160623
221703945
-552621254
-1833394893
-495207103
1762381550
-1612585663
-368735083
-1866826484
202493508
2044056483
-688133677
1955002718
2009815454
290936456
1154575968
899495767
55930470
715080620
585215711
681162236
-1145313247
498295889
2076603402
-1369170101
1978588662
-1684808073
1243758038
-580159858
2087834736
-516326070
116217044
373708788
-987379838
-682914596
792202714
325000540
303780043
413875476
425403362
-1250100108
1265266204
-1990344731
2109295665
-226987518
65121334
-1707239742
-1815910213
561680001
-1086932521
-814824624
-1289552699
2114713583
-1031887113
-686239907
285525964
1244771557
122967118
-559620080
-1665684827
-182250265
729274138
-1108522910
-1150141723
688212477
-1038494434
-1800450356
-481056638
-2083616894
1571953901
510073409
-270870086
-12862917
-1586430360
113834591
-1202134733
-153014869
206514052
478838496
-1852689821
856666788
1706559824
1147212374
957626417
416095009
1762068790
1514343447
1492857308
-474472621
-1311767936
-833393291
-1472300516
-1147338759
-210772962
1018150450
1415027846
1040284148
719992485
-1227178958
796581172
960749338
-152734053
435540594
1222514340
1951557706
1457958641
-106525896
1962217952
1623004351
1157836752
732197260
-1604797217
-30037335
1951776152
1589581286
-209657045
1538698489
-958286811
-655152600
365841603
1824742012
393124435
639690958
-1377999038
364907051
-745870908
1264925539
1643633983
-1300006720
-1349710112
-851815370
-2013413385
322362252
-699013860
1201385294
-1098569943
916704391
956838783
2058661530
1266248513
1936483240
-1273172638
-211794580
896622008
1822101879
1198799735
3368744
512107450
247271136
-1971351285
-1993134792
1474991880
-225216951
1151422863
-319625150
-14855905
1049909733
-660420012
-119172963
646825114
1781951306
954827925
-546223616
-1506866988
-493418431
-585026630
470478460
-1426506799
1488175324
-1314929701
529192107
285515357
-1553093938
-115520382
1951089961
16240245
1545475574
1655827380
-1917562045
-785071130
1223259708
883412274
1625296110
1405514548
-310995296
-254811652
524105211
768293565
914188688
-1796469738
1472594567
-1573487076
-1207825799
-374750579
1925416119
310776786
-968506209
-791383620
-160579163
-223450845
1203843889
1343691723
-2092719723
-1001750467
1209519767
353959288
-1393217685
-28627809
1915124495
1245264665
594402145
1412641208
-548148105
-186000927
1580446964
1084499918
1700983659
1877641570
-1238642657
-723891423
1467221906
1487405394
-1910289973
-940336816
-1142643915
-267585647
-1937793147
1740693754
1284523025
945681002
-1620029839
396732328
1256203629
1133083416
1814490494
1391856105
-1303115923
871003276
809121498
-309331522
-1543530584
1829935725
95138984
1902083896
-652390663
-1492161440
-582023952
-1068245153
1804654738
-721679991
-1949505321
2051394902
-1908386218
-1411989424
-1838443761
1538066876
-1244850586
-1464248729
828959120
-821685164
-643199492
-1711321844
357215879
363779047
-1760318088
1171629451
240370831
-1207216024
676848056
-161224185
-1467153890
-1238230183
-198027604
-1602847112
-826062783
1014063725
1751732008
1905163767
2059653259
1341499503
1762960891
-977557447
-1673861558
166932578
-1196176319
-1997986984
354975484
-114088216
-847980299
-1836182055
-501127679
889648615
-752583222
-1707123478
617279377
-2018857367
2020078906
2008015595
-345348369
-213275453
1180646878
-1115596241
-935285794
845601529
-455133440
-1407229949
-637684908
-727960224
-396856722
-2063905810
52354925
1102804357
-1032269935
2132750138
600203938
1771308877
-1461505091
-663566157
399057466
-1002394531
-818285623
-1821019986
-1802253312
-1205767749
275628770
2078032204
1331630901
-1781736523
269236892
-1380712705
-818526008
1502440449
1147555913
1989838157
651346628
-475077083
521685902
1738259412
1803667209
-1624181223
1610748466
2088392589
-277746370
-1079304918
1347935545
-1964184492
438316037
-1517811424
1298180913
-1378086233
-1335097999
1098693026
1576600523
238462381
-1436711244
-813557799
273014956
-2135073414
2115964700
752739412
661442437
-1367914095
1767379520
-1104011477
-1595694752
1754591146
-1959442058
274222694
-818201795
-392162636
356386951
2067809951
175004637
-550345188
-287463003
1465932261
754346716
-1504857777
-1971108708
918491363
2121639173
-988534914
2057905480
-662908351
434584033
1229453216
1681438023
-1421468599
1933258385
-1411032899
30854382
-25348915
-1739777571
-509962648
66035584
-176917688
-1333654132
-2112495220
588822173
-905934525
910901493
1113123179
-657280777
1849453818
1670402262
1119781092
-48514996
-1899050433
1457334371
1499386868
1222566543
-509928035
-262346846
-1052577410
895218280
2126962111
1013734133
-1499419314
1382427359
1302157075
992204792
1684282971
1611672147
-899474007
-907963507
-270779060
-683278160
802437473
-1831156428
-1464572099
657847520
1561751621
-263509089
1438435522
-2038715006
1234916147
977258117
-1902119637
-2046250791
33812671
-1468868170
-1077662199
-2080346106
-1378725289
-897806993
-1401217295
225268089
198387623
687652847
747311487
1108831909
-588495811
1335352393
2034818461
1830615282
1889719152
-1024865668
-735438331
2054650360
-1367972226
204426432
-1993649917
1821926121
-1453571852
1872191010
853425535
-654663859
-914847918
1194550866
-525315014
372121333
-1981205522
-1533651269
37363032
-1262646487
2001794584
1671431380
946610717
362650403
-1240572034
1928549813
-545885445
668515265
-1360133166
-949285139
110365132
857800309
1290563241
1355440274
-575435685
-249724033
1351029670
-1004307304
1753953064
1659360094
-479617833
759156582
-1958881172
-830415997
-1405666466
-923095642
-1835830438
407667272
-335159725
-1741124772
19366823
1780352543
-1743031319
-1557000134
1075065164
1800313870
953915599
-664036047
1825121418
-2030370470
-1932109352
1999050571
-1154917842
639366274
1523510237
-1012462665
586905622
-705115794
2040233441
1769439525
1986815475
-5075736
1059948919
241306196
-1256444337
-1097241781
1126450528
-1527255576
-534156335
535121529
-1824448905
-1862895744
-1339046208
1921378066
724589265
-2022259192
175261381
-2008181534
597052192
-1306809525
-1498252044
-704781670
-1334596009
1149595851
-4077043
619940034
-1560663149
-1082354220
-437631746
580594670
-787216839
985782990
539035052
381110831
57700443
2122526163
-1077159950
-1391260724
-65527969
-1923462015
-1358914839
1086647090
-777779486
-1464652016
-1564159895
-505452504
1751801305
1355124902
-835182384
1100823110
-778808839
1479420137
1358747393
1610200743
-95351464
-1091999018
2128451759
-948085539
1904276052
-1573200688
1759502043
336707365
1518219699
1948868092
-454626662
-1624294949
-2041176308
-1091965749
419656220
1508519471
1679353700
-1407728937
-154689047
-208882663
723226139
640801267
1236864620
1959065482
-1721609207
-775737731
-159628875
-213928733
-1960317725
-65252619
-1092644486
587827370
-522705181
2094672083
-1917433506
2039023226
-719656792
-18951532
-1262111371
-1399928005
1727441242
572470037
723112199
1712848531
-1830828271
-352809435
1127194004
-1909262436
586964855
1390878292
1254057496
121436375
691703467
-223366127
1641116304
-794085537
659634280
1687925235
-1469321284
1493213537
1336000358
2005400150
-1043263707
733288395
-1737273601
-1099128278
-164584607
-487977149
-412706026
-1383301881
-803160939
1377029210
-544523724
-652683645
-1771763398
-1384272127
-1217528333
830926024
482672420
637747515
1879698847
809107552
70062272
532610324
939247385
-461501102
324498077
554368465
1106389502
87851379
167589165
-1807806360
-934096631
-1877638155
1767421643
-312813774
-189825611
-720526781
-1580289537
478278878
1579907622
-257362415
-417108991
169570984
1755108681
-766895954
1593165691
952423883
-45957831
-1019447396
949108627
1465686068
2140969956
-1992892831
-1916006616
1097791607
193190382
1587300767
1118505050
-1853139706
-1620808747
277763938
-912203696
-558397793
-460419755
809887929
333509429
395963910
-2107748595
-816068473
-1516125054
843720948
-442770847
787770266
-457195646
-767319473
-566128734
-312533508
699202579
1173647770
-1996266900
-169201271
-955118679
-1240056402
1774524495
-122486335
1346376344
-374991190
249777585
-984489761
-1848331887
623606567
-720542478
682574378
1727300461
1783495856
-1632844847
357610890
1351168809
1757165424
1522008846
-348026787
792489521
1918767405
-1013517233
-1029431413
-54970655
-1778945163
-1448697273
389439191
-514761912
-201329386
-1539657964
484749688
-1866656722
1959208658
166442216
858556392
-1081667496
876902227
1540918507
1204313851
-1827180535
1785520732
-914710432
-1104370638
-1133218612
-304619711
1779148806
1912474448
301459825
-48217447
796753344
1277110574
-760969644
151324465
1139467383
1568434123
-1497967132
1092170306
1869769279
-1785026649
281107811
-1777252634
-1344616264
-1772215728
-2124673558
1655700680
1467115446
1338270268
158024112
-1908724197
-1148066268
2124768217
-1400714869
-1937952563
-1086075611
-1103285278
1244516021
1592135419
-904801925
109092596
-1305703213
-1683795289
270157612
1985267297
-1186650061
1773951143
1838590818
-2115326398
-1974131627
1873567456
-1759090542
-1208149806
1042628268
1943191988
2143238369
-1916779782
1146728869
648355000
-1219048766
372790823
-453696536
1964393130
812616675
1604625251
746899421
1096827041
2028781129
-436536413
-1049596047
1485758598
-1842332743
760199517
1196529689
2131451586
1741065050
263999326
836809494
88164152
-2129908329
-1860210471
-600297989
981446006
729891402
1831806658
-954138772
1991848998
-1624314602
-217684388
1913961511
922261450
-959177708
-774046447
48068680
-1014583128
-2000317263
103933313
259782856
354033666
-171480363
983390684
1367406918
-1355277174
1323583048
1560360820
-913405430
477172244
-1263986095
1696827277
562219589
-862254963
-1083034721
-299351689
-1407352163
-1596520917
-1813987219
1042061790
-1106877463
1145954533
-27380000
655848288
-835588551
241447717
520437171
697812064
-1627438056
183265212
2057173781
-788330983
-162959852
-1848045290
1205202385
649265398
894095998
-1319043154
1471788207
-1625060833
-1982208659
1722403779
2012833818
885392983
-713927415
19187275
-85562878
-1240873468
-1544669691
253068584
-1499213821
763727503
1208415341
1165524633
-1997485114
-585112338
384699553
502491123
-1853442649
2094591358
-1295396704
2044742543
-931488360
1420948757
-840778359
-987788794
44860996
-1134823593
34743647
-1788069221
172797559
2081928776
2043359500
246521592
-551449412
1036465955
-1239187800
-778592739
1874813255
-1931888535
-1211047942
-2107147627
-1802730987
-55020228
-60424898
449394666
628868433
-1326724627
-445652952
-68328614
1578675705
1167429074
1219668777
-809618486
-283689279
-1554598307
-1478229776
-1578224390
-1017931977
-1669097623
925229107
-1804996103
-1370767577
-605334313
-999491666
1091916507
-1512029120
346839385
1529460331
1142202794
1724812791
-2562419
1195088964
-915641702
757205930
1431048781
-995455322
-37573761
-1643667191
-230636219
521811351
1337919107
-515836751
-12480827
1890034937
-584127469
-601127655
1763795415
1143068175
-1074925543
1361684401
52072340
-1903053504
836877936
-2105944504
1546818227
940492827
1616667284
-1318392147
-1126793118
-2144751717
-315697511
547506329
-57855400
788925099
1642138974
-65878581
1473871402
-1110344469
-1893471230
-242073483
624430558
2011028916
-85662059
1005386710
315207101
1434506074
296891410
774699815
1576280941
-885301584
-140915315
-674929989
2018566718
-1898964272
815574184
1924155233
-1696452413
18298139
1014168907
-460353524
-2030267483
1523278206
-202033517
-1983394378
-589590093
1283149559
1934184202
-1080676992
263595324
-1702928297
-1842184167
-1903105763
-1214746976
-2054443703
-19575622
1947457905
1200454692
-210595950
-1775714447
2098270068
-1946338554
975978649
1533612924
-1177053348
-1496324655
-579056854
-1267778231
-153040389
-165051406
903206262
1192494631
-1395208091
-1264234870
-777255074
-486756544
940391893
-2011033979
-244576016
1721388999
-1211178032
1269680106
103978289
352608877
-160283509
1798325876
-467239652
-1612040680
-1906817143
962158434
-276859157
1952331222
739185800
-347014005
-18963052
234437647
2098018461
-688634700
-754695018
285435130
-1692960355
1095529765
-1286257676
1160975442
-928646209
1621180537
340795521
-966122936
818126207
693225142
-918520738
-1696308293
1328328132
1539078813
-1988805695
-2050358875
1243635780
-181434302
-348837385
1162564568
548054055
1398837470
267020971
1267938027
1147289834
-763113501
1170029416
1966601582
1324440966
-1895301808
-816133796
-979202972
-1333996080
-293764794
-886235298
-43617550
-966720989
746900699
336949297
385639763
-134163141
-100078546
-1358282486
-1224928498
-1680968605
868787643
1863268431
890781803
1065528787
1384233712
1947505825
-1781003486
-571805358
-801694208
-710373348
302466646
-653545693
-1136381706
2017801181
1250763201
-1563475682
-662937076
-810983484
637505583
-1487420900
767015229
1112803962
1666261296
-1131645032
857877272
1579482549
-233422328
1759621522
-1565735722
-191458630
405346794
971261110
1935476142
708326179
-986548891
702
1361574248
826909154
1376875806
-1702177517
1053550640
-1227665275
1669526463
1939103162
-504057940
1821918394
134534959
1754546798
-1440474800
-989703658
805355779
-1844476408
-2137472528
552709137
-1072901581
-1158704089
-1073518954
-698018731
516453904
-691281140
-1350325611
-1702876873
-574199691
-15642683
-765285666
-1110861691
106195773
1879087245
-829230447
382941826
1795448564
1244633458
207791319
2048547118
-589188400
164572984
726003694
-972118071
846815201
1555162237
-143843963
739421850
243917703
1361956125
1127928905
-751784212
1469312293
1958097879
1273257663
-747945128
1608233747
-139461072
-1697707180
-113164214
301343448
114158231
1926953393
-1536124739
-1073979239
1601178825
721217876
1400654664
-701281845
1985227894
-1819419300
859151198
77328175
-56956380
-221206109
113842897
12401152
-251670956
-459621103
1708410776
-918146971
-396319006
-1441874641
454083025
187403564
-1550657871
1043121914
460217864
-1831166279
390822791
-337286919
1531287481
1866899772
-1748398540
-1751537007
-1176492013
-415954911
591356154
1908651160
1529726206
-1635751220
-1377099736
807989031
1616333919
1079052422
-1616627449
531605683
-767369318
-540731471
1318963962
-1610638754
1363129176
-1586342845
2088535776
-1263149685
1396217738
2026733937
-1545559876
-211147089
1110997932
471585450
325760920
-347317906
133985102
1130196934
1649203109
1073662438
-1526530353
-1042315137
401013415
-1228751035
-2109694868
-1307071713
1845537423
-665711711
-1466047112
1464947323
-903370135
337235207
-521946132
1406263071
-254424712
1614261204
-1510061022
-1683591222
2055095454
-1780733373
-2100828451
395463964
-909813247
-2000037561
-401016948
533453965
-1591020820
1808959131
1072339663
-291418463
-1751414798
682670102
1127061818
1996323929
-1930910888
682428483
-1446000040
-312956948
56403380
-1167837135
-1148836879
36181175
-256659247
-251917690
613546384
-1231377807
1493032149
123878362
-1877200833
-1231022174
1737300901
269626433
-1037473132
-786749611
-279744888
-325906903
1507225841
133643788
1530679818
682208870
-1447273978
-2132528653
1515619362
-1319753333
-1806682214
-1946488231
-1722709865
1483154043
2097826699
-490687909
-450588770
1609649727
-782431981
119900897
1206559432
-1366071015
-1639684532
1383516110
1532640282
-346298152
213533173
1326208115
-637752451
1202126957
1894048118
-1745093820
-1146360232
-1281308482
295750433
-678138675
421780859
947954361
-1336442694
-217234970
131978558
659564204
-1473716679
-822579931
1497119721
895562964
-1081794355
-539701357
142445142
-709100749
1286724132
1676207267
1883552469
-1979251546
1687442409
1518844255
-2063646129
1123591478
-2017450098
810656484
458160045
-1987946578
-1133441462
2066049040
589335930
870047852
-1727845019
-896675207
259883462
362629500
1374511795
2109921952
-625825714
-176944158
209016157
773120870
340964057
1055980086
747458278
-1358186306
-1389470748
1488044150
-53993363
65684899
718411649
1208093975
1531942959
1071854924
447966843
-1203914915
982403920
-765856866
-214538306
-2030143764
-133842982
-1236352798
-1605000203
1672806557
1272316677
-1026831177
960368500
-1158243179
-536029256
-1928033206
1708740185
952469908
1009068368
-71843901
-850376979
1789641098
1736040095
-1766335742
591490639
132445039
-2130073290
-2080062070
-1761821869
-867318189
470453479
-474143299
819028903
-1617184332
-877667451
1146923849
462931767
-2034092273
1164814573
1063259362
-1503384110
-23156551
2083584842
37662001
-1980417267
1447995886
817118099
-786097397
1765489767
976266282
-1886672296
534438118
-1165773395
1069575607
2097011902
351360904
161927072
461815175
1299744200
-2097123328
2034928852
-2039773117
-1884155945
647080154
1546250458
1411947171
-1349727629
1151902349
-578009695
177931520
249081931
1356597048
-872690919
1854352422
2002585978
-1310148211
1762630936
256676719
-1067225589
-338395379
2131299201
1296282636
764538047
-1235969675
659628194
-1487833691
1970952717
-662699144
-2049560098
551623717
-803140759
-14924627
186603147
858701518
-1189248311
1414467786
2078664989
953785491
-904147356
91104786
1466136195
1784078758
-777150276
1900683020
797229009
-95243698
-339319586
-1243075723
-166153698
1670811390
1160631016
996795510
572291247
-1813420637
2112407756
-1709068263
1051987284
-238099395
2018536274
1992648697
-193926382
-1152327503
931910499
1083717433
-746666239
1935075804
815844227
-310385738
476607351
-558017045
-778804833
512292480
-341487258
-476159511
-1168355064
2007005061
-1807617022
-1185597799
804161727
1317089423
-1778591066
-1746147707
852251122
1111337839
-1923455752
656587094
-1673864506
1571774330
1052861770
-1857005466
3352919
1587986996
-1830554301
1782558867
1513077500
-784388277
147747006
-1222009514
-794930225
1299504070
-214910223
-801787629
-232734100
743065726
1494495698
-1630622031
-1859150857
212723660
-1200426059
-875788179
-362924956
103279235
1229675321
-1103169557
