-1686124704
223658996
509892194
-2027145137
-1636348506
-188453279
-1169988165
-435252613
1169706274
-1799053567
-143157325
585721130
-1674000305
862949436
51269584
-712620021
-1864148399
200071367
985009226
-1170437797
1054438165
1037917937
1136818382
1815692114
1616556470
-1589465796
1796761983
539940064
-807599838
112098350
-1766849988
-1833520743
897014525
1526760809
-142897624
1391181036
-1535421243
197522425
-362427546
-680352613
204987190
1991181805
1761783588
1971908198
-1449017361
-2000375000
-1430657573
1711975689
-1270547116
1917939064
1172476884
-1091956631
162256054
1208831463
565975533
1469269257
-1114166607
-229686447
-962076004
1466586818
-181025323
487200310
1036286772
104336051
-163687544
1081431505
1816821095
-365566859
-1565894870
-273710487
504368395
1303956115
-452040838
-1851258650
1033891361
-1568866759
-1435607496
-2039159898
-1013090542
-1987225046
-1556980214
-1725893487
-218176710
1743457527
-3419485
-381850518
-2009347670
-1329970579
-186134751
827446120
-1624916951
1896575055
-385978698
1290503941
-1979886980
648034884
-2015028342
197574932
1958094311
-1383718638
-2096898080
-191333351
226525427
-1219464948
-869522057
1788987604
534234992
492708809
-1877899470
1521117471
-171910467
-1120949994
-229926662
-544619527
-875299258
-442774739
-1982739997
1094878945
-731774898
-1661853146
944817293
-316241816
1421650670
-703804755
852160972
-21118975
-1046036132
-1673899020
-722730613
830760731
1433406832
520362219
747740653
2017564529
528892260
-1771800402
2122951860
1895365280
-1165250085
692298303
1789444838
-1047568647
-1483658204
977856372
-1033785683
1919108504
1126198463
-579220686
-1271841921
1184349621
-1483146721
1258241755
499094654
518070585
-533108815
737985284
-926226144
-1199012204
491472156
-722706581
302331922
-1068237875
881343946
1353557544
659121241
-1253122342
1966288039
1738880545
975829178
-1957763279
-1916262360
573403331
-417448612
1170715806
231918223
745559790
-1095203925
-632817833
-1851114900
-1228029648
-1885680514
-602372787
1137096550
544237365
1670196347
-1591283516
-2141409477
-857249154
1516999354
1894413349
-1205494012
-792635311
-791226968
-1450490093
1593787581
-1350510864
-655414739
-1149128517
-1232214779
-1240305139
-1491310319
425945968
-1802065631
-1016186244
-2041919845
1173040502
479418694
-1266209494
1682497658
-1632670947
-2075068649
-2074766003
1784563177
1270523409
-394331028
1407770076
503307789
1552473584
2016232020
2084603458
-1812344671
-418187747
-1584212899
-76337587
-1682123564
1590306003
-1084738542
-1415189140
-621344143
217235324
541315268
-607819495
1769914688
-353437629
1003468685
-350921068
219665068
1056923880
-652492911
952275921
302150053
2114471634
-1155549561
183395250
1657574599
-1505215382
-1321905801
1953126776
-842178885
-1461886042
1581901252
-657617033
-616290083
2143047139
-1887162771
-1829452535
-1702161377
1150584055
86679951
-1114021948
-379108308
1615597958
1381702190
-272970769
-595646256
-1417899372
703388212
1515778097
-1381926506
-604915108
-1931335495
-2118801269
1645070258
-1160625057
-648081276
1698593927
-761673183
-2011580225
1953432273
1570702513
-543373298
1671073996
2101043796
193966918
87868791
656773343
-1309590915
452719659
-1068542448
2045537126
-38492419
1213585440
-356894105
134414656
1608822665
1620885301
1985882952
1128518475
1473944542
-218122628
1767405410
1242659130
1501299716
609975551
1276008234
-38260309
648487126
-1000381452
322902782
-1026564232
603267264
421756463
344496014
993003596
-993622838
867029719
-2070186889
-1207129991
659147222
1569425244
34816304
1961619465
-1653808603
-662817624
-1866435543
2123513106
-1615969505
-1131619436
1433450545
-1392318642
-87389357
-238343011
740568087
1384755434
-1383070533
-1189013802
-1872463724
1286205598
552699717
-846736864
459071592
1812842749
772177806
751884441
1403039426
-1352597234
-868344336
257852242
-1853904924
1739084314
-1847070274
2021473860
379478022
-195084601
982807757
1082623875
310549627
-1749825691
-1108063433
636366259
1981948690
-1059549305
-1090176165
-1511947845
545561534
-1193588523
449323559
1609527225
-328243079
-1762232543
2141939609
347452213
1964808036
-785194569
1602860930
-704210280
1684820786
1184777720
1708458636
1641156062
-904759865
-1230889175
1317145471
2014039178
1060643099
-966879352
2026439871
300095194
2133033572
-694487392
-1894514152
-181455300
301343604
1948131550
-742636866
624400640
-1129025953
1582759011
214144910
288716110
-1748023456
1449512730
667380122
878192473
227729660
-803935731
-952163100
-1309360428
309079656
2019571188
1123027816
-1776521307
-869754841
1729131791
-878922657
-27469352
-1721116937
-471314891
1704377282
-215458603
700586221
1764652331
591226380
127134165
-1484073762
239174713
1205615684
2113603986
147517441
-1432921350
-519510982
1005717821
-1968760366
-984410508
-1865434864
33129141
1562477112
347731559
435349499
1390785525
966544873
-863976471
695735627
522148301
1206152461
-143618766
-2114138712
2013987284
2042673185
1635437236
1175078813
1396639644
-1369737442
1212301679
-1692059302
989835559
731559641
-761317758
937346741
-453239142
-1646391123
-1191524348
-537408654
817758512
215926870
700874516
452462019
1609125233
1759077407
-1139642578
397337873
1116232866
1005986624
-1349159232
975962364
343159167
190314113
580941052
236551328
1571804199
1334828834
-1263630096
-1790780902
-108463785
262985726
-53367341
1035403850
-1765840678
-486626067
-1621342048
1285326041
1628952384
-568040342
-887260440
-1766108035
-640276787
241508213
-1248899356
-701529221
736510900
484217786
-609021751
1911342189
-247853179
1609729011
2085185888
-940395707
-1940516894
-2027496822
-455537195
-359781743
40752249
-1850586495
-825222962
-1274795776
-217298899
1846909590
-1975951169
1321667364
-1588371050
1706032801
20995964
186588537
1939990188
-434691263
-2142011633
305908389
1076180926
-932065353
2069749707
976415233
-892840536
2143306257
1854860193
-1295519145
307271492
-1744066166
968313521
1076696301
848020000
1277715248
-2052584156
1267500226
1870297713
877452487
-1938153928
-918000105
1553808968
-679919123
-42904421
650404400
1664704515
1254774654
1016050685
1970486107
1036956677
-1231804103
1378005984
2064694577
1565386153
667381155
-119693391
1335784731
-785733773
1055835179
649159708
-1523605736
-446418296
859779470
-1899799140
-1542974788
-1672361632
34176636
652868688
-1689355141
-861392455
663772283
-97562347
1406297895
-1979164210
-1339984628
558290896
191551926
-1766417208
-41040117
-890957045
2088406345
-1558357388
402650715
-709047101
-1837957271
-1162553801
2146791874
-1244721025
-905976685
1226150206
336171792
-1544015196
-1105674506
-325479431
-158327417
1786083591
315530618
-649831735
1458486902
1489254596
394807044
-705668617
1601926182
-302744243
-323004936
171724008
882900730
-677999419
1232406527
-2069773170
996196561
-838083186
-1027750391
-389961438
-1234719058
1115246880
-1875990379
1569366799
127547547
2015479836
-1830257617
346595121
-2092217399
-1882365024
112200250
-1880366530
529060604
-514652195
-449074705
-1052156028
1746295077
849277925
265969061
-570603820
-459492784
1978303177
-1155989422
141819326
-1800352064
-1752798749
256788305
237828093
-1160635304
-136705937
809409637
1376658228
-157083077
-1118856096
-510323715
2144721371
-1650130249
-1928433551
1174340537
-305884813
1927917406
501307257
126614828
762755073
-809690251
-1078392573
-640929565
2138731705
595208338
1897870109
1162050982
-575389704
1842645376
-1679272592
409448445
-1973385609
656144229
-1866483312
-2000374283
1672465341
2073761063
1728715925
-683029725
970850261
74884362
-380576278
1232003305
-1770193855
1469576349
-1489975452
504481528
-2102043602
460825302
1910817430
887019541
381690856
1632380028
1362497379
-770625762
-636556401
577874629
421580756
-359487409
280985867
51859519
-32178902
-431738175
190002492
915910642
-207021513
-1145358796
-395229066
1067535046
-116050199
-1438052083
687811116
-1716166878
1025644839
-521276767
609255402
1489639126
-777937185
-752314957
802957192
-783864006
1782754655
1537777467
-83711844
610434967
-589020700
-1593727639
-1220163280
2102657476
531658608
-975625496
-1625802316
690962708
-1132358176
350870119
-194540490
-408267921
-559907267
-1512346028
-1015944497
-1392983874
-1861416879
-2104151830
1771848032
-27067252
-1653201539
2040492141
-636170626
1923700201
-133112630
-375995468
-698789974
650871186
1339716669
-1880548632
1048001733
96215630
1455643502
1783404682
1599063746
404353946
-1761236133
-220432710
-745501283
377387656
1002655609
-624395083
1907179915
-1215536925
1882532876
457689247
-1657429134
-1729765737
-747252297
-129502846
-1750689638
-1042950833
-1131958698
-530725482
-2087959131
234652256
-2082505973
-234018622
1337353404
-402986267
-356923497
466736994
-1096856821
-1641650646
-971855126
313200970
-80129682
-402658739
-528695044
-964136693
1599968364
1891696418
1015901661
488010612
609369955
336231255
2120334859
-431131813
177067781
-69242920
-685737981
-1962009187
-1371523326
-1395071628
-1097649382
-2126339742
1098987270
-584757056
-1908832372
984359077
-24106266
1857085499
2077666261
-268950285
-2087800299
721553586
-525659329
1093803122
-791377316
-1306004506
1670439356
1398874916
715217354
332313963
-934590219
-1990026131
835494888
-1939379758
1925587618
-1474928430
610491953
244360202
1258576923
-1678146557
304469952
1825426691
-1554970833
-325519589
-1865422773
-681420397
657466420
1897237285
-62875057
-804259171
466188639
344397793
-566901620
-272290961
1532562261
1906625224
-1146927436
-1019493780
1238764289
250929742
838131038
1633511402
1924811944
-534357658
805617984
457054045
-874406854
-94681269
-863992419
266014388
-1860599063
-1202522244
421063164
2010042371
-194031105
-1127285241
-1636789478
-49211039
835946220
-1249981430
1669914401
1659107091
-24716130
-1687058314
1940605209
-2139270167
1865850389
-1748618986
1656819613
537832424
-1074590154
407783375
-252570926
-1715288792
1887697118
-262696919
1853824405
157520639
-1018379975
1377149197
526061043
869836639
1311932757
-1251193136
-1907781411
-1445931396
957091569
1567109488
1753310492
1693446321
1431107995
-1631401188
943413634
520337060
471455225
-1817963783
-1250526623
1968270247
335899238
-743741405
-1412619711
-1354782111
1000050880
-1620692751
-641867316
-1112121427
47702399
-1006982532
478573325
-372699199
-1728873462
590457954
-1830933543
1004390803
-287932347
494036167
-1279220851
449145975
-1372648082
854544540
743473145
308290572
-2097620439
-1351355357
1810210203
1437810265
-1101153832
2100762546
1188628239
117686322
1871225648
-1223848778
-355176506
-606381088
1183452169
-308953350
1502750198
2031332864
-1207587212
2108986921
-866799663
777905323
55511826
-985633903
1110738936
930821335
-1592050525
1832851497
1086958898
-1380138500
-1002180387
-1545052459
-1587152552
346545146
-1853842818
-1142016281
2138731412
1124448057
1941450916
-1096762647
-820440630
343147281
-102822052
-1684291687
1329306965
821953132
1316605304
-1895278796
-364400906
-1768158550
18291620
1734132983
-750651896
-705590076
1151336635
-1725324062
-426623240
-293598029
1132398422
-1557443649
-581112587
-653808878
-510381914
-2101173406
-2121409821
1865688322
1827979395
-1050081487
1107023764
-130060723
-422365500
-1696144154
-1194643143
287394253
-690157103
-1974655597
229180438
1853195278
-98503051
489530086
-1327480716
2092479538
-1670776584
-1316016978
115645404
-1290426603
1697137516
-270671203
-50404991
1945884848
-926759609
-1629428145
-1702275587
660185026
-373221326
1489676682
-572382656
1255862188
1541858847
-1375118137
740620741
523752604
458693793
684802545
1578921989
1554779630
-463044233
867362668
-957435600
-1771869490
-2094367639
707497816
688951834
859622689
1430923863
1681803030
1464150899
-872417627
308612494
839414538
-1725991877
1648395350
-1866207395
-768814430
-404844684
-236274669
171820775
303841431
-1059798760
-266530687
-645678789
-1712082061
-652984755
381386543
-1885043039
-887405998
572280022
-2091373317
-37160650
2034905580
-1410046515
1943987379
-1792005957
-850375214
1573539727
1915182078
-1735678039
4526583
-972856586
1399612029
-1555501688
-926848911
1694527437
1071931181
911643264
-1026490495
-2049510272
-744898546
1271476272
-1969980464
-1657168621
174604297
-2069038146
-245495045
469056853
-403822834
-1014076114
-1448732079
-150554028
-410064772
-199915529
130954715
-559835373
446088134
833919187
1350849436
784734330
962939730
1579449558
1375276825
981546125
-1166084700
-1049246270
1195350299
1306509536
-1916527429
1377783704
-581541966
-180251574
1426984891
1760041842
2076422781
173051865
-1269228853
-1542225008
262268713
850051845
-1800623808
-1542185809
-1414872522
-779215065
1415636475
-1149577055
-2104875007
-1882755541
-546079218
421346842
2126273022
588087428
1905486245
-406402617
-188988348
-1291008416
1537597219
930532516
1435148110
1576454172
-33237877
-1301455986
417262079
-475254278
1373221665
1767842839
1272938470
1288660753
-855826096
-1085195623
-884060221
-1787244668
1055852238
1545287053
1928066634
-1994041866
-116904195
1302276637
-1079295706
1510656061
1245261204
950820343
325803584
1216679765
364931454
-730152349
126827328
1393193622
1048277506
1677364375
-601040557
1128553001
1410728483
-2011922615
-336094929
348996792
-1768204728
-2102609530
1035256659
753656932
370456608
-855433534
1933168787
-475097348
-1456839489
170503215
-672647469
-1521898133
1298805004
-1057337519
-1785545198
1506686576
-2144759713
-1652878894
-889937494
-1602862955
1714348390
154709650
-1834810923
-836843687
1957176648
-770907134
-253400717
56016815
1840481547
138876850
308964361
1223554987
941639994
-1115480281
-2120638452
-1721385606
-1688918079
1977827826
-1131120288
1833992595
-1884091364
-618673923
1728825371
-1748178900
1603911088
355446567
-1188569203
-2112094738
-1482291080
1819494163
-1809995388
-1726381077
-1541977116
-293410243
501950923
-1336375601
-1882942467
1985021261
73020916
1544926549
-186146612
57677231
-1542429353
-1605096963
596017148
-532517789
-1486914214
-1752130565
-492135234
-320681455
570023409
-641586318
1528719852
166864992
1591915112
-467714847
173607537
879248519
757721696
-1366288419
-992896025
1598668579
1652571926
337657088
-697694335
-2097158837
-122697493
56272673
-1338278614
289109729
-792073952
1368157125
990706926
-250806741
-56390688
-72585516
1734251161
510823585
-247134589
6167951
1702504349
-599527160
864228880
1802527937
-1415246024
1147386559
-1354055164
-1281796556
-1801735978
-1448305064
-1031657647
-230543002
-1892485965
1182273385
570191785
2050933629
395400900
-1022090332
-1306560261
-796503433
-1389640745
910955301
-1984040643
1756596133
-1127176968
-259528181
-191829396
-646705831
-1244807913
222117705
132655824
-1972907042
-756826905
-407632707
1473822084
1618686376
1032106248
-188758910
2040891189
1455837900
973647463
-1942036606
697688873
-1548768335
-1068080923
272015694
1261079683
1538679559
-332177354
-444842703
1122064325
2418424
-716542197
2017986689
-860061547
255533470
-818673549
1058113081
-355823677
811794612
-1615863938
1558714308
-1892147830
-1594276721
-1694223069
1130719003
2118448149
-262157746
-1503516573
-258744815
-1844816315
867026256
477914285
536133357
345534129
-1515873306
1534055044
-730418631
-1731384595
501177161
586427998
-320414247
1738999567
361887438
-926635569
980670814
-755331729
-1336621481
-175179033
-1568992356
530157229
-959055859
146374103
-682721927
476534263
-2011567797
1127697626
-534147577
1103453579
1721932509
1806398033
208270293
-2122823813
-1591888791
512399664
-1433303167
-354607441
1831521069
1845288857
1708938130
1581458480
900915178
-1120423995
244237700
-1396790109
1214597151
-333331669
-1496490973
1678627346
-159549830
1620161498
1225811740
-529531406
-2026350965
1419362346
593210320
215846753
1301753786
56206483
-1400175765
-48422482
-629587077
-235294756
344081973
-1995950306
787782335
654341495
-31451097
-1926673427
1147778733
-916012501
-407344447
-17197677
1867847825
1625536243
1842661402
-1432030649
2057098516
-198889946
1229306680
161402056
-1169709395
373739223
-1636701791
79362138
1366176599
-853773698
-846941646
-1104557810
118389124
738902231
1793549614
1340533831
57972817
-982309367
-1433572967
639550840
-613718278
1298564875
944563143
-1425648846
1251643279
899962947
-385699537
115204189
-1029758745
-752747921
-1395012220
-208206395
-1949905963
179339720
-805604090
68861912
505757593
1125469028
-1787914220
1001692333
-918660711
-1051982629
356676614
-1493940664
-587785135
-705754579
-1668717255
-1800999652
-1423269498
-1154662941
-2006563222
-1751230768
-1252033599
1870839667
918548807
689149254
-1326630149
-1663294488
-2074889149
1674553816
883493012
-64875326
-770125399
841259236
-1993634166
212171034
1886673908
-2140819062
1462869478
868388106
-421657763
-1422520908
-1581496199
-577533109
-7624524
-789541290
1655464392
1509018910
29542771
-941828106
1004575556
1804502128
-1479796465
-468118674
1805430718
-1344637896
1081531281
408450800
-1267510759
-1341764829
81712485
1074977611
1179898688
-203717517
50390130
-121511572
989311834
1623716644
1909954154
-1903399898
-1560571332
2020891472
-981839774
1602843189
-441306337
1021361619
776919972
869231744
-1149794414
310852146
788949956
1612047517
-332073551
-2052019528
-820219407
-519903334
1227312535
1563713250
1679741324
-1097441030
-720756208
-2071029764
-1871951362
-37641731
1876129939
-1747997685
-1819334202
-1034315483
-1905916817
-408947987
1546100432
1500937716
-363896509
-1330454082
-2034616307
205255929
-1123352398
-1295648642
-51614657
1899032589
211402583
-437361168
-1224590828
-1761685798
130634999
2076345796
51197302
-1159494756
512103413
-1021666056
191796769
798670891
-918246390
-1426687878
1448287093
-750883016
691594292
701223441
-353838707
-1545667114
1558806511
-2074370178
1283212175
530069820
-1862220894
-2140491810
-1062533307
-1645230903
792480860
-828621998
1638960620
1905683527
-1135202625
426985697
1773745740
-1552558477
-722693828
141168284
1567005704
2122865597
-1744030336
1667018754
1132494903
-141490869
-1353341651
1047985830
-1015863502
-2002388925
-264755
2007703822
-1124778065
786420041
274159619
-1095679010
-298014962
1822733382
-223025662
770619702
1556782835
489559147
1655727427
396700247
340609044
1649703029
-33820814
-307183732
681408083
1687994162
-1757104472
220619335
-927124978
590784579
-2128389921
412188041
975993526
1448387874
-84314462
1839390855
992943774
-700369306
965050628
202942346
418888725
85350726
-1542393134
-37662954
-1722204234
339724635
212625675
1761236302
534868989
1647909545
-651145584
36507030
2035578398
-1803227169
720375575
-2083353990
-810933231
-34942754
796460389
1236386253
556521457
-1780652681
1955961020
-1583788267
1885471878
-1950148488
-1604305519
-66553818
-714701024
-470325527
-2101785214
-397322228
-852901210
-1661247597
-2094142842
-604482514
361093101
1840256705
-728931995
-1162657873
651988813
433984074
692961131
497864983
-760101006
-1124535859
1756860248
-1948824014
-1283621521
-465643714
-673451622
1818464824
973980184
1162302370
2044167101
371184173
562180240
-1257382890
-65549534
1020511114
-1586513376
1774193429
746591982
1189480733
-1621828790
-1218956807
-1012527803
334563885
-2106356195
1351679682
-1137879112
514562017
-660107829
-1689830891
-1261624581
-68418335
891600760
355131784
469853659
1003655997
