1453104428
1736290077
1611833929
913025922
-1491940249
-154869775
465643448
1454097125
-295878023
1956295688
856364203
-1981286241
1918046773
-1847544210
88794547
-1407032936
409104275
-697301363
-316988378
-263420147
930518215
305912242
1242833750
33402294
-2085722993
1297879241
1082907909
-584848598
1848270284
-2147162517
2014486807
15117698
-1735543724
2017261850
-438399863
1832360253
959947526
141768139
-50136158
1526260067
1878477598
1814718116
1114663783
-1821475348
340636873
1191733765
-1047757229
388097121
-881408773
-1963764276
-1359407033
-1397348669
-1632945024
1002900181
1427948991
1604623532
-1768221615
-2033058625
1349378630
-1145537868
1631636264
300954101
-73059797
513932310
-534546346
503824364
2098455413
593494674
-400115756
-82163799
698624531
1841909908
107266967
-44878202
1456139095
-714292843
-394244569
1253232436
1579429029
-1601035072
127988338
1685208835
-1696908953
-1868849703
1965444317
-1371716768
-711281597
2057416794
-2075455077
-1675484257
-1496316016
-131966754
1974645826
-689896709
1137764613
-163718974
108098715
156225242
1495852211
75634697
-1396185927
689458516
-1639963851
-655376000
-1899479988
-1385558026
-1007952091
-1947042526
-1683157706
261246658
59522513
918023357
1024339294
805826426
-1637712082
1726435029
2056907204
1587166493
-133842676
-294261817
650499798
576000945
42701194
57848113
1313591809
-845839293
-2107790131
476422033
343738506
150353196
1242284524
277212715
-591521891
-328531307
787843886
2043939120
-350447194
-581459140
-844692105
1213386268
-467684129
585454967
-1552633090
-1553094049
-67469527
597153913
-510864061
1196392511
-2141172960
945960403
932041280
1237874172
1403531881
1719672638
-1476314914
-878767308
485388621
-1704926057
-81913686
1644908681
1689741195
-415414742
992780488
-1361019520
-1451142551
415344434
-1391445465
-2032852820
418321420
-1832229728
1042059509
1789277707
168270857
382227483
1772962133
-607817809
1756022075
-616583352
473897807
-31957856
-485114666
1077145418
1111831048
-263677440
358500028
-411607924
501426738
-1719438736
-177376498
-1443014979
-2091287611
1351192498
158832902
-1480943332
-7890194
-1965710705
880323332
-426836235
699612232
-1381292805
756627430
-1033335702
-385669047
-2075354506
-1529762404
-41435274
-368094722
-928320844
879145210
-137794257
2026841338
2094396031
-650993968
1733996362
977944203
-1785739556
157125175
-1870682652
385812015
400828013
-1788457939
626921855
-30025402
1590011157
-126584732
-1505162934
-357646840
-1195762207
-1206629546
-820293212
-712846920
180967205
-1267014244
-1694361886
-1678645735
594494694
226650240
-168685488
-1956117983
142970231
-1686976560
-568504458
-2087863828
-735169434
379938037
-1872740453
-739143181
-788295784
1667155779
889231758
151511421
57666226
555419025
914444195
1445062741
1599175866
2067707148
385529340
-1227617348
-1539992578
1172795720
-644453623
-45191519
2042633268
-105623145
1371718737
-72722161
-2021465374
101703582
1219085169
-1352523034
702168575
-401972444
397662053
-1487890995
916125914
1164744493
1151266310
-789579162
1253550907
362290247
-852059693
-262126396
63037127
1431059491
507662323
1933513753
-1483888984
1689965158
1728774778
936606131
1199869293
-1715310911
-651584789
-1548043479
-1096876754
-1344273345
-278652675
-832404527
-1094089229
364624349
-1770563166
393230708
-554850731
-94785441
-737686972
-1224972220
-2077492635
-751775391
-1697412015
1485077006
22017229
-1644758101
-203109127
-1058788181
761497141
-1374478135
-1691658954
-1362396228
1875597032
-1952765989
-19884532
1530720661
733640374
-2117293655
470398226
938185593
139896603
-2108892678
-1637917392
856612104
-1395350624
443363877
-1751427159
112623349
-1436152703
1433907432
185086299
68080891
-548874353
-1814117512
-827363259
-1398651119
685927255
-128308264
621223242
62065115
-1395734396
45840494
558343732
1133245028
-328309375
165273810
-458269702
-178368246
-1308385182
1537121257
193532229
-382859335
1276832516
154665778
-98591440
1168920411
2047284594
-1895098529
-333429169
-1594564465
-2064819574
828389927
-1064674829
-2111278184
-898428192
-1186909862
157971371
-1139094633
584659425
902547253
1032075532
570015996
443543867
379427831
1660259765
993394490
-1609609604
-1053623117
-1056275571
-615683654
635911929
643552104
1026132814
396516369
-104546832
-1551432626
-550262457
-1333118604
-334030608
114674802
2100081245
108068715
-70050183
300807556
-390343342
2006372292
1325929182
-1617235217
-615189431
298296778
248811378
951794730
-1142975863
-591615306
-140005405
-1627883442
-1430758783
1490672998
1721577952
-1533128985
-1019838453
-906886836
411659010
-1446186482
1957593844
1642465448
-1993066264
-1249790537
1015027132
-1433113095
663768996
1572948038
-279630695
-1394593616
1219398229
1658085480
1838446785
987654439
-1392303596
-280955872
-429272087
-1598773296
1955393299
372722976
1105944584
1906414513
-724756477
1036750426
-2046140576
-2142471153
-1182805066
1187610325
-412415810
-1710239383
-2064834298
846835140
388946943
-809649752
1622317300
-863222829
1701919446
-493014125
1515568915
500110788
-1511110195
1968274824
-503286745
-1734751174
-716677751
2101654376
331312904
-1825295147
971012177
-313927725
-2034966580
-1675095938
-679830575
-323371883
-1607491292
-240061693
1093595930
445742687
-1397122042
764544997
498407660
1095796665
1026965900
1656934512
-1893269961
-1715515593
-1806418149
669069068
1697461471
-676903702
-819736377
-1721216045
-681663809
-15228135
81090038
1452367459
163176689
-1571154383
-474346429
79415540
-557921461
326463481
2128286884
2089349292
1846740011
659282441
-1642518834
2058833713
-1274777481
-146457732
621385431
1786722688
-773263393
541967844
552309021
-1728301059
562746725
234610046
-27611034
642468810
-758782946
506450086
-367898040
985118043
846255161
-1213001076
-1217966645
433393738
-1058298816
-1534857944
-111939508
1811863655
359348894
701881963
-1840487261
-1650283501
631184224
-207743818
-1982863224
876339149
-539609537
721862287
-955419598
-130271475
1418989790
496705938
-1674004416
1787221584
-1277701809
296332452
815175132
417317492
-1502941989
309885295
-1911130851
-2013036219
-1801093374
666628361
-994042451
-381702313
108170432
109479926
-2137786965
362716949
-1002522607
-2115779248
-668974
256202010
-769644617
-171964092
1603832282
-473664065
-567367878
1793181376
526616606
1561458676
-1527823568
231744618
-265272450
-1276464813
52880830
-1077004077
-1094075258
-88600718
-1885620386
2010207724
1803865807
1560777336
1367689186
-53733448
828058533
-1972970254
1709687736
1376725571
-773268758
-1118802713
-1760118418
1159461586
-1220123079
620909097
1113600888
-1454061477
1337463374
-52857363
-1599526351
1689831223
-2083730780
308365213
466653727
-393065451
-1005739169
-1108286739
-868316549
-1528286671
1644762476
-1918106836
1280929775
-2065502010
-1215080218
-649111588
-1963796575
1349063617
-1463320133
-1147859324
911914607
-1556214858
-672447857
762815939
1340553340
-282490601
403798495
895901096
-945550101
341628579
1517677929
-639641279
29633002
-1800476901
760141771
823969137
2006797554
1251936827
2138516586
-138569466
1688517452
395934952
1964946837
1544274443
-2124871978
-587708251
-858033943
-2087725991
444390151
-1410455989
1682558454
-222065292
-2034035153
-1053796359
2116006690
-1279278701
-934497533
621784648
1265659085
2117305856
2120042073
-1493160765
354282166
1777544354
-1498213073
395444630
190181276
-482155305
-918812943
-992623484
-306178264
-974514809
1152448506
777072926
1240192521
525976694
-1825230757
-163000271
886823008
570531544
-1951399204
1232487551
176054879
563377962
728946751
1133129394
-1464297684
-357151681
605956811
1767103629
-1247491574
-1382339176
-673434104
-933742748
402800058
-742420231
842030790
-96164402
-807995873
441969976
-1039755420
2017580184
-1440055264
-425808297
43926606
-772433156
-674573359
201643733
10511559
1833070098
-1703234347
-944053696
-1486289944
298194821
133903613
-28525298
1820866023
1157669770
894975284
1483007405
-1258347108
757578254
16400543
-1871181095
-452856255
-1875257554
-1786937856
-1923368148
1213169017
-2044193044
-1267633317
182450683
-490989165
2133100574
-718706725
-357773985
1050486799
1838037673
1123102709
-2111694448
-1114185632
-992772881
629641165
-1760993926
270964467
-684327803
-521019431
1372464265
-715150225
585350697
-2066556988
1642807751
250719550
-1097654030
1101570964
1703421993
-504208052
771711177
-1712019698
1763898405
-481367026
176573463
2022806360
-321324408
192081094
-1560338240
-1834831136
1135145093
-1724668
-1158822833
-1127116932
-1557724912
261137263
330615665
-1086499117
-1194564756
1868265669
1302070439
-70147846
-896448765
-1526334176
-911705545
233864545
337193077
-840413318
-1818353821
-1296700944
1437000690
-2100943502
2085788893
1960384620
395253964
2037000527
-1560547207
412231199
-2127252921
-326454203
-543370204
-785307208
1728358835
46754039
744235028
1031650159
1285772733
1790145085
515087424
-1077650580
147774209
-1279235546
1060500754
1693014633
-727739934
1604988224
242403163
2033133717
1091073437
-1940382186
1920661383
-1948766533
-1861816164
-2126734087
1106692113
-894790237
-1642948088
1940633603
2061656888
-1109483592
-598558559
-660711592
857525235
-630818581
-2044158255
2009426351
1933601313
-1777819434
-134532099
-804989680
1610327556
-2068557021
-148816098
-525979681
2123581168
185176622
-158513520
17794584
-1784706753
-981157912
1924602153
-1966428453
-156229753
1884795135
-1855171443
-345115093
-1617784050
-805747141
1123187905
1975459570
230274942
1746212907
-176523011
2004222280
989603284
739062016
1536068037
-1282127628
-1546980706
1541951672
-14611398
748427314
2069959525
1888900990
510893741
-297299274
360654695
-182029744
863206004
1342149872
-967927927
-165614110
849417985
-2005918830
-213761653
-151989311
23489071
-1283645618
712647293
761771451
1847613919
-154998556
-460147599
-819442818
2069181123
-637984421
505410417
443205247
-1931790215
1346380430
1973370291
760741917
-967859493
970214377
-1616215286
-748231163
258972821
991649652
820672416
-252065577
-236316937
-759420143
1257029090
-919637751
643467019
1286668801
836647866
-894034420
-930488342
4836012
880348931
212652972
-15442357
-1424317279
1350096185
-25060932
1835530588
1864395482
1138702960
-1149136399
569937108
1060410949
561906567
-826669042
1254363209
1585333375
1423640477
1008197697
-787320898
237397730
1238748354
983893965
-402531969
-462332479
-1631732751
-140915736
-2127981263
1640006641
251863102
-453887259
-1129662428
-1088262516
-1063492277
-829033578
-1750643988
1061217521
-1579398912
690161387
-91376593
1508365582
1477244026
-1689071650
-1859158849
1280362465
1542402116
-1594235501
-1770536726
286431803
930883524
-1290630214
-1777933551
-1437762106
188444663
-1655487177
-1942072457
1806141002
677791072
2110352645
1252032858
-2144450773
1932277053
1611266391
2014726471
-160021195
-1526946308
-368521985
1542223018
-476495716
1560015596
919157523
611393188
-1472160963
469897015
-1189044019
-532540895
-1845928150
-320084976
-252823117
-1730513624
987998565
552066600
1572442615
654267765
1923579114
1962499685
-1931789536
-1953502652
-1313521166
1635123669
1835640553
-97018001
729314678
-1459948320
1667124328
-724746821
1502039281
1502070205
1946516338
-1492401043
692212330
-347117017
-1978826179
-1475950556
-352109391
-2069402545
1303382343
1518693090
1579845608
1686663956
-1615148681
-460570261
474976837
1016240497
183173249
-2112898606
-1613807339
-1145353930
-1201584242
-1001531568
-617516541
-1963881222
-936792037
-404269225
-6439783
-1872687793
-1473361120
-1933732890
-1659090937
-204788425
-794263947
891008798
-1343768285
1240529367
2139606129
-1425599467
-1360954191
-1518345878
-628428332
1543223530
143258083
1822319991
-1540194842
-770208230
837957922
-1974125498
679626975
789026576
104180494
1709479312
-1778815863
1177561090
-2124071996
1859942005
-478239965
297936122
800018014
-1362468686
393818249
2130484786
221428927
-809649902
221034897
1106992549
613685135
889692453
636530102
-1368901150
1448632964
-390973393
37889787
-1318174174
964219107
930510691
-449223671
-2018830435
-1697167802
1303846224
-1579532134
-926152680
1836294047
628776091
1732857882
-683033150
-323090308
-1362935314
-714768757
-1232168896
-1251811188
-1673067216
14703528
436273926
-474942111
1703524854
1659728973
489446632
293803127
1345393464
-1354539499
1171801328
-727565964
336801351
-1448126140
226975857
572906673
-1955424002
-316232473
1708387932
2141988344
-365426888
659497274
1001503697
-123992177
-284333183
925514825
2114080249
1883211125
524642063
1780819161
1164006674
-1314607893
1303725299
1787383687
1792851147
-535297995
-866716533
1667783218
