-302138169
-1007914999
-468563786
-576969501
443404687
1699186424
-1609896429
111760397
964138955
2020084529
-1517760214
-842346045
252884652
-512124162
1786706512
-1110117443
-442216975
-79032241
1416915011
991096979
-1248204421
-1886769478
1813364715
-300259493
-259548640
408726978
956678978
-413319785
-103921729
-1890245797
-1798716529
1012987726
1233948819
1880920749
936280793
-464458376
-1880241716
-1677090024
-1839908710
1964181150
1141896539
1146536824
-1545622093
1516033474
1139982605
981515689
-1582455904
-1614724229
1198449371
368868941
2001533676
999105892
945186431
-1675946804
1449217255
1691051959
718520394
517943196
1809771669
959425844
-333006540
-101214015
1681949416
1244694855
2017167412
-1773767017
486390322
1904785513
1099541714
345330895
-620974892
250149573
124608250
-611173962
-1289811141
-249924321
117942289
875711421
-827904755
913030129
-18974387
375049013
-1740602978
1363209430
-1221110975
2121884761
456790952
-1472103892
1304187575
-1748951663
1547244603
1948552435
1000650433
-1236179467
-862674702
566698235
530002962
1289816079
1055603047
-1673183426
-2129811063
-2099313435
-1214933016
444725898
-1620637170
-560489675
-845029014
-467660189
-1806856287
722206466
-63086403
-1515757530
-1662743632
-1357937329
-1608367871
1756459633
-795711320
1260734506
2080504664
-843449662
1282453709
-1044019477
-1992528932
1339421022
1622486606
1784825533
-893468205
-513895565
1728346259
-1091111075
2112143137
835428224
-154172710
2120687650
-1008076035
717911028
1692598273
-1347659460
220208103
1398141973
644394916
1528042816
-1191559975
-1787996381
1795680362
-1009647901
-2108886596
-1941551684
1054077852
-986452219
556113693
-675747454
-930345481
1880145649
-1298982624
-1402285318
-593878590
1591442147
-840647244
-785917513
-1904570847
1968748745
92569096
-1356440905
-1442279509
-326363314
-354186435
-286885620
-506454470
-263182061
-2143774116
338838718
-264285181
-2106896321
2068444041
-1816204305
614380005
1662537273
2037170296
1112365632
-1420241659
18975668
-1719251424
-1305810317
-124816998
-937796373
611530159
-287764911
-846944507
-365836755
2047058109
28119246
1782382884
550405276
1341856963
598169194
1043315431
-69443791
343257550
2060697561
1243616802
-1615920126
-1929695121
-1568992538
-342631260
887027143
1654975221
260541843
-720871799
-2134291046
1900629469
335349637
-163020340
-660384515
1457785737
-410565218
1398519584
-526435295
-794243280
-1507367957
-1750145025
-860917659
127511318
-1020036671
1133883906
1699370780
-1772505604
2087312418
-447511693
812150931
277318616
-1995726236
-104764128
1511204689
1618126281
-1710730988
-56705679
1618661280
-709247676
1820249879
1525135549
-236020916
495955603
-1116337902
1936655064
-1350990422
659000960
-1896749301
-2136240656
-1047299109
-1264588979
-105940912
594944665
-41532078
-1068478234
1981643159
-1634806491
639234194
769382489
-1194026650
-2022441927
18139196
1054730885
891625140
2006547612
962008136
-349260271
965072336
-358056366
-2095371374
2107062432
-1341495422
274521833
694589848
1033661250
-2033877393
-1676217070
155278466
-1418968531
-211984703
244152690
1158971233
208565164
1616892935
812951738
1759614139
413547094
877435225
1689055988
-753347257
1378977411
-2011455553
-1629696992
-2048137484
1946505980
-1351166254
2105438719
-698904528
-355593999
1848990628
-1381778643
285137766
500588335
1193292252
406799221
899051207
-1924824943
1172761381
-1243379360
1883708492
1244284343
1940709577
1809699087
1499131388
-757178890
553509784
1033625674
519582314
-426163314
-746355186
-190257192
920800641
-590792926
-809343820
1233071632
-1217375869
-1690567068
1773736134
-2060366160
-345660337
-2138547697
-391085803
-1865997332
-1940310814
-909875430
1697131823
-799560502
2132542751
-492544214
-1983498564
-290814804
760744914
551578695
467027242
-1480540114
598520562
242713554
459798412
-2041691342
1948153382
894467254
-1060630337
-1758862280
1174627722
1763300574
-1692548658
256635122
-1091661646
-1789142554
1017624215
1515710487
397975022
-726128364
-1163212626
-1440252809
-840691249
-158549367
2078178432
-392546993
-931132694
-119542861
1849797819
1833844702
1351906779
1893612805
1996752877
1981564471
-2075198068
1804187370
1524057195
-1803985063
-1848099913
902179318
885337715
-662737796
1865215401
1710014046
-204082027
-577931347
-674287289
-725317974
111433294
829876124
1138757206
1197803944
-38561547
659659956
-26095626
-362612829
1278568154
-1621079188
-286789009
1744207573
-1725170517
-677926948
-1958631121
164492057
448219417
-116246893
2071478547
-1556693788
-249437508
-407906649
-118824219
-864959626
1093466164
1197168908
-328893915
-1817721269
594058896
-1220429527
1105773580
910514648
1129849330
-1007957336
657836749
-1379042445
49822834
-287018867
-1048620771
145551506
272062274
-1566396022
-339217931
1233642807
-531744237
-854573680
1520171158
824081835
1793707191
-814073687
-280873779
796675945
-1694707960
826498820
1953451896
1005712733
924494599
411817553
-1791270072
1872180046
-576010937
-1703657393
-992879161
-1761125225
475393932
-253304158
1850731677
485552669
-1945771602
388691945
281410318
2066525052
1038671043
372473360
-1751841850
178216835
409590908
-690219550
61389528
-2039644190
389020367
-396638239
1385944068
-868344799
-1388451370
-1520516519
-35395272
1823907796
-428562442
800416946
-1309227687
204980237
-733294013
446180358
1144198978
-1485353967
1924938019
1667585267
41079052
-1055271603
-1937007823
-1313454415
1221441423
-1205181814
1663740515
1056447334
-1384716759
-360865185
-1925529746
1284757944
-536327491
1693536487
-790962328
-1687669852
-1388618242
1162855604
-887228497
-518005107
306093037
1370150659
911111177
218945688
1338736800
-696214736
861049612
803352374
-451343036
2066717036
1641487552
-1121248511
-234677916
1114079404
-182689918
1811383500
-427887510
1704887268
-1701079254
1394821108
-1879434394
-1503472012
-1569119632
